3
7
Z
260
19
8
8
421
1
488
7
163
5
43
2
213
3
24
4
349
0
96
13
271
6
480
2
474
4
193
0
346
10
50
10
497
4
157
5
342
3
484
12
A
180
4
128
26
9
21
313
39
209
29
E
260
14
62
0
336
14
344
13
368
8
199
15
195
12
228
6
180
2
433
11
350
16
27
13
63
15
191
9
159
4
F
260
19
183
0
141
5
283
12
164
2
374
10
439
0
229
7
407
10
483
3
478
8
68
2
347
10
73
8
393
13
58
9
328
7
126
9
309
7
166
4
J
280
17
442
4
469
1
124
14
394
3
116
13
441
0
290
16
66
12
448
12
345
14
356
7
1
12
482
4
481
14
437
3
281
0
6
5
V
200
15
22
10
186
1
109
4
492
4
7
11
316
7
454
11
302
7
275
12
130
12
278
13
389
13
158
6
121
1
74
2
I
360
3
451
106
4
104
106
102
V
