3
19
N
220
10
220
20
194
4
370
17
160
6
274
10
477
19
206
11
399
14
443
6
253
16
G
380
15
74
15
197
22
339
0
268
10
283
18
492
20
92
0
1
23
309
6
2
17
328
19
0
4
383
4
165
3
190
10
S
100
3
120
24
108
4
86
28
K
180
13
29
5
171
9
216
12
254
1
228
3
429
4
462
2
303
13
31
5
263
2
218
9
53
1
489
0
E
360
10
102
5
187
25
291
13
377
25
10
12
302
22
470
19
65
20
288
24
389
35
Q
360
15
271
14
296
16
224
19
85
19
256
18
163
13
186
10
441
24
24
23
246
18
175
7
30
5
209
21
15
0
126
20
Y
260
5
257
6
404
42
207
26
25
52
375
7
A
180
17
335
8
424
6
407
8
276
4
360
7
127
6
418
3
113
8
384
0
368
9
64
9
233
8
203
7
191
2
349
10
11
0
330
8
D
340
11
41
26
393
29
416
24
459
11
251
12
391
12
237
26
219
18
18
15
340
13
469
1
Z
260
11
47
17
386
6
423
12
128
8
486
20
213
21
144
6
112
13
39
14
285
5
131
12
C
180
16
145
1
189
11
409
9
208
2
369
5
174
8
432
9
148
6
272
1
84
5
252
3
394
4
350
3
355
11
83
1
396
1
M
120
4
226
2
67
11
316
5
467
23
F
260
18
310
12
205
4
100
5
21
10
13
6
248
7
366
6
415
12
33
4
430
1
444
6
3
6
19
5
473
1
262
7
398
6
427
13
167
0
J
340
5
464
56
293
60
168
38
231
31
298
41
W
240
5
414
33
99
34
241
0
230
25
381
33
V
160
8
5
12
438
7
267
13
107
19
390
15
329
2
20
14
162
18
B
240
7
400
4
361
5
445
30
195
27
140
21
142
15
135
2
R
300
4
66
18
471
55
158
46
173
8
U
280
8
98
16
133
35
458
21
358
26
275
26
38
14
159
8
278
18
A
