3
21
D
160
17
8
0
322
2
297
3
103
4
475
2
31
0
64
1
420
6
271
6
125
6
480
1
284
0
460
3
239
6
445
1
443
2
373
0
Y
320
6
442
48
439
3
44
14
336
24
458
48
395
7
A
180
11
74
10
327
15
403
3
489
8
342
12
422
1
101
5
289
5
258
2
70
12
79
12
T
140
13
61
2
294
2
147
4
337
3
410
5
385
4
315
4
391
9
341
10
11
9
272
4
457
4
117
0
O
280
8
218
17
87
32
234
0
424
33
105
28
471
28
78
33
386
10
K
240
16
399
10
37
11
216
7
285
13
159
7
478
13
333
5
248
10
441
13
455
2
130
2
316
9
209
13
388
7
229
9
96
5
L
280
7
35
34
246
7
59
38
82
13
110
27
306
12
10
30
H
280
11
375
8
351
13
60
15
370
19
397
14
203
20
350
4
214
9
13
23
357
22
222
4
U
260
5
462
24
330
25
5
12
187
23
247
3
J
280
17
50
1
227
12
94
5
211
7
277
3
278
9
402
10
498
2
2
5
88
4
133
12
205
4
421
16
0
3
146
11
186
15
282
2
W
200
17
371
7
256
8
325
6
304
10
198
2
366
2
447
10
404
5
362
7
228
6
452
9
308
5
116
3
196
11
252
6
305
8
463
8
M
340
8
24
7
431
0
215
32
183
19
121
25
427
18
453
18
72
20
X
340
14
446
12
67
13
487
17
417
6
151
18
21
14
270
12
180
8
265
14
339
16
389
16
45
5
387
22
9
1
E
140
7
43
19
449
12
281
12
416
9
492
12
124
9
57
15
N
280
19
496
2
483
0
30
14
240
10
76
10
274
6
58
2
83
10
300
14
32
8
179
0
401
6
307
13
140
7
368
6
267
0
263
6
17
2
212
14
S
100
6
358
7
382
9
329
6
231
13
91
4
303
1
G
200
16
444
0
331
7
253
5
39
0
332
2
359
1
236
7
468
0
283
9
255
1
169
2
435
5
275
9
213
2
317
10
16
9
Z
100
7
484
14
148
13
380
13
171
11
226
13
92
14
81
13
V
120
7
36
16
237
7
400
15
132
11
485
1
233
16
143
12
C
340
18
102
8
476
8
201
6
396
16
335
8
221
18
97
3
184
6
177
17
104
16
235
17
377
9
28
17
450
5
425
12
328
8
22
11
119
14
B
220
13
162
16
172
13
134
9
25
15
6
1
343
2
394
16
145
4
93
2
372
8
160
12
100
0
71
14
M
