3
23
Q
220
5
487
14
221
25
212
4
67
29
400
16
C
240
11
214
19
438
13
127
9
371
16
496
1
235
16
42
5
372
17
475
20
147
8
387
10
T
360
16
398
13
446
21
283
13
262
13
347
17
405
10
200
2
19
12
454
14
88
1
251
13
319
6
213
14
421
7
480
3
102
12
A
260
6
320
8
302
25
292
35
350
24
249
6
193
43
H
160
6
374
3
399
26
433
1
219
7
437
4
110
22
B
220
15
179
12
140
14
432
12
109
4
395
11
75
5
146
3
397
11
396
12
53
8
178
12
50
9
469
10
310
11
74
10
S
160
13
57
12
463
6
120
4
444
12
452
9
234
12
331
0
486
8
90
7
280
5
122
0
153
9
465
10
J
120
4
493
1
449
18
44
10
428
6
F
360
13
268
23
297
10
54
1
36
24
192
20
26
5
322
25
279
25
14
6
6
9
344
4
402
3
370
20
R
160
12
434
0
186
6
337
1
218
1
244
5
202
4
277
1
68
11
328
6
76
11
207
0
215
0
Z
340
5
5
44
304
16
392
27
348
11
485
44
V
100
11
201
8
112
7
247
0
383
9
49
3
211
0
443
8
185
6
362
2
3
3
467
7
W
140
16
198
1
111
1
252
5
261
6
169
1
181
2
105
0
259
2
334
0
199
0
64
2
141
6
243
2
103
5
151
6
73
6
O
340
16
87
21
100
5
115
17
488
15
66
8
455
21
1
13
35
17
311
7
152
5
412
10
162
10
197
0
216
17
171
20
377
20
U
180
3
410
37
30
18
481
35
X
100
19
294
4
257
1
435
1
287
2
482
1
478
3
406
3
123
5
285
0
134
4
139
0
99
4
98
2
290
2
223
0
203
5
12
2
129
3
408
4
D
100
19
459
4
69
2
474
4
63
1
260
1
94
5
269
3
255
1
271
3
231
1
65
5
22
0
232
0
291
1
411
2
230
2
106
3
9
2
258
5
G
160
18
161
3
349
8
363
5
342
5
165
6
136
7
45
6
241
4
32
0
375
3
313
0
388
8
206
5
23
8
272
0
71
1
33
4
154
8
N
240
9
420
24
20
19
453
2
119
22
48
3
498
6
422
11
263
20
429
23
M
220
13
427
13
314
8
15
11
414
13
124
14
318
7
173
8
142
14
382
13
96
11
21
5
329
7
10
10
E
140
9
208
0
240
10
390
7
224
7
341
14
170
7
133
14
121
13
404
8
L
180
9
308
17
246
15
82
16
83
18
307
1
236
1
441
14
264
0
278
4
Y
140
14
114
4
379
0
191
10
494
0
118
8
79
2
237
8
187
2
491
0
333
2
8
3
275
5
298
5
104
9
J
