3
23
D
240
10
497
15
64
9
130
8
235
15
286
8
405
16
450
12
3
22
84
17
18
18
T
220
12
149
10
108
3
363
12
491
14
473
13
232
16
443
12
254
1
444
0
115
8
175
0
253
10
R
360
16
133
6
1
10
112
4
66
3
349
6
248
0
144
21
33
16
322
11
157
1
159
20
278
6
80
0
351
0
221
19
202
12
I
320
4
0
64
300
3
81
79
368
53
S
240
3
268
7
309
21
238
50
Y
280
17
29
7
24
5
289
16
331
14
492
4
255
2
435
14
270
8
229
10
372
6
215
14
320
16
375
13
167
2
165
5
275
1
48
4
B
260
19
315
8
365
8
383
2
136
13
394
11
207
9
5
6
370
8
480
13
98
12
62
11
126
7
26
13
132
1
56
3
241
12
96
2
170
12
429
4
H
280
14
146
12
424
16
310
10
121
18
224
10
34
8
204
6
218
19
483
3
291
15
6
11
172
15
457
7
161
1
Q
180
8
230
21
259
20
246
5
298
19
408
14
94
22
222
2
328
1
G
220
10
332
1
400
13
177
19
493
11
43
0
418
2
45
18
91
12
188
14
227
21
K
340
18
77
17
334
3
73
18
323
1
308
17
15
7
134
10
455
18
185
10
92
3
463
10
302
14
377
11
39
12
362
14
318
5
472
0
21
16
Z
300
4
486
57
193
21
407
13
147
20
A
280
17
82
0
431
5
124
3
321
0
260
13
247
15
135
5
479
14
271
0
288
4
71
9
386
1
488
6
304
10
292
10
367
15
67
7
X
260
9
190
0
338
26
467
26
360
10
155
6
191
5
398
1
417
16
441
10
O
220
3
197
55
216
16
409
24
J
360
14
219
24
86
24
153
0
187
5
343
6
387
2
4
24
482
18
356
20
430
1
459
13
7
13
107
11
451
1
C
160
9
354
16
499
10
38
12
352
14
454
15
184
16
120
4
391
5
100
9
F
340
4
462
55
277
7
113
22
47
77
E
180
12
85
10
461
14
90
2
119
4
423
3
152
2
311
8
114
12
297
6
125
12
379
1
205
12
V
260
19
13
11
141
0
413
4
257
8
110
2
117
7
474
13
11
5
228
4
14
10
139
3
142
1
156
9
154
4
200
12
93
8
178
1
317
7
287
11
W
300
12
373
4
465
13
57
19
201
3
233
10
469
22
75
10
17
16
143
21
439
18
118
9
433
25
N
320
10
181
32
97
32
183
9
186
1
438
32
269
25
422
6
203
2
489
12
252
19
P
320
3
223
93
111
13
194
80
W
