3
14
H
120
15
239
3
204
1
357
3
407
2
429
3
440
0
426
4
303
0
340
2
218
1
491
3
238
4
403
7
242
6
87
1
G
220
5
349
18
103
0
350
38
282
23
88
13
N
240
15
477
15
456
12
401
9
423
6
392
0
454
0
345
6
90
9
131
0
425
13
60
15
152
12
164
9
133
16
114
14
T
100
8
452
1
433
6
46
0
262
7
132
0
39
5
124
9
51
2
B
340
3
50
94
113
4
75
79
E
300
11
396
24
415
11
122
19
313
27
236
20
194
11
13
3
445
11
145
24
38
18
487
9
J
100
5
22
16
422
18
195
6
289
3
334
14
D
280
6
160
26
184
31
102
8
101
0
206
35
306
43
X
200
19
417
4
221
1
269
8
481
10
105
5
480
0
399
9
3
0
165
4
462
0
276
10
290
2
373
10
419
10
109
7
64
8
86
1
447
4
146
9
P
280
3
74
53
119
14
180
87
O
100
14
92
5
281
4
63
7
457
1
156
5
96
1
134
7
336
0
337
2
166
0
380
6
53
3
302
3
498
6
Y
220
15
371
10
470
13
355
1
9
6
314
7
264
0
475
10
379
2
316
0
359
2
479
6
70
3
472
12
463
4
298
11
U
180
8
213
2
293
3
108
13
58
7
489
0
317
3
190
12
250
11
Q
380
8
394
19
251
10
287
45
71
13
389
20
329
19
36
7
142
27
E
