3
7
E
320
12
218
23
138
15
497
23
316
1
308
12
84
20
373
0
349
18
239
23
325
12
104
14
121
3
R
360
17
107
1
455
3
304
5
298
9
64
4
211
18
206
15
162
13
427
1
489
4
419
19
82
15
452
1
337
5
414
11
164
19
1
6
B
180
6
321
29
289
2
439
23
278
5
123
12
56
18
L
380
10
342
19
322
12
43
12
420
10
262
33
3
36
168
35
305
9
238
12
75
31
M
160
15
446
2
6
7
449
5
490
2
109
5
215
6
214
2
198
1
194
5
296
0
76
6
387
7
385
6
353
8
471
4
O
260
6
33
5
71
0
177
36
34
3
457
6
336
40
F
300
12
351
2
426
1
371
12
395
25
396
2
67
14
465
5
23
12
96
22
451
2
280
16
432
3
L
