3
15
O
280
16
303
6
121
10
172
16
36
15
274
4
253
9
453
10
62
7
362
15
463
0
439
3
79
5
87
8
17
11
192
8
252
15
Z
360
4
472
89
341
50
379
72
156
6
A
340
14
5
16
142
19
246
21
376
2
24
5
259
7
320
18
244
17
399
14
260
0
134
18
308
22
19
15
368
1
D
180
8
280
19
396
11
486
21
152
11
434
0
41
17
148
0
54
8
X
340
19
27
16
128
8
444
14
422
15
235
8
452
17
269
7
140
7
176
15
145
8
336
8
282
11
287
15
409
0
471
1
226
7
46
11
194
5
388
0
R
140
15
160
3
234
2
13
1
482
7
72
3
311
9
99
4
466
5
89
9
117
0
329
8
65
6
6
3
49
3
206
3
I
320
11
359
1
220
10
210
2
120
15
408
20
60
16
333
18
370
9
392
16
42
23
107
6
E
240
18
137
11
130
13
179
6
177
4
155
10
20
9
332
3
249
5
451
1
38
1
90
9
449
3
498
3
347
4
324
1
193
1
73
10
283
11
L
140
3
480
0
300
40
57
14
K
260
17
477
12
175
5
214
3
242
2
228
5
431
4
141
5
351
9
271
10
178
8
0
8
278
12
289
5
199
7
364
15
382
11
1
15
T
260
11
30
9
170
10
489
21
475
4
186
3
402
1
394
12
241
10
8
0
413
8
384
12
S
120
12
438
3
305
8
4
3
248
2
168
10
265
6
372
1
262
6
139
2
435
10
302
7
12
7
H
280
8
233
6
47
18
454
25
403
17
391
18
411
19
208
15
381
27
J
160
14
491
0
286
1
456
5
35
8
354
5
313
6
410
8
377
7
204
2
237
0
476
2
443
11
373
6
330
11
B
280
8
113
12
185
8
397
16
190
35
429
18
127
4
83
11
335
22
I
