3
12
D
240
3
370
52
76
9
147
36
J
160
14
255
7
466
5
297
9
205
3
244
8
427
11
285
2
489
9
37
11
92
6
372
5
326
9
307
0
56
7
A
200
7
373
23
433
27
313
17
150
26
259
21
83
14
498
21
P
300
14
218
10
343
11
344
16
334
17
327
3
491
5
27
3
208
9
485
14
101
19
128
10
178
12
251
16
198
18
N
200
10
355
9
371
15
209
7
79
19
292
17
263
10
306
15
40
15
464
15
384
8
T
360
8
201
14
416
32
389
5
351
38
112
21
235
43
114
0
181
17
F
180
6
100
26
129
20
301
6
177
0
219
16
4
4
I
300
17
224
10
61
6
279
3
86
9
52
3
284
5
179
11
397
5
282
14
152
0
33
15
385
16
115
4
16
17
32
16
287
4
488
5
O
200
9
469
22
110
7
168
2
240
7
36
22
395
0
243
16
459
3
317
6
M
300
5
283
42
53
29
446
11
227
24
212
15
G
200
19
401
4
54
8
430
5
127
5
166
0
439
8
349
0
97
9
173
10
206
6
35
1
394
0
329
10
236
6
271
2
159
6
467
5
486
3
454
4
K
180
6
85
18
336
18
13
23
291
21
48
15
139
21
N
