3
8
C
380
8
206
28
58
47
207
44
289
6
209
46
466
38
236
47
141
15
O
160
14
412
2
492
3
273
0
316
9
60
7
376
2
32
10
78
7
256
2
25
10
117
8
476
8
188
6
129
0
S
120
12
20
3
251
5
227
7
479
0
321
1
3
6
328
3
478
2
481
8
498
2
364
4
239
4
L
240
5
100
17
225
2
219
15
246
26
407
6
Z
280
9
439
25
21
10
89
18
260
31
103
27
189
20
453
5
482
0
186
28
Y
180
13
388
0
66
8
284
9
302
10
468
9
44
0
326
0
64
4
300
11
104
4
253
5
271
0
408
10
B
260
12
156
17
243
6
36
5
389
6
431
12
23
16
462
5
247
6
205
12
474
12
1
5
13
18
M
220
7
106
30
493
13
138
5
261
14
143
5
378
3
360
16
B
