3
15
L
240
4
398
60
205
5
392
8
39
24
N
180
8
176
10
404
21
397
10
249
21
273
21
13
14
351
22
401
14
W
260
19
281
7
277
11
130
9
8
12
278
13
101
10
417
4
442
13
353
7
452
8
103
12
160
10
310
9
142
8
136
4
300
12
455
0
90
0
223
8
R
340
19
235
5
412
1
388
4
124
11
431
5
149
2
117
12
104
9
133
9
240
4
438
10
246
14
182
13
17
8
378
8
425
14
343
14
394
7
471
17
Z
160
12
40
9
26
4
362
13
252
13
1
0
282
13
68
1
450
5
29
8
315
8
3
12
413
1
H
360
15
304
6
415
15
22
15
369
10
289
7
463
10
363
9
423
19
376
24
345
21
201
24
308
11
439
5
43
13
76
10
G
140
9
383
14
481
3
5
3
31
9
187
6
457
12
66
4
377
11
290
6
M
100
19
275
1
279
2
96
2
78
1
243
1
236
0
129
0
465
4
295
0
170
3
35
2
292
5
55
1
212
3
400
4
284
3
328
2
162
5
114
5
P
120
5
427
12
293
22
391
18
266
21
189
4
I
140
17
476
0
487
2
82
6
456
4
247
0
344
1
100
1
324
0
125
2
267
5
69
3
200
8
303
4
245
6
121
3
98
8
449
1
Y
260
12
263
7
128
2
294
17
347
18
91
4
138
17
274
1
6
20
54
5
497
13
46
3
60
15
Q
220
4
37
27
436
48
59
47
64
49
A
280
13
146
9
358
16
135
12
313
4
393
4
280
4
67
18
495
12
355
17
364
13
459
13
381
21
139
21
C
260
19
16
8
407
13
79
6
50
4
18
8
241
8
286
0
224
4
470
6
272
6
336
10
437
9
192
3
341
11
317
10
7
2
169
4
63
7
140
6
O
340
4
175
45
157
82
386
51
10
60
I
