3
7
O
320
5
124
42
358
4
465
10
257
14
136
15
Q
120
14
420
2
127
5
429
7
80
8
394
2
99
8
16
4
133
3
25
1
343
0
428
4
237
2
145
6
52
7
N
180
5
273
16
366
32
194
5
474
3
352
25
H
160
4
130
7
307
38
112
6
54
8
X
340
6
362
42
23
25
47
3
365
44
344
42
78
15
K
280
7
491
11
134
38
442
29
188
29
457
33
317
12
411
20
D
160
18
396
6
222
1
470
3
483
2
454
2
160
2
9
1
72
1
105
1
101
8
96
4
414
5
143
3
195
5
245
8
83
7
427
4
495
2
Q
