3
17
R
100
4
413
22
357
20
400
23
2
24
N
340
15
1
5
251
19
131
0
192
8
172
6
431
13
405
20
147
5
312
13
72
7
219
3
434
0
9
3
375
21
117
0
S
360
8
418
31
380
14
66
42
495
24
394
37
194
1
166
44
473
6
E
320
14
13
1
168
9
11
15
275
5
385
5
102
7
207
20
89
15
274
21
175
19
369
21
329
12
244
19
290
21
T
280
13
478
8
268
9
344
14
282
1
355
13
407
6
388
7
321
9
181
19
104
2
332
15
167
17
499
1
K
240
8
196
9
137
18
433
30
59
15
79
11
359
29
121
11
17
21
L
200
17
477
1
183
9
425
8
152
2
215
7
318
6
360
6
132
2
376
1
402
6
295
10
92
4
6
2
300
8
45
9
221
2
415
9
O
240
9
391
23
301
3
370
24
27
22
436
23
426
5
217
9
263
19
149
1
U
220
7
286
16
211
5
203
13
333
27
129
23
310
18
14
26
D
240
13
216
11
291
7
384
8
336
15
51
7
25
5
487
12
209
9
115
13
277
7
327
1
416
10
88
17
F
380
5
488
41
224
61
483
7
186
16
354
21
Y
300
16
162
10
398
18
99
11
287
0
118
3
471
12
420
12
491
14
372
11
56
5
349
6
358
12
124
9
255
13
323
2
138
8
W
340
8
165
7
253
2
116
10
69
18
451
18
110
14
269
7
408
0
P
100
6
361
0
280
13
53
2
447
5
61
3
299
16
M
320
19
334
14
134
11
258
11
78
5
422
14
378
4
352
8
127
7
154
6
428
8
191
10
427
6
441
11
409
2
87
8
309
7
240
11
170
7
298
15
A
180
15
480
9
475
1
231
4
365
8
450
9
417
5
374
9
406
9
21
8
311
7
153
8
423
3
474
9
8
7
440
10
J
280
13
75
16
424
17
230
0
50
8
456
19
322
3
272
4
306
20
122
10
145
12
239
15
348
10
442
4
E
