3
9
N
380
14
98
7
249
8
361
4
363
1
291
3
120
15
459
27
396
16
239
20
390
17
6
16
45
8
128
5
58
24
Y
260
12
60
3
95
8
15
20
244
4
203
20
37
12
296
0
145
8
311
0
64
20
71
3
197
3
E
320
12
433
17
317
18
186
8
149
16
206
16
214
5
310
2
148
20
424
0
342
6
480
10
25
2
T
220
11
417
7
209
12
99
5
108
4
31
2
326
17
359
7
76
20
125
12
18
3
370
1
G
140
8
374
13
482
7
229
2
312
0
142
9
52
16
275
0
282
1
B
280
9
373
7
491
21
151
9
177
26
280
5
301
19
194
12
234
25
23
27
I
220
10
35
3
48
4
201
19
324
14
327
17
395
12
235
14
134
0
315
4
143
9
X
360
7
12
51
468
28
250
3
436
47
328
34
306
50
233
7
K
340
17
238
18
122
4
220
2
404
2
371
19
211
9
307
7
127
18
118
13
413
17
479
8
11
14
102
19
418
9
22
4
365
17
178
4
E
