3
13
D
200
11
79
0
124
15
250
3
426
18
342
10
249
16
262
10
489
2
148
10
379
17
62
9
Z
360
4
231
52
469
16
445
38
31
83
Y
280
14
225
3
58
3
340
18
59
10
7
18
246
17
99
18
119
19
204
10
49
0
199
2
188
17
493
12
22
7
G
380
6
270
40
391
23
84
17
271
22
240
43
267
42
V
300
9
306
32
235
9
80
8
127
12
323
8
57
27
21
32
310
2
178
5
R
180
19
473
8
94
6
228
3
427
6
144
4
416
5
147
9
98
8
415
4
466
0
156
9
373
9
358
0
263
1
50
8
419
1
313
5
496
5
122
2
S
180
7
104
20
168
23
5
3
429
4
458
1
72
10
490
10
L
340
4
47
47
67
48
486
56
355
4
I
100
12
172
1
210
7
321
1
439
5
389
8
401
5
92
7
1
4
307
1
247
6
455
0
331
2
B
180
18
388
3
259
8
64
2
115
9
269
2
244
9
404
10
134
0
454
7
157
4
91
1
248
9
46
8
299
6
319
2
17
3
288
2
26
9
C
120
13
63
0
450
3
359
9
135
7
334
4
68
8
421
0
329
2
76
1
42
2
438
0
278
4
327
1
A
120
12
295
1
312
8
137
10
73
2
414
0
189
4
150
4
41
4
397
7
53
5
261
2
166
10
O
340
15
462
5
215
18
347
10
413
16
132
4
96
2
444
18
140
19
459
3
87
0
492
3
193
22
322
3
384
12
27
9
A
