3
18
Z
160
4
426
32
333
3
40
1
418
13
G
140
14
50
0
77
7
307
5
486
1
473
0
416
9
23
6
143
2
440
2
180
8
56
6
370
4
118
10
337
6
Y
280
12
208
19
182
21
475
7
420
9
43
13
348
18
120
12
410
5
401
21
70
0
378
5
428
22
T
300
3
96
47
327
85
121
82
A
140
18
467
7
35
4
204
1
12
7
295
0
0
2
166
2
100
7
57
4
147
0
226
0
66
2
44
2
99
6
243
4
300
0
271
6
53
2
C
340
18
483
7
246
6
448
8
213
12
71
0
97
2
239
13
390
8
11
6
13
15
318
4
485
18
332
7
312
1
309
6
299
13
58
11
458
9
I
160
11
391
14
356
11
141
0
474
11
10
9
325
14
363
6
33
14
373
8
351
12
127
2
V
140
6
196
13
343
6
342
3
47
15
221
22
209
18
E
380
16
400
5
283
22
365
20
136
6
140
7
168
12
452
13
425
5
4
23
359
8
317
13
178
23
368
2
488
0
146
11
457
2
M
200
12
206
1
354
13
186
4
384
2
313
4
303
6
253
0
430
16
87
0
330
13
151
14
237
1
J
120
14
138
3
412
1
450
1
48
7
29
8
344
3
244
2
92
3
334
2
232
7
350
4
380
6
90
4
15
4
L
100
14
74
4
456
6
84
6
137
3
296
5
235
5
104
3
75
5
459
7
289
2
145
1
298
7
437
6
451
6
H
200
12
397
12
315
14
3
1
103
3
219
5
484
4
132
1
25
13
93
3
392
2
60
11
117
0
Q
100
5
364
6
68
16
31
2
188
0
314
16
U
200
17
52
6
399
11
369
8
479
4
443
4
72
1
8
5
220
11
404
6
297
6
107
6
109
4
375
0
175
0
487
8
387
3
83
7
B
180
18
20
9
214
4
377
3
64
4
374
6
234
10
217
8
216
2
434
5
480
9
407
7
290
1
163
0
382
10
119
2
89
9
139
5
251
8
F
280
9
491
18
190
8
228
3
282
11
67
23
445
3
306
30
125
0
422
28
K
260
11
433
12
155
13
261
4
21
22
198
11
110
2
218
22
444
18
91
1
169
0
311
12
V
