3
15
W
100
19
211
0
124
2
11
5
121
1
191
2
396
5
456
0
138
5
52
5
393
1
270
1
212
5
38
4
450
3
214
2
360
0
495
4
171
0
391
0
P
360
19
193
5
242
13
177
10
218
12
163
8
478
11
278
4
16
14
295
6
286
10
189
5
9
7
226
7
227
5
334
16
118
2
30
3
231
5
185
1
H
340
9
351
28
289
37
311
31
320
27
315
36
385
26
343
2
137
13
126
11
N
340
8
361
1
255
4
150
37
135
30
309
7
39
0
480
17
467
16
F
380
6
383
30
272
46
120
57
273
21
62
0
166
21
G
100
4
26
6
245
11
130
23
253
23
Y
220
13
345
7
111
15
468
5
194
14
25
6
259
3
440
7
301
10
395
10
115
4
362
2
406
11
399
0
V
300
12
412
7
83
24
165
25
408
17
387
9
102
6
303
16
71
25
55
20
317
11
108
12
223
22
U
160
17
321
7
209
4
307
7
280
4
452
1
3
9
104
5
233
2
140
0
43
1
453
6
461
2
80
8
190
5
41
3
48
5
355
4
L
160
11
151
12
75
9
462
6
490
6
29
9
44
11
264
3
42
13
205
6
285
11
267
12
X
380
8
401
23
82
22
344
8
114
6
359
1
153
37
21
11
170
22
E
100
10
402
3
294
5
125
10
230
9
7
7
98
5
36
1
423
9
243
0
304
3
S
300
11
378
7
169
27
388
2
186
21
382
15
57
9
127
19
319
11
236
25
12
7
144
13
B
100
10
357
3
187
4
417
7
394
8
34
6
31
4
358
7
339
10
367
7
156
4
Q
320
14
454
16
248
2
23
21
288
21
59
7
174
14
122
9
206
3
427
5
437
11
96
11
460
16
306
15
22
20
L
