3
15
L
140
6
134
15
290
0
153
2
268
11
105
9
288
12
X
200
4
227
24
474
17
303
46
488
35
C
140
11
469
4
1
5
243
11
350
1
88
4
478
12
448
12
191
10
158
5
393
6
125
2
M
380
19
22
13
167
15
388
7
240
4
205
3
252
6
34
11
146
1
89
13
310
7
31
0
11
17
101
12
394
18
445
7
231
11
492
16
340
0
305
18
K
300
6
426
4
233
8
276
13
140
30
439
1
117
34
P
160
11
444
4
391
6
78
12
263
14
461
1
187
12
138
5
479
7
139
6
127
7
166
11
I
140
13
20
7
198
9
121
7
397
1
70
4
239
7
106
10
396
8
399
4
422
1
377
1
494
2
2
9
O
320
11
438
22
410
11
44
28
177
13
483
26
312
23
190
0
267
12
7
0
329
23
355
18
Y
180
15
441
12
23
4
185
1
143
10
201
3
51
7
130
7
118
9
119
8
222
12
55
12
437
0
368
12
76
0
181
2
U
320
17
480
1
90
1
481
3
63
16
54
3
251
7
306
7
334
10
52
1
380
2
398
16
62
0
144
9
260
12
265
17
359
14
309
0
T
220
8
357
27
45
22
162
8
129
23
320
6
15
6
91
1
323
17
E
280
18
356
14
386
0
277
5
210
11
237
2
75
2
41
3
80
8
176
12
61
12
344
10
325
3
389
11
100
8
280
11
196
0
136
0
132
7
S
200
12
294
12
400
2
123
0
36
3
447
0
103
4
33
7
229
11
373
13
38
16
212
9
335
0
W
240
10
346
12
383
10
248
23
274
22
85
5
385
24
159
5
155
24
104
6
453
6
N
200
10
72
16
337
14
171
15
238
8
107
10
40
0
69
7
283
19
424
2
148
5
P
