3
17
E
200
17
435
4
41
9
159
3
239
4
221
10
350
3
72
1
10
11
155
7
297
5
175
0
165
7
320
5
84
0
377
3
334
3
421
6
N
200
12
321
0
447
4
344
2
243
6
193
16
436
14
264
5
471
14
415
8
144
9
121
9
143
16
C
140
7
5
10
386
1
152
20
487
5
244
11
300
14
201
20
F
280
9
272
27
291
24
489
15
181
24
282
16
105
14
396
2
240
2
141
15
K
360
7
258
3
285
50
171
32
498
10
87
28
127
33
274
20
B
160
5
345
13
448
20
75
12
36
8
59
30
S
240
11
259
11
460
6
241
14
359
16
228
19
131
0
442
9
248
4
170
16
237
14
408
10
V
260
15
429
0
35
12
265
6
271
6
355
15
70
8
307
17
242
5
269
5
388
17
253
17
120
6
326
2
407
4
115
15
Q
240
3
279
29
305
41
119
74
T
280
8
108
13
419
22
172
3
178
7
116
29
215
20
495
34
461
11
H
200
7
277
13
134
12
465
14
420
19
142
0
83
2
339
12
Z
260
14
267
15
128
11
311
0
289
4
26
4
38
0
222
2
129
4
93
16
383
7
236
7
67
16
76
18
412
15
X
200
6
184
9
472
20
199
13
322
12
397
27
430
14
A
240
19
33
5
113
5
138
3
338
2
103
11
37
5
164
12
1
8
369
12
14
11
372
5
45
9
475
4
466
9
34
9
123
12
186
12
216
0
224
6
O
100
12
189
7
13
6
146
1
337
6
257
2
207
8
302
0
470
0
325
3
106
7
346
2
417
3
M
200
12
281
6
431
7
490
2
85
14
77
1
132
4
31
14
260
10
50
0
459
0
328
9
60
16
I
160
15
137
4
227
4
210
4
202
6
104
8
336
5
455
9
130
8
414
2
298
4
441
0
309
0
78
9
425
5
280
5
B
