3
18
S
360
7
315
26
480
46
68
8
266
34
17
48
360
40
420
0
H
140
4
83
29
75
15
397
28
172
5
M
320
8
288
30
85
39
225
16
256
19
246
23
117
33
356
35
51
23
G
200
12
77
2
175
13
52
13
79
2
82
16
124
16
29
5
478
14
259
2
352
3
428
13
234
11
U
200
4
271
1
287
25
0
8
141
6
W
180
3
351
53
298
24
459
38
Z
360
10
62
24
222
15
204
2
160
20
435
23
133
9
61
26
253
19
446
34
236
26
E
360
8
473
43
201
4
373
38
30
40
249
9
377
24
89
32
333
28
X
260
10
494
8
258
0
466
24
118
18
338
13
233
24
405
20
344
10
110
1
185
18
R
340
18
102
16
169
1
20
16
66
11
321
9
436
1
192
2
238
0
104
14
121
3
229
1
412
14
329
3
481
16
139
15
147
17
310
10
56
13
J
320
4
372
4
276
6
353
20
207
37
K
140
10
455
0
142
13
1
11
388
1
431
3
247
14
174
4
354
1
103
12
386
14
O
220
14
86
15
120
1
157
0
250
10
453
4
16
3
171
14
293
0
216
15
379
8
78
8
37
13
374
11
107
0
V
320
8
371
26
313
7
23
29
284
14
302
10
450
9
15
3
35
12
T
140
4
98
31
337
23
205
14
364
18
Y
380
19
394
3
423
4
94
3
33
19
114
19
358
18
396
17
437
16
355
0
63
11
19
18
430
6
137
4
8
11
432
13
347
11
496
6
463
12
369
8
F
300
16
304
16
398
9
187
3
452
18
90
3
149
12
210
1
490
9
323
18
257
2
410
8
58
2
115
8
215
18
105
16
382
8
C
120
7
128
15
88
2
145
6
195
12
311
9
54
5
300
12
K
