3
20
L
200
14
489
4
39
11
266
1
248
2
343
12
242
11
18
3
10
3
127
5
235
0
498
9
54
7
163
1
240
9
K
100
7
32
4
496
5
452
6
96
4
43
1
440
7
454
12
R
220
9
135
5
118
1
432
7
280
15
295
6
239
18
230
3
150
16
364
16
N
280
15
327
2
397
10
246
5
178
0
225
10
213
16
332
17
411
0
196
16
366
2
164
18
49
0
490
17
141
17
104
9
S
280
9
272
14
395
28
35
20
286
16
390
22
331
9
325
11
403
3
215
6
G
320
8
309
39
389
31
356
29
200
0
99
17
255
12
319
19
379
17
F
340
12
40
10
116
27
274
0
122
25
139
22
129
8
345
26
494
23
103
10
57
1
495
2
284
3
H
300
7
365
3
297
11
42
11
430
6
79
9
450
23
181
20
V
100
6
367
6
80
0
439
2
322
12
155
13
317
13
M
140
16
117
3
387
8
457
1
66
7
361
6
224
3
218
7
405
7
19
4
73
1
48
4
275
4
253
2
87
8
223
4
339
7
C
240
17
410
5
393
2
449
4
474
2
36
2
499
1
441
5
236
0
63
10
380
8
237
6
143
7
232
10
256
4
381
1
91
6
20
6
Q
160
8
207
1
82
2
421
16
371
4
375
13
11
18
115
10
100
15
E
180
3
205
26
169
59
425
23
Y
240
6
105
38
193
39
204
36
369
36
299
26
120
22
O
340
17
45
17
37
18
114
2
350
12
260
18
283
13
5
9
245
0
293
19
209
14
176
6
174
7
184
1
435
9
476
0
173
6
171
19
J
380
12
431
30
480
17
478
9
81
20
338
16
61
21
132
3
329
5
384
19
172
19
392
13
336
11
I
100
5
303
12
250
8
413
20
486
0
376
16
T
380
8
214
29
291
23
149
16
262
25
191
43
469
16
357
18
179
7
U
300
16
121
7
206
18
243
2
368
13
244
13
234
1
314
4
467
0
354
6
307
4
296
0
423
1
77
10
44
9
300
9
415
13
A
120
12
147
1
101
8
198
8
268
2
17
2
7
4
241
5
85
9
401
8
88
9
131
10
277
7
T
