3
22
U
200
15
153
8
117
4
154
1
49
9
161
4
292
8
368
12
261
2
61
4
83
3
451
11
441
2
118
0
63
1
410
9
L
360
3
190
10
237
98
158
24
X
260
19
291
10
138
5
385
12
486
3
27
4
272
0
172
10
228
0
375
12
442
11
258
0
100
13
297
12
213
5
46
3
412
3
64
4
465
11
243
13
S
200
4
230
25
15
12
142
12
359
35
G
160
14
225
6
469
6
355
2
287
5
53
2
468
0
423
1
28
11
95
8
296
0
130
1
9
1
98
0
136
3
P
320
16
185
2
197
6
256
14
135
11
299
9
91
2
169
3
10
8
191
7
163
3
322
7
151
13
181
5
384
19
218
20
334
8
C
260
10
54
22
326
8
184
25
341
25
192
18
235
5
183
18
24
23
376
11
178
9
I
220
16
421
6
250
9
311
13
492
2
472
12
227
9
271
8
347
2
52
9
102
4
397
12
420
6
205
11
214
10
141
9
50
4
B
140
16
57
2
134
4
254
5
488
7
498
0
455
5
417
7
449
2
199
8
445
6
90
5
405
8
300
7
38
1
266
6
108
0
D
120
9
324
4
245
6
330
7
406
7
430
7
67
2
45
2
111
5
467
9
F
160
16
354
0
148
3
157
5
124
3
336
7
377
3
85
5
152
6
479
6
456
7
361
1
193
5
241
0
6
3
189
4
139
4
Q
160
16
74
8
303
0
345
1
25
5
348
2
65
6
246
2
413
7
171
3
329
10
40
10
363
3
365
8
32
7
196
5
401
4
K
300
16
403
14
280
14
499
3
106
1
82
2
378
0
81
2
112
18
381
10
321
5
204
8
431
7
107
13
47
11
143
3
335
0
T
100
9
18
2
16
2
234
3
366
10
380
3
283
4
478
0
262
5
301
11
J
160
12
425
4
404
8
244
6
60
3
114
4
13
1
302
11
481
1
318
1
159
0
462
4
277
12
Y
340
15
476
6
109
12
386
14
78
1
255
3
446
7
399
7
253
8
3
5
495
22
33
5
259
19
444
11
56
5
273
15
N
220
15
424
10
463
8
4
14
75
14
96
2
416
4
195
13
110
5
458
10
71
8
448
3
414
1
437
8
332
12
491
12
V
140
14
31
8
382
3
453
9
20
5
55
10
281
7
358
1
2
3
487
4
438
5
309
3
320
2
200
7
267
1
H
120
14
496
1
394
8
459
5
429
7
115
2
146
0
419
1
295
5
415
3
93
7
367
1
379
2
461
8
374
8
W
300
15
319
6
177
0
103
12
238
18
270
10
194
7
162
2
477
17
219
13
179
12
433
20
173
18
122
0
418
11
7
4
O
120
11
409
3
393
2
317
3
305
9
23
5
422
2
101
6
175
1
402
9
369
6
208
8
A
320
17
59
1
400
3
290
6
435
18
97
8
210
5
372
11
308
14
212
14
395
11
485
0
398
17
170
1
351
17
76
14
344
8
407
9
I
