3
21
Y
180
3
5
51
280
27
334
38
D
240
5
323
26
175
14
233
21
306
34
360
29
K
220
7
346
20
248
0
435
8
50
23
347
30
421
11
418
4
C
220
13
420
8
41
2
448
16
459
6
103
15
354
16
55
11
462
13
460
11
434
8
131
5
208
13
28
8
R
260
13
450
20
11
7
227
15
128
3
252
9
327
0
331
4
369
20
278
16
118
11
389
14
218
8
27
16
A
120
6
109
10
154
12
132
19
116
18
473
10
332
16
X
100
14
342
2
51
3
463
7
15
4
496
4
312
6
244
0
164
2
189
7
438
1
90
3
349
0
121
7
311
7
B
340
10
47
33
49
5
451
25
184
26
125
32
211
30
370
24
190
30
295
29
340
11
I
260
8
236
11
270
28
179
11
155
0
200
14
101
9
241
23
245
4
T
300
17
72
3
428
16
364
10
138
4
315
9
433
5
110
2
488
11
172
7
297
6
376
15
247
12
432
12
268
11
380
6
384
9
291
7
H
300
10
89
16
119
23
356
9
405
8
150
25
487
10
143
8
201
12
237
7
394
6
G
120
7
113
6
129
8
250
15
206
17
29
14
53
14
16
8
N
120
9
365
8
279
6
21
0
52
1
314
3
117
4
202
3
441
3
395
8
S
280
14
243
10
106
9
6
13
458
19
479
18
442
19
290
14
38
18
256
7
177
9
230
19
402
13
399
3
385
0
W
140
19
284
0
470
4
34
2
192
2
436
5
141
4
269
7
299
7
114
3
494
4
304
6
26
7
310
3
43
5
65
7
37
7
100
4
95
6
386
3
Q
200
15
178
8
377
4
147
12
465
3
411
0
429
11
264
10
322
13
427
8
482
11
475
12
23
0
93
6
324
11
145
7
L
320
19
32
0
351
12
187
2
176
9
80
2
231
7
499
2
181
11
35
7
255
11
372
0
82
9
107
15
456
12
142
15
19
0
367
12
242
15
62
9
E
320
17
249
4
379
15
373
12
238
4
22
4
287
11
54
12
414
13
259
8
73
3
57
17
274
15
481
11
271
4
13
3
14
12
45
7
U
120
3
232
11
199
21
46
8
Z
360
3
134
46
412
84
209
49
O
380
3
167
67
329
83
204
8
G
