3
23
O
260
14
472
15
211
0
304
13
292
1
354
4
250
1
382
6
160
9
98
17
244
15
479
10
282
0
26
7
359
15
X
120
17
373
0
489
2
380
1
298
2
184
3
198
6
440
1
447
2
495
4
28
1
420
3
461
2
313
5
206
2
272
0
25
6
321
1
L
120
4
397
27
482
15
490
14
469
22
R
160
6
281
13
140
21
340
18
487
18
407
9
90
6
G
360
15
212
0
227
21
398
16
207
23
44
11
256
4
219
17
347
4
428
10
70
16
23
12
240
0
370
3
94
7
83
7
C
140
18
337
1
66
2
467
7
113
7
93
1
222
7
426
1
279
6
346
2
109
6
48
1
274
2
494
7
47
3
366
7
387
1
202
1
128
5
P
280
17
243
6
45
0
463
14
345
6
2
1
145
14
7
6
305
7
409
3
8
4
311
11
146
8
451
10
138
14
330
11
129
6
278
12
A
180
18
499
0
232
10
178
0
470
8
424
9
96
1
353
7
194
0
477
9
273
6
485
6
122
3
348
0
430
8
88
7
238
2
399
9
275
3
D
340
14
77
19
408
9
4
21
357
17
356
6
18
1
306
14
342
14
466
18
322
9
241
0
20
0
441
18
130
18
B
380
16
258
22
54
14
78
11
269
3
289
20
152
10
336
16
165
11
460
11
147
19
433
4
384
2
385
6
475
22
62
9
402
22
M
120
13
497
8
453
1
91
5
166
9
110
8
327
4
216
5
255
1
262
3
27
2
71
3
404
4
182
6
E
300
12
315
17
414
21
329
16
108
25
435
17
316
24
103
4
67
11
55
20
39
20
63
21
333
6
V
180
18
163
4
217
5
189
1
285
0
14
1
19
4
239
3
276
10
376
1
220
8
318
8
161
6
449
10
171
3
224
4
92
7
59
7
157
0
F
100
16
314
1
187
0
185
6
237
5
201
3
131
6
221
6
106
4
410
6
31
4
429
5
118
4
10
2
362
5
183
0
181
4
Z
240
9
5
25
1
20
390
16
268
26
81
1
368
25
349
26
30
14
123
22
W
340
14
480
0
52
9
261
1
80
11
287
9
320
2
188
15
457
0
456
14
437
1
338
6
242
6
291
21
436
20
N
220
12
343
8
33
2
251
3
121
6
137
9
413
4
454
13
350
16
394
16
445
16
377
11
74
13
Q
300
15
392
14
344
13
363
5
393
17
69
14
158
20
263
12
371
20
102
10
162
4
301
16
483
2
85
5
117
16
22
1
I
320
9
297
23
213
16
383
12
141
21
95
16
86
33
245
30
355
15
474
1
J
380
14
351
8
248
17
34
5
43
4
164
25
35
9
125
0
107
13
97
27
372
24
176
10
46
25
144
10
252
4
H
240
17
339
9
116
1
21
2
135
14
365
10
374
9
423
11
223
14
419
14
260
14
64
1
484
12
133
4
406
12
265
8
317
13
168
0
T
240
10
15
17
104
21
358
1
169
7
114
5
331
4
115
23
142
12
136
22
175
1
K
100
11
491
0
105
1
53
4
253
4
326
1
493
6
199
3
464
4
309
7
264
1
225
9
X
