3
8
B
240
5
289
46
146
34
497
32
70
17
310
27
T
280
19
442
14
15
5
499
1
29
6
397
14
189
5
460
2
318
11
201
11
279
9
202
9
258
6
267
14
302
12
482
3
249
9
37
6
78
10
393
0
Q
160
17
404
5
380
2
473
4
385
4
281
3
319
4
0
8
451
6
413
2
379
7
274
2
137
3
406
1
477
8
110
5
269
1
465
6
X
380
13
134
6
347
25
441
28
120
3
64
19
345
15
330
29
217
8
299
24
150
29
16
16
361
3
162
29
S
100
6
9
15
448
1
117
3
176
10
184
5
309
7
V
120
7
40
4
294
10
231
5
375
16
235
3
199
12
237
7
H
200
6
67
21
381
7
169
3
283
32
481
19
253
19
P
280
11
178
15
66
17
248
12
386
10
403
8
493
17
216
4
348
0
211
18
229
14
165
10
S
