3
5
T
320
6
34
40
482
9
461
29
444
6
263
29
488
51
Z
240
18
152
11
423
2
236
1
436
2
54
0
25
10
409
12
449
9
294
6
320
4
435
0
121
8
284
2
286
11
390
5
125
10
143
1
98
0
Y
340
16
440
13
59
4
178
7
30
7
419
7
289
8
162
7
223
18
472
0
230
10
464
18
47
21
26
15
353
0
315
3
41
2
Q
160
3
438
16
17
40
220
21
R
100
12
355
1
404
1
163
4
497
2
455
1
67
4
64
5
6
4
307
6
172
6
131
3
13
8
T
