3
24
V
260
5
432
10
143
27
330
40
17
12
492
39
J
160
3
478
16
216
6
475
26
S
320
13
69
3
335
20
301
11
2
11
406
5
418
4
377
19
460
22
493
10
203
22
144
22
472
3
92
10
D
280
9
99
8
306
11
252
27
304
25
220
17
116
5
325
20
282
21
192
15
A
120
18
189
3
240
1
461
6
269
1
88
3
62
4
147
2
241
1
224
4
298
5
378
1
392
1
139
0
54
0
151
3
452
3
396
6
60
2
X
260
17
324
9
364
1
466
11
361
8
250
13
35
8
455
8
45
8
55
0
484
5
313
15
14
12
146
12
11
4
259
9
39
5
420
11
B
260
11
41
1
181
22
450
20
246
22
113
14
357
2
21
22
402
9
469
14
247
23
94
8
W
360
5
43
51
23
55
345
56
36
2
354
27
Z
200
12
434
5
440
9
140
3
199
1
317
10
182
10
462
3
389
12
194
0
228
11
497
13
312
3
P
300
10
136
23
480
20
281
28
443
25
270
26
305
23
150
21
251
1
148
26
132
18
M
160
6
265
22
112
23
494
5
356
14
237
0
288
11
F
260
16
158
13
344
0
370
4
293
11
444
9
470
2
374
6
360
1
40
13
353
10
467
15
0
7
239
8
119
0
337
14
160
5
L
280
10
154
25
453
12
350
5
485
2
108
21
28
10
73
24
385
20
44
7
449
1
T
200
5
375
6
98
33
498
11
70
27
422
21
K
300
17
184
16
417
1
329
4
264
2
25
1
278
3
473
8
297
14
412
14
234
2
280
8
217
3
172
10
16
16
299
10
276
10
101
16
G
240
12
5
20
245
13
161
13
227
17
391
16
446
18
410
13
97
12
24
13
89
14
187
15
202
3
U
100
12
48
0
272
1
61
7
188
5
212
7
342
3
295
7
437
5
371
5
152
7
436
0
171
0
R
180
18
369
2
159
3
196
10
79
5
95
4
186
9
441
3
405
4
294
0
266
1
165
8
7
2
488
1
416
10
138
2
343
3
135
8
74
6
O
300
15
429
18
332
6
78
12
46
18
223
19
225
15
205
0
445
19
476
6
33
5
77
8
162
16
80
14
367
12
309
17
C
380
15
328
11
8
22
442
23
321
5
230
1
283
17
206
2
393
22
221
3
57
25
169
16
173
24
409
23
131
9
256
14
I
260
15
72
1
362
4
180
3
176
6
372
6
9
14
27
8
423
8
115
14
340
1
262
13
398
11
29
3
419
5
133
12
E
240
5
286
47
104
5
277
42
213
31
431
40
H
200
6
137
24
22
17
254
9
50
6
76
25
191
29
N
120
5
83
17
260
11
414
24
51
20
155
17
T
