3
8
O
100
9
126
2
122
11
11
2
235
9
99
2
220
6
425
10
299
8
105
5
N
300
11
460
12
13
18
82
23
229
2
242
5
103
8
454
6
304
17
365
27
36
1
342
1
D
320
7
315
13
372
13
29
2
12
41
267
39
422
12
208
25
J
360
11
101
31
403
1
255
28
296
27
275
15
164
20
73
5
302
20
137
17
84
18
16
9
E
180
13
166
13
398
10
298
1
408
0
331
1
455
9
419
13
195
8
240
8
466
9
144
5
424
11
276
7
I
220
19
43
2
381
8
327
5
176
9
149
7
303
3
102
6
471
0
165
10
142
5
366
4
497
1
104
5
184
2
309
0
297
4
349
6
118
4
421
5
G
300
10
228
5
49
12
374
28
88
20
340
9
41
7
120
0
221
24
196
27
133
30
Y
300
18
446
6
33
15
354
13
130
15
187
8
129
12
416
12
251
15
426
10
53
10
373
10
352
5
96
12
190
15
277
12
289
2
462
10
94
3
E
