3
16
A
180
9
141
12
334
1
262
1
130
1
9
0
392
4
41
11
95
9
248
5
K
200
6
287
15
346
0
128
33
109
8
77
7
121
0
E
220
9
305
18
272
0
192
13
379
20
156
14
440
22
386
17
51
16
15
21
P
300
9
12
6
178
0
451
16
487
8
24
17
282
23
213
23
65
25
96
12
G
260
17
133
4
499
0
143
4
142
6
365
3
450
11
123
6
61
3
236
12
417
6
73
11
174
14
333
3
301
11
480
7
56
4
493
2
U
100
13
11
2
138
2
39
4
475
6
210
0
25
2
184
4
187
1
321
7
173
1
108
5
188
3
244
0
R
380
8
281
23
311
7
428
5
201
1
237
11
94
21
297
9
92
41
L
320
14
411
12
416
15
264
12
465
16
171
2
363
8
214
12
422
5
149
9
125
1
410
17
424
10
492
1
292
16
V
200
6
99
18
396
19
273
12
382
20
316
12
441
23
N
300
17
401
4
84
12
324
11
205
2
189
8
3
14
322
0
14
14
266
4
91
9
253
7
307
9
442
7
151
6
79
8
60
16
374
8
S
280
19
19
2
148
7
230
14
226
13
309
8
285
8
318
2
199
0
10
5
22
5
303
12
279
13
172
5
330
8
86
9
326
3
89
13
215
3
376
3
J
280
13
304
1
296
20
388
6
179
17
162
0
295
6
183
10
341
8
358
13
81
5
381
12
191
6
389
3
X
120
14
144
0
452
4
46
1
59
2
268
2
119
8
313
3
175
4
82
6
27
2
438
4
275
6
164
1
110
6
W
160
15
68
3
385
2
2
10
348
6
372
2
454
0
280
3
378
10
339
7
299
9
349
10
135
4
70
1
390
8
107
4
Z
200
12
337
8
243
5
147
4
384
7
50
11
6
9
212
0
394
14
489
4
357
4
370
8
453
1
D
200
4
21
7
137
24
463
6
398
13
X
