3
8
V
260
9
9
19
297
28
212
15
322
19
362
5
285
19
134
8
422
23
87
13
P
300
15
390
20
326
16
470
20
292
4
244
6
106
3
42
5
237
7
266
1
231
20
70
2
81
20
291
5
64
16
125
17
E
360
9
47
0
185
2
274
25
499
37
148
2
135
13
459
19
341
15
26
8
R
300
6
282
47
227
48
68
27
272
24
267
28
427
38
A
360
4
242
14
150
60
412
61
354
39
S
240
5
123
19
61
8
469
12
54
20
387
29
I
160
8
235
9
191
0
340
14
460
15
352
7
201
15
108
9
114
20
H
120
13
484
5
364
5
358
3
152
0
173
2
208
6
498
2
94
0
382
3
380
9
428
9
240
6
46
5
S
