3
9
L
180
8
333
17
398
21
214
18
0
21
46
0
12
20
294
0
363
1
B
380
18
412
13
344
10
42
20
269
8
401
3
174
4
282
11
320
16
346
5
336
13
136
4
450
9
296
15
56
16
58
1
286
6
233
5
86
21
D
300
6
258
44
75
25
498
48
195
4
104
18
260
42
Z
360
13
142
24
270
2
370
8
272
19
329
1
11
20
425
13
122
6
402
12
119
3
411
22
180
23
69
12
A
160
9
311
13
396
10
4
0
443
10
79
16
211
8
163
4
334
5
59
0
Q
380
12
109
0
139
24
427
8
54
16
201
20
196
20
288
24
134
11
464
17
179
11
453
19
72
7
U
140
12
285
1
132
9
118
5
476
9
302
9
145
2
254
8
235
11
168
10
274
8
435
5
459
1
K
320
6
205
36
197
6
391
18
465
18
257
25
74
31
R
380
15
101
24
53
7
372
17
192
24
80
13
496
25
373
13
395
10
133
8
351
1
102
0
147
2
268
24
240
24
229
21
Z
