3
7
V
220
18
5
1
345
11
454
4
186
10
0
3
33
11
258
12
353
3
42
3
16
3
200
6
380
10
462
6
156
9
97
10
218
2
364
5
476
2
P
120
8
129
7
294
7
232
12
394
8
58
12
385
13
165
7
279
4
T
320
17
157
1
93
7
102
2
235
17
10
0
329
8
162
13
350
16
362
17
121
11
298
11
17
7
57
5
426
16
351
13
319
18
316
18
A
320
19
498
8
453
3
197
4
246
16
412
11
359
8
62
8
471
9
6
0
114
9
163
3
275
3
479
5
61
3
425
13
71
14
51
1
12
15
437
13
E
120
15
184
4
421
3
352
4
118
7
54
3
105
6
115
1
311
3
331
5
243
5
470
7
422
5
477
0
286
1
80
8
F
320
15
213
6
313
4
196
18
152
3
293
17
434
0
468
20
192
0
292
3
411
19
301
19
433
19
231
9
344
13
327
7
G
320
18
438
4
242
17
199
12
153
17
341
13
407
16
209
16
126
13
113
4
73
6
318
1
94
3
138
13
178
4
52
3
299
2
309
0
446
7
P
