3
7
A
380
15
170
5
15
0
63
21
47
5
234
4
211
11
13
13
372
24
72
0
244
21
227
1
350
13
6
12
19
20
219
1
B
360
14
465
9
355
25
168
10
405
15
165
10
310
18
245
14
497
6
248
15
253
6
389
25
32
2
293
13
454
25
Y
220
16
300
5
109
2
96
11
228
9
435
1
182
9
31
10
231
7
44
2
2
3
20
11
30
3
218
5
172
5
427
10
201
0
N
340
10
194
1
432
1
38
0
99
25
11
6
134
10
114
31
322
23
142
20
232
5
U
320
19
420
13
384
14
351
4
28
6
136
4
283
3
347
13
104
9
147
7
358
11
469
0
161
9
200
1
188
13
195
4
120
12
187
14
199
9
152
4
P
160
13
473
6
410
3
419
3
423
4
387
12
243
5
404
0
242
3
189
3
441
7
434
6
489
12
208
1
F
160
6
452
6
459
3
49
5
198
24
312
2
487
21
B
