3
7
E
320
14
26
19
11
1
322
15
497
0
129
1
378
1
260
22
79
4
422
10
318
16
450
16
458
16
448
11
435
7
G
300
8
442
0
395
5
213
12
159
8
169
23
221
26
455
34
88
11
P
160
10
212
10
478
10
232
16
375
3
451
10
330
1
463
1
171
7
401
5
341
6
Q
140
19
277
4
496
0
402
2
161
6
186
6
414
0
25
1
482
3
494
1
0
7
45
6
114
1
338
3
334
4
433
2
466
2
276
6
315
7
299
4
B
360
11
426
26
227
2
308
16
122
11
407
0
69
29
366
17
144
11
47
29
420
3
483
25
J
260
19
348
7
320
0
36
9
108
13
89
2
194
5
38
10
134
8
266
8
377
0
307
0
230
11
110
0
236
10
50
8
333
13
461
0
37
8
130
8
H
300
16
460
17
234
13
329
7
343
5
418
4
349
4
162
5
409
3
117
10
465
0
187
17
347
17
51
1
389
1
181
5
394
8
J
