3
12
H
140
5
35
24
124
9
178
19
80
12
79
25
V
340
12
87
2
359
8
252
24
95
1
215
6
486
11
10
6
445
27
347
20
63
4
304
25
474
12
O
100
8
468
5
343
12
318
0
208
4
9
10
499
9
496
4
154
12
K
160
8
54
1
27
18
218
3
168
10
30
6
285
4
408
13
410
3
E
220
16
477
12
295
10
200
9
239
8
287
1
462
4
370
12
141
2
72
12
121
13
145
3
104
7
171
3
464
0
434
1
42
13
P
100
6
270
13
313
7
384
1
357
12
442
4
139
1
M
160
15
195
3
436
5
340
7
233
5
393
5
238
6
212
10
487
1
174
4
227
0
224
0
308
8
271
3
415
4
473
0
I
260
8
320
22
173
9
289
3
50
20
414
28
447
8
246
12
81
12
D
260
6
273
42
353
1
169
19
165
19
301
33
354
0
Y
100
14
7
0
40
6
300
3
214
2
204
6
461
3
18
4
482
4
127
5
463
7
322
6
396
5
157
3
236
2
T
260
13
261
19
296
6
251
8
346
9
156
0
446
12
454
18
342
11
123
8
316
16
323
7
360
16
263
3
N
380
17
348
10
66
5
175
5
203
5
153
19
405
1
216
17
220
4
83
4
422
7
67
21
494
21
341
14
26
6
78
7
244
9
437
16
I
