3
21
J
360
15
313
12
201
9
143
2
198
13
168
21
493
23
5
6
369
15
297
9
11
5
239
9
9
5
63
14
393
12
415
2
G
160
7
93
5
204
6
35
1
2
14
117
22
47
7
340
12
W
280
6
377
10
332
28
337
27
83
35
28
22
477
24
T
320
18
46
10
193
15
236
4
334
3
305
3
74
17
167
1
33
2
361
6
436
11
39
12
43
4
192
15
243
6
402
6
474
15
325
8
384
4
K
180
4
42
30
114
3
148
14
365
11
Z
100
7
134
9
21
7
4
8
235
13
376
4
314
2
403
14
Y
200
6
446
9
379
9
485
14
174
27
51
33
433
0
B
120
8
250
11
106
8
113
1
438
1
335
11
389
4
138
1
463
11
U
260
3
443
23
317
42
86
64
C
300
16
464
2
52
5
234
12
380
8
10
16
304
12
302
4
264
7
290
1
293
14
282
13
381
9
24
1
270
9
78
15
312
13
S
180
9
390
4
13
20
275
16
452
18
44
5
262
14
283
17
397
16
67
10
M
160
10
494
13
128
0
487
3
135
10
255
14
354
0
292
13
346
6
348
5
126
1
O
100
17
163
0
466
5
271
5
454
1
209
0
14
3
229
3
170
5
394
5
199
0
161
2
357
2
240
4
355
2
307
0
308
0
211
2
E
220
9
32
15
18
10
300
15
260
3
45
18
478
12
225
24
89
4
342
11
P
140
10
267
11
94
12
418
4
132
13
36
7
61
13
154
4
222
2
465
10
136
0
L
340
3
141
105
266
20
364
27
D
200
6
157
28
295
3
171
5
408
24
75
5
79
32
H
220
6
103
3
328
31
177
29
406
7
256
5
169
23
F
160
11
269
12
15
1
498
4
131
14
382
11
488
8
278
5
111
5
426
2
219
0
401
8
R
180
14
183
5
48
8
499
7
437
4
479
9
77
8
373
10
96
7
200
9
280
6
362
6
449
11
338
12
417
12
Q
200
18
156
8
352
0
186
2
484
2
254
5
226
8
151
1
306
5
238
6
321
11
444
9
220
8
414
0
104
7
360
11
333
7
371
8
301
3
M
