3
15
W
340
14
288
12
220
0
379
7
57
18
499
18
284
19
280
3
490
11
44
23
219
16
218
8
444
13
325
2
402
19
F
380
8
28
5
52
31
234
38
460
30
134
28
182
45
472
31
11
44
C
100
15
133
4
238
3
213
2
99
1
483
1
161
4
349
3
168
2
452
4
301
5
1
2
322
5
34
4
173
3
298
2
S
220
18
370
4
491
4
396
4
39
0
235
5
181
11
0
8
485
12
135
0
231
0
78
2
289
0
250
5
276
4
166
2
244
3
175
9
8
12
R
260
19
456
2
19
10
375
9
68
2
389
12
146
4
263
9
95
5
100
0
71
11
121
0
358
6
79
7
109
13
395
8
210
10
18
0
172
9
92
0
O
380
8
342
0
287
40
465
14
183
27
141
20
26
30
129
5
67
15
Z
300
9
397
0
335
9
302
25
178
32
283
30
86
24
190
28
471
13
329
10
J
340
6
320
15
351
10
292
26
177
9
306
13
170
43
L
360
5
122
18
487
55
309
10
192
49
239
12
G
320
11
202
22
270
21
468
18
393
11
448
24
187
15
201
28
84
14
493
10
58
22
326
3
H
360
15
466
15
64
13
323
22
27
13
230
13
245
22
33
20
47
3
432
4
376
2
267
21
46
1
107
7
103
3
462
10
V
100
6
426
11
126
12
278
16
272
9
104
13
198
7
Y
260
10
327
14
74
16
307
24
42
13
264
15
478
20
227
19
140
6
184
14
81
18
I
280
7
271
11
399
14
346
23
49
0
338
1
113
29
431
35
M
320
6
495
27
345
48
2
52
125
48
350
44
454
46
G
