3
25
U
360
6
468
42
446
33
462
18
12
23
374
25
302
60
H
300
16
200
11
419
16
254
9
206
7
136
7
463
6
461
16
454
18
303
2
132
5
359
14
102
10
1
7
243
11
215
12
220
6
Q
340
7
486
11
385
37
88
23
383
39
405
35
135
40
195
22
I
240
18
54
6
228
10
74
1
40
0
444
13
237
10
48
3
162
9
239
8
370
2
395
1
366
1
178
12
230
7
257
3
322
4
365
12
253
5
Z
180
16
31
0
98
3
406
2
57
6
13
3
111
7
155
8
144
3
485
5
221
9
346
10
358
3
377
9
187
6
32
5
251
9
N
160
3
124
18
264
21
349
32
X
100
6
338
9
361
15
145
2
301
13
21
4
450
14
L
120
14
42
3
194
0
309
8
289
6
100
6
49
8
106
0
122
0
53
7
499
2
276
6
164
8
348
5
496
4
K
200
8
224
9
189
10
7
1
244
17
181
18
112
5
412
1
403
8
S
300
7
330
28
375
26
354
7
46
24
17
4
378
3
334
40
O
120
9
138
0
163
13
11
1
490
9
356
6
399
2
169
12
35
1
212
6
R
200
13
415
2
29
7
225
0
160
13
351
4
246
12
183
9
481
14
421
5
274
10
143
7
467
1
173
13
M
200
9
120
4
161
13
114
12
127
4
408
20
19
11
422
7
488
22
2
2
P
220
8
5
17
185
1
152
11
433
2
307
2
95
20
179
9
191
24
C
180
3
15
7
367
10
267
17
V
360
5
430
11
209
21
471
52
99
14
295
48
W
260
6
459
24
457
41
279
37
104
16
248
25
73
29
E
160
5
285
4
219
27
331
28
41
28
344
26
B
120
12
87
5
103
9
482
4
66
6
147
0
316
9
456
5
150
0
6
1
140
9
453
1
214
3
A
280
13
92
15
328
4
30
4
447
7
9
0
452
14
460
19
352
16
37
0
16
21
286
14
300
5
156
1
F
280
5
404
34
223
47
249
27
105
0
25
29
T
280
14
256
15
126
1
308
0
202
12
90
0
3
8
475
8
229
2
96
1
325
7
128
16
78
15
55
4
121
12
D
180
18
18
5
310
10
272
9
79
2
50
2
70
5
393
0
176
6
159
4
123
3
242
8
61
4
233
7
397
3
207
0
91
4
432
5
235
7
G
120
14
240
3
58
2
441
3
59
0
321
4
84
6
182
6
93
5
353
8
217
6
269
5
449
4
271
2
424
1
J
340
9
498
18
425
12
118
19
250
24
139
13
263
10
275
16
4
35
323
12
Z
