3
12
F
340
4
318
27
436
51
109
24
366
5
U
300
11
472
1
94
22
307
3
182
20
167
2
198
21
91
15
285
25
186
7
298
2
464
6
K
140
14
450
9
108
6
137
10
304
8
104
6
289
5
385
5
1
2
415
2
72
1
341
3
388
6
118
7
157
5
X
360
8
295
16
365
18
23
23
455
34
27
9
52
5
37
12
217
24
T
100
7
273
12
391
10
446
1
265
0
61
6
35
3
180
14
O
180
18
438
9
364
7
181
3
263
10
408
8
208
7
301
5
360
8
19
4
447
6
106
3
416
8
392
1
17
2
443
10
253
2
323
7
440
0
P
200
3
271
26
156
53
231
36
N
260
5
162
51
380
14
212
2
337
27
272
17
E
200
19
476
5
184
5
278
0
373
1
387
2
356
4
96
1
24
2
280
8
302
10
267
5
432
2
65
2
158
8
60
5
26
2
175
1
248
4
419
2
C
200
6
339
7
140
14
487
22
488
11
264
7
306
31
D
160
18
221
6
334
0
297
8
422
8
241
3
262
6
66
3
85
6
97
8
153
0
384
6
130
2
82
4
325
3
308
4
315
2
150
0
126
5
S
160
7
268
20
135
16
77
3
281
11
288
18
183
1
405
7
D
