3
23
Y
240
4
125
45
198
24
278
60
88
34
B
360
13
440
8
409
6
191
15
357
5
471
0
62
1
41
8
490
22
498
7
248
27
478
2
296
19
439
10
A
100
10
474
5
138
8
133
8
54
5
117
7
8
4
436
2
305
6
227
2
206
2
C
140
15
80
7
342
2
271
6
314
0
231
3
251
8
476
7
90
9
321
0
194
2
103
4
245
0
479
8
94
8
85
0
H
260
3
268
50
297
3
282
60
M
260
4
346
33
367
31
422
20
464
41
E
200
15
430
10
170
11
353
8
338
0
311
12
193
12
428
2
1
11
421
10
454
8
108
7
423
8
312
2
27
6
350
13
Q
320
10
12
24
44
13
7
18
301
13
417
9
372
6
319
15
47
14
258
31
487
27
N
180
19
433
4
200
3
243
5
105
7
186
1
360
4
477
9
391
7
158
9
415
0
280
0
67
5
16
9
224
8
493
6
197
6
455
0
451
0
112
5
V
300
18
263
6
101
11
365
1
192
12
82
13
162
9
189
16
77
15
18
7
109
5
481
0
364
5
74
1
42
5
98
16
291
8
65
0
199
8
O
220
7
385
30
68
24
13
18
171
28
463
31
214
27
445
19
U
260
14
25
14
480
4
14
1
209
7
17
6
208
14
298
3
146
17
156
3
285
1
83
1
448
12
207
6
69
7
D
340
15
443
18
330
10
160
1
288
7
403
11
410
18
15
18
386
7
275
7
37
9
172
2
23
11
344
17
35
10
188
8
L
180
7
274
16
370
15
205
2
348
12
9
14
387
14
414
23
S
200
18
318
10
63
1
38
7
244
3
438
2
452
3
51
4
164
2
150
4
435
6
174
11
10
10
404
9
104
1
33
11
283
0
468
2
396
11
W
200
16
159
0
210
3
130
0
236
7
287
9
129
6
122
8
257
8
148
8
262
3
496
6
139
10
457
0
219
2
376
8
11
11
K
220
5
58
40
92
24
335
16
495
14
401
15
Z
120
7
483
16
273
13
49
14
239
16
368
2
36
9
304
1
J
140
10
461
1
97
13
4
3
289
3
252
0
431
13
247
11
444
9
453
8
225
2
F
360
5
310
2
147
49
22
66
337
11
57
2
T
380
19
71
5
380
11
300
8
217
7
55
14
347
19
281
11
420
9
184
20
434
19
196
3
267
0
179
11
114
17
363
19
381
16
295
15
0
6
95
12
G
320
19
30
6
183
1
486
16
369
12
163
13
426
13
413
4
157
5
240
3
382
11
181
1
96
6
366
9
127
1
315
14
84
16
204
12
238
10
371
1
R
260
5
249
33
234
21
48
19
53
23
408
32
K
