3
17
N
140
17
290
0
463
6
236
7
437
2
267
7
238
3
339
5
163
2
363
2
493
0
169
5
77
8
104
6
297
4
176
3
247
2
328
2
T
360
11
69
30
180
23
287
0
310
19
351
17
426
5
14
5
286
26
383
3
8
18
187
18
P
280
6
81
14
114
40
357
27
135
9
59
32
226
31
Y
260
9
340
11
131
7
12
20
333
19
1
4
15
16
265
17
60
23
24
23
U
160
7
372
17
156
6
161
4
9
17
466
21
455
14
301
13
X
240
11
377
10
86
9
49
9
402
6
230
18
317
20
0
17
440
15
482
11
410
20
269
19
F
320
7
289
12
353
45
373
27
158
43
390
35
193
4
294
24
M
160
12
210
0
46
5
386
7
409
10
147
13
222
6
137
12
242
13
483
11
358
10
251
5
53
12
Z
200
7
38
18
159
20
172
15
393
13
186
18
105
10
485
19
J
380
3
253
123
224
8
452
14
V
200
8
74
20
32
12
394
25
254
23
249
9
205
13
185
16
470
9
G
240
6
344
5
434
0
388
17
256
9
94
2
376
21
B
200
9
283
7
61
7
51
13
472
1
237
3
119
22
313
8
218
22
87
13
H
220
8
207
0
39
18
208
15
206
27
487
1
268
15
34
0
481
22
W
320
3
274
53
35
19
162
50
A
340
19
449
11
4
2
175
15
257
11
95
10
136
4
380
4
124
5
391
16
382
17
439
11
327
5
491
3
121
6
16
17
78
12
427
11
67
8
240
17
I
300
5
26
41
82
49
97
2
330
39
108
9
F
