3
13
J
380
10
483
27
196
7
204
0
250
21
286
32
230
38
471
32
393
18
70
34
39
17
H
280
14
37
19
145
3
90
4
417
7
310
13
139
12
38
17
224
9
446
9
473
2
1
9
142
6
102
10
262
20
F
160
14
261
7
115
0
112
10
460
3
185
2
299
8
453
5
256
1
246
11
478
4
236
4
184
11
470
9
406
10
G
380
15
463
19
91
19
51
2
271
20
247
14
265
3
88
19
363
25
103
0
220
7
100
14
397
1
160
15
440
15
356
20
L
340
13
202
13
252
0
25
25
432
15
377
10
17
9
110
9
162
16
469
26
411
24
188
2
167
14
63
17
S
360
18
136
18
315
4
320
6
305
6
223
17
183
20
468
20
225
13
480
4
61
16
130
18
67
15
495
18
416
5
454
0
31
9
65
7
282
20
Q
100
4
287
5
121
21
464
16
164
16
B
260
18
249
11
120
14
371
7
445
12
319
4
279
12
399
6
352
11
13
13
278
7
437
7
391
5
379
2
441
5
378
10
382
6
33
9
408
3
R
320
11
140
10
276
24
127
18
347
4
490
18
494
9
203
27
362
3
335
22
5
17
398
27
V
260
15
242
12
467
5
175
8
484
8
296
16
266
3
424
0
49
17
281
14
134
13
341
2
28
15
436
10
106
3
272
8
K
360
14
358
19
293
20
314
24
254
11
476
8
357
4
474
3
128
22
147
11
349
7
452
8
80
19
161
14
370
1
I
340
6
148
44
155
15
331
6
77
54
318
42
312
26
T
320
10
99
4
144
26
234
4
64
19
117
27
125
20
489
18
426
9
245
23
111
29
K
