3
14
G
360
7
498
46
179
26
426
16
294
34
217
12
141
40
296
34
T
280
7
307
34
306
2
363
27
272
15
442
20
332
15
311
8
V
300
15
317
11
384
20
199
20
433
1
422
7
152
14
173
0
343
13
377
5
79
17
65
13
450
12
77
9
342
9
98
7
W
140
19
427
6
193
6
466
7
60
1
237
0
250
1
185
2
493
6
83
4
461
6
145
2
415
3
298
3
34
4
491
6
227
1
231
5
16
6
497
1
S
100
14
74
0
123
5
349
6
401
2
403
3
25
7
371
0
202
1
320
4
58
4
305
5
138
1
78
6
300
4
Q
340
8
389
23
24
7
460
32
265
8
20
0
28
28
468
27
127
41
F
220
6
275
15
392
2
163
35
194
19
324
10
262
21
D
200
6
80
33
220
16
424
20
310
18
292
4
285
6
M
100
7
278
8
11
0
351
1
57
14
211
3
101
14
215
6
Z
100
7
383
11
155
4
397
10
302
13
457
12
142
4
180
7
U
100
3
189
16
348
4
463
14
B
340
5
360
51
32
12
64
65
110
25
84
4
E
360
10
12
8
256
20
218
29
246
29
277
30
326
23
165
26
413
16
71
36
452
0
H
140
7
239
14
399
2
183
1
315
19
456
9
208
19
386
5
F
