3
20
E
380
15
271
10
438
7
147
9
436
24
457
18
262
16
15
1
186
24
391
0
279
14
19
2
6
17
443
23
373
10
75
4
O
160
10
398
9
88
1
92
13
242
11
284
1
167
3
215
1
152
4
156
12
257
7
L
140
17
1
6
337
5
197
7
499
4
392
0
364
1
175
6
115
2
493
3
341
4
452
7
423
4
414
4
246
8
368
6
37
8
369
7
D
220
4
360
43
138
46
81
51
473
49
U
360
19
135
18
267
5
129
4
281
8
248
3
480
7
80
17
53
6
105
14
332
17
255
1
131
2
379
14
36
13
447
15
213
1
83
16
259
18
62
17
W
340
18
325
12
466
8
64
2
46
5
311
12
165
1
181
7
335
7
316
11
340
8
113
6
425
8
292
16
344
15
125
16
359
2
404
4
475
1
Q
240
6
321
36
301
25
384
29
240
29
169
33
437
32
P
100
15
153
4
93
0
461
1
374
3
469
6
108
3
294
1
382
3
408
4
472
2
402
1
72
5
70
4
116
5
326
0
G
100
18
123
0
492
1
225
3
405
1
453
2
177
0
365
4
180
3
107
5
228
4
155
3
183
4
444
2
220
0
100
0
22
0
44
1
7
3
X
100
4
128
20
347
10
35
23
462
9
R
320
16
5
6
56
11
178
9
163
19
230
18
45
1
13
9
3
0
289
17
445
14
386
0
188
6
323
13
435
3
489
9
495
19
V
340
15
454
14
395
20
465
19
67
14
143
10
345
5
416
5
185
17
106
10
399
2
358
20
456
19
439
0
222
11
315
15
B
180
16
295
11
362
1
250
11
497
0
367
1
187
7
224
7
363
5
298
0
309
3
417
2
487
8
95
10
418
3
204
5
375
10
J
380
15
16
24
306
3
12
3
160
9
126
9
317
21
277
19
361
18
89
5
57
21
421
4
119
21
483
25
223
23
114
5
M
340
9
428
8
63
27
112
7
90
27
485
17
54
34
162
30
245
32
282
27
F
120
18
151
1
455
2
422
4
59
6
308
5
274
1
479
1
28
4
427
0
98
5
192
3
210
3
291
2
490
4
305
5
203
1
237
0
96
0
H
100
12
419
4
285
2
264
3
307
2
127
6
78
4
498
0
60
7
217
4
24
4
17
5
287
4
T
180
11
460
2
371
2
297
14
276
5
10
16
346
7
161
11
407
8
87
2
65
9
176
7
Z
340
14
211
15
122
2
388
1
313
14
343
14
238
24
190
21
446
24
130
7
109
3
484
7
179
10
206
5
231
9
K
180
5
494
3
429
24
389
1
357
28
329
10
X
