3
14
X
340
18
358
12
62
14
366
8
419
14
343
5
248
13
249
3
454
3
89
9
58
13
13
5
317
13
254
5
49
1
453
12
175
1
239
16
204
2
O
380
11
427
8
171
28
345
27
26
16
398
21
6
3
236
3
386
27
362
12
203
6
214
19
Z
240
16
9
9
232
5
352
12
355
0
227
0
40
15
207
8
393
2
292
6
415
13
459
8
490
13
39
5
443
4
368
14
328
0
N
360
16
3
21
374
5
444
10
395
2
83
16
206
18
377
22
161
22
38
12
296
18
435
19
166
1
356
7
363
5
402
6
115
15
F
140
17
291
5
74
5
410
6
157
5
64
1
288
7
307
2
15
5
439
2
244
0
283
7
31
7
217
2
28
6
418
6
176
5
379
3
I
120
11
198
4
472
1
241
1
114
0
416
5
322
10
53
4
308
3
215
10
226
2
139
4
D
220
18
477
9
455
2
261
8
12
10
235
3
347
9
213
12
182
2
389
2
152
1
121
5
301
4
451
4
298
6
302
8
25
3
442
6
445
9
P
340
16
285
20
394
13
306
4
199
0
314
8
7
19
151
16
463
14
289
9
422
15
137
19
340
0
312
12
189
9
23
2
187
10
J
280
18
247
3
489
12
68
3
414
0
350
3
282
2
27
1
69
6
378
8
324
1
421
10
497
9
103
13
185
5
406
15
47
7
333
15
32
9
R
360
6
92
40
487
56
478
32
170
19
71
35
126
21
M
160
6
78
2
484
15
412
0
276
22
275
8
384
12
V
240
10
290
14
105
16
117
21
140
5
329
12
492
19
57
21
184
10
458
5
311
11
U
300
9
409
28
447
1
195
21
353
25
180
23
155
33
344
1
404
22
480
12
S
320
8
396
38
229
1
10
19
385
4
305
24
485
17
456
14
360
18
I
