3
20
B
100
7
444
11
484
12
491
12
485
1
107
6
461
2
472
2
R
360
9
392
17
80
5
368
0
343
13
463
3
300
35
342
16
29
32
281
21
K
240
4
324
10
432
17
137
59
379
48
G
140
9
94
6
120
12
240
15
212
2
448
13
200
3
31
2
396
8
152
11
Y
180
14
172
1
378
0
142
1
92
12
181
5
498
8
433
3
175
1
344
1
214
6
403
5
388
10
112
2
452
12
I
260
11
79
7
397
5
304
13
290
0
4
19
138
18
233
17
15
3
402
22
279
0
127
9
A
160
16
399
9
479
0
363
8
25
8
151
5
52
5
255
9
150
0
253
3
44
7
261
0
466
10
320
9
395
4
63
7
455
2
C
360
19
393
9
62
1
488
16
467
2
111
15
41
11
406
17
113
0
413
5
180
5
431
0
382
13
187
4
376
15
398
14
13
1
176
10
489
14
443
16
P
240
3
40
29
38
4
429
71
S
160
9
390
4
97
17
468
7
438
3
64
11
125
1
353
7
191
0
259
6
J
200
5
37
33
391
16
50
2
234
16
67
3
Z
180
6
282
17
236
26
439
30
133
16
205
29
263
22
W
240
11
422
17
490
10
301
8
223
12
316
7
274
12
8
13
436
9
348
18
78
8
158
18
O
200
4
286
42
270
45
95
13
149
39
D
200
3
224
42
434
62
383
60
H
280
10
381
1
157
22
3
26
287
23
495
11
108
15
206
19
155
0
48
28
322
7
N
140
3
427
16
266
43
183
0
U
100
5
60
20
45
10
145
3
414
20
169
6
E
220
15
159
13
35
10
34
7
458
13
99
4
456
0
134
0
257
0
129
10
288
7
334
12
130
5
297
12
0
2
394
10
L
100
7
374
5
494
3
153
1
262
13
49
9
410
11
104
6
O
