3
10
H
260
6
73
34
380
22
276
35
333
24
209
22
244
12
N
100
14
374
2
137
2
152
4
163
0
434
5
384
5
368
0
358
5
188
1
351
5
369
0
494
6
108
7
433
1
U
300
12
132
0
267
16
164
14
465
25
406
20
421
12
141
19
31
7
309
6
270
13
18
10
77
1
K
200
17
146
0
394
3
83
5
155
9
490
1
339
4
34
5
28
6
414
0
297
5
96
0
271
7
191
1
354
9
86
3
293
5
219
8
O
100
11
122
5
84
0
257
7
109
6
159
9
8
5
221
7
321
3
400
3
415
8
480
0
R
180
10
226
1
377
4
175
1
422
17
427
0
92
17
220
3
64
9
119
18
251
3
C
280
18
121
10
91
6
235
14
158
1
328
4
243
10
491
14
265
7
361
10
208
13
67
10
268
10
222
7
230
10
60
10
204
13
195
5
149
11
A
260
13
344
19
488
0
106
2
46
16
199
16
305
12
279
19
139
8
5
11
438
2
56
4
166
3
352
0
D
260
14
453
12
50
0
336
2
274
1
260
6
135
7
348
17
99
9
308
14
53
18
198
1
464
11
97
5
290
17
M
240
12
432
10
1
14
397
20
387
7
378
16
120
1
75
7
428
3
360
7
14
19
89
3
85
2
O
