3
19
D
200
12
301
0
276
4
345
14
40
9
50
0
143
4
439
12
245
13
13
2
179
13
286
12
25
2
J
240
5
29
44
134
48
253
40
480
24
145
7
C
360
16
79
1
416
22
135
22
335
21
359
11
220
15
443
15
483
11
378
16
186
0
236
19
172
1
89
8
10
19
11
5
244
1
Y
300
14
149
20
457
14
280
16
15
0
398
12
247
12
365
12
160
20
386
0
367
3
68
17
46
0
471
1
100
1
P
280
18
103
2
357
10
496
11
497
15
267
9
196
10
108
1
395
1
387
9
165
6
183
10
39
14
62
7
114
5
199
10
385
3
353
5
98
11
R
220
9
394
11
120
11
136
24
206
2
189
12
30
12
475
2
352
4
246
15
U
320
13
200
3
122
24
124
13
430
0
287
13
383
12
440
18
91
9
478
4
138
3
263
11
20
9
44
17
B
140
5
296
15
233
14
495
14
8
0
132
10
L
320
9
209
10
486
7
350
31
54
26
362
12
487
11
73
15
257
16
18
18
F
320
3
142
106
298
1
248
50
X
380
7
289
5
343
34
97
11
340
44
400
50
102
30
212
36
A
220
7
423
6
193
16
422
16
297
9
489
27
334
31
61
7
N
280
9
64
14
31
20
329
4
258
30
1
9
93
31
454
24
273
1
317
22
K
280
19
242
9
426
10
21
13
9
0
330
11
418
7
153
11
224
8
363
3
421
12
17
8
494
2
354
10
433
7
339
7
262
13
322
11
56
14
372
14
I
240
5
177
42
223
21
119
12
402
12
105
35
E
260
6
499
9
107
0
449
16
24
14
492
9
445
34
M
380
9
491
25
235
11
240
22
70
12
166
36
19
32
468
3
308
34
342
22
G
180
9
232
8
249
12
429
0
204
11
213
15
369
12
397
19
55
16
230
18
S
120
8
57
4
283
11
393
5
117
7
110
7
133
2
33
15
446
10
U
