3
17
P
140
7
104
4
63
3
480
16
22
13
132
8
176
2
172
20
A
260
6
354
34
294
26
261
26
206
27
312
26
244
23
N
220
17
42
1
145
5
297
0
57
10
499
0
21
8
240
5
54
3
61
7
323
9
445
4
148
12
498
10
341
5
350
7
438
9
422
7
D
380
7
388
27
348
41
13
40
255
37
290
41
115
51
258
17
S
180
3
493
55
83
54
179
41
F
100
9
326
3
3
3
370
10
332
2
374
3
144
2
56
3
377
0
465
7
T
380
7
168
25
2
48
109
46
399
19
15
31
331
47
459
2
B
180
5
296
15
117
1
408
6
128
3
482
21
H
340
13
309
13
416
26
335
9
340
7
230
9
122
9
405
13
239
18
435
19
329
23
463
4
174
14
454
26
W
220
9
248
23
111
15
204
24
419
19
8
8
336
7
53
20
291
3
218
6
Q
300
10
292
19
44
22
357
19
175
9
99
13
131
9
118
27
16
10
234
12
209
24
U
100
4
5
18
120
6
427
4
349
8
I
300
5
403
6
473
5
281
5
10
32
429
35
X
120
18
386
3
233
3
358
1
382
4
36
5
472
2
311
4
64
2
141
5
249
5
9
6
235
0
86
4
0
3
166
4
215
2
55
3
424
1
E
100
6
475
3
65
2
490
13
39
3
452
13
433
16
G
120
17
125
6
446
7
397
1
266
2
100
6
447
6
376
5
394
2
460
6
98
0
246
7
60
2
352
3
211
4
225
1
32
2
89
1
O
340
13
497
8
119
24
195
16
288
3
157
15
455
15
62
9
101
25
344
13
308
4
404
3
457
3
456
6
W
