3
15
G
260
14
194
11
285
6
230
2
435
15
122
17
485
7
100
12
237
3
344
9
57
1
120
12
195
5
447
17
223
1
U
220
8
499
7
475
20
109
27
196
22
368
3
228
14
106
23
349
26
T
360
12
181
15
159
11
58
5
11
5
315
8
214
4
272
17
33
3
320
5
208
5
42
19
236
30
A
380
17
79
22
27
8
54
6
378
19
332
12
93
19
28
8
309
10
369
12
327
19
157
8
60
10
417
17
150
8
341
0
81
7
163
18
X
320
14
146
5
298
7
44
3
39
12
277
15
218
0
217
14
73
10
68
6
288
13
167
1
193
12
404
20
227
16
V
220
6
374
7
354
0
430
23
246
25
363
29
256
2
O
380
17
304
2
119
6
478
19
221
15
429
17
452
10
50
9
365
11
258
22
247
10
399
20
164
14
128
14
99
4
278
20
260
13
212
0
L
300
7
75
16
319
39
385
25
466
39
200
41
25
20
415
29
M
320
17
174
6
222
15
326
12
367
7
21
15
494
10
321
12
71
18
220
0
443
8
161
0
338
1
74
6
459
3
491
17
328
2
357
2
Z
160
8
127
4
97
4
229
5
488
15
283
18
401
0
290
6
314
20
B
220
15
273
3
361
3
254
9
445
14
78
6
280
4
198
3
271
3
232
12
103
9
121
4
388
8
449
6
495
6
136
14
Y
360
8
419
15
294
21
116
2
465
37
215
13
102
4
171
7
403
42
R
220
10
296
3
420
18
282
18
454
18
86
10
463
5
180
9
130
15
356
4
350
4
Q
300
15
442
18
394
2
238
15
323
12
345
20
490
13
382
9
340
2
307
5
131
12
72
8
170
20
88
10
461
7
118
18
F
300
4
219
30
406
54
398
51
202
46
U
