3
20
C
320
9
337
16
250
12
39
12
255
33
480
8
497
14
37
30
465
20
249
29
Y
220
18
145
10
73
6
9
10
148
11
29
0
65
7
228
1
350
3
116
8
103
7
334
3
26
9
317
9
439
7
409
4
109
1
474
4
132
7
N
380
19
358
19
76
17
107
9
299
4
470
15
378
3
21
7
285
5
24
15
146
16
451
16
56
15
303
12
188
11
144
1
484
2
67
13
23
17
243
16
H
300
11
352
19
106
1
167
26
172
16
476
8
332
26
32
21
205
20
424
27
416
16
477
5
K
220
6
339
3
257
4
419
9
72
21
31
6
101
13
W
300
5
389
0
344
48
82
21
239
0
235
1
B
140
10
246
8
135
14
164
0
97
2
100
12
376
5
399
0
182
5
117
0
449
3
G
120
9
170
2
354
7
60
8
377
13
369
6
432
13
143
4
433
12
327
1
A
100
7
428
12
234
14
483
7
27
7
248
13
13
6
479
12
Z
220
4
427
26
496
14
442
6
81
45
S
100
9
387
4
112
2
286
9
384
3
310
5
88
4
400
4
158
4
96
7
U
200
16
177
3
94
9
355
8
459
7
191
2
142
7
91
6
218
4
55
0
403
8
471
5
201
8
162
8
18
1
165
1
95
1
I
200
8
50
24
347
17
252
0
398
7
68
20
251
14
157
18
209
3
L
240
6
335
26
125
28
383
16
328
13
197
23
418
32
J
280
10
457
6
390
16
219
12
93
26
404
1
7
15
99
12
211
16
329
23
386
26
Q
380
19
261
10
271
16
80
6
263
19
227
1
122
5
207
3
300
4
254
4
217
16
160
20
385
13
138
18
166
11
493
8
194
0
330
20
120
18
104
11
F
160
5
450
11
489
32
495
20
447
5
273
30
V
220
3
460
45
77
49
351
28
E
240
7
340
4
461
20
98
16
360
28
353
22
64
29
321
6
R
300
18
282
14
364
1
405
4
105
6
430
12
406
4
408
1
237
12
110
9
280
8
36
10
436
14
289
16
233
7
290
14
319
1
413
9
435
2
G
