3
12
O
240
12
299
5
331
4
166
4
83
16
369
18
309
15
459
16
52
18
58
0
167
9
472
17
353
0
G
280
10
443
3
139
3
221
0
345
9
287
23
118
8
97
8
493
3
261
1
327
11
K
160
13
326
0
489
5
465
8
255
10
496
3
366
12
17
9
154
2
245
8
480
10
482
6
115
11
410
2
F
220
17
400
1
295
9
165
6
394
1
434
5
395
0
389
12
145
11
297
0
181
2
13
4
238
5
164
7
133
9
356
0
341
4
43
10
P
180
9
24
5
110
2
490
5
162
6
424
14
123
9
348
16
447
0
449
4
Q
240
15
77
10
288
16
72
7
337
11
128
12
215
12
10
0
246
5
157
10
122
6
429
14
422
2
65
7
240
5
183
1
J
340
7
177
18
451
47
352
2
372
38
47
28
14
24
460
7
N
240
17
313
4
87
13
5
5
280
12
67
6
294
5
57
3
119
0
130
4
207
9
234
0
169
12
324
5
75
1
343
10
358
2
149
0
A
200
9
188
21
229
19
45
4
218
13
275
17
1
6
90
8
296
10
244
2
E
380
11
108
11
406
31
190
9
204
33
61
24
105
6
220
15
225
8
494
10
74
2
251
7
Y
260
19
333
9
318
13
361
7
32
3
455
4
425
6
257
13
30
11
290
7
470
4
25
13
338
5
373
1
163
9
278
8
11
11
71
1
267
3
241
11
X
100
4
298
16
293
24
94
24
132
6
X
