3
10
D
160
8
174
2
13
2
420
7
51
17
213
2
210
5
354
20
115
16
X
120
17
292
2
438
3
178
0
88
6
140
7
189
7
264
3
217
7
40
4
422
6
378
6
376
6
204
0
284
6
351
2
157
0
491
7
M
260
18
221
5
152
10
309
14
56
1
159
5
279
8
418
7
449
1
312
9
125
8
95
11
218
5
242
14
337
7
155
14
493
1
62
10
310
12
A
120
9
392
2
57
13
10
11
192
8
412
12
435
13
7
4
252
4
402
11
P
220
14
136
0
76
15
262
3
34
6
110
5
195
8
119
4
82
0
443
5
462
8
134
6
106
7
0
10
495
10
Y
220
11
112
2
283
10
423
1
234
7
226
6
481
17
387
6
103
7
289
19
24
6
451
15
H
380
7
248
33
442
5
399
15
196
2
177
36
145
38
18
53
C
360
19
294
5
160
13
306
3
201
2
479
15
114
14
474
9
461
2
143
10
102
17
80
16
187
2
365
7
475
9
190
11
411
17
198
16
276
12
45
10
U
300
19
346
10
37
8
86
4
447
13
322
8
202
3
341
1
230
3
139
4
151
5
258
14
436
9
417
5
30
14
327
9
172
12
81
4
259
5
1
5
R
100
19
455
5
231
5
92
0
168
3
448
3
499
0
58
2
150
5
301
0
65
2
219
2
90
2
388
0
175
0
87
5
290
2
194
4
132
2
154
2
Y
