3
11
V
240
16
351
2
297
8
408
6
142
11
196
8
417
9
298
6
84
12
79
13
231
5
430
12
488
0
80
0
469
7
287
3
100
2
Q
380
16
340
6
13
3
99
2
402
6
266
2
416
6
308
17
43
20
106
1
245
21
133
2
289
19
136
9
355
13
38
5
349
14
Y
280
8
358
16
224
35
456
31
126
24
110
2
252
14
218
26
105
19
O
380
11
330
18
265
0
14
25
151
30
415
32
498
16
362
23
98
28
63
6
423
12
329
33
B
300
4
90
25
272
64
206
20
88
62
C
320
9
132
24
164
2
385
32
312
13
76
0
474
31
490
4
383
34
268
1
S
320
18
264
13
138
14
154
9
407
2
232
6
300
2
86
8
396
3
226
12
101
3
301
3
438
1
215
6
440
9
443
15
343
17
93
1
480
2
D
320
14
92
17
431
13
209
10
121
22
331
17
172
18
353
7
183
6
420
12
248
6
204
2
335
2
291
18
51
1
H
100
8
460
9
228
3
103
9
128
8
328
6
24
10
311
10
30
1
X
360
11
184
2
406
32
5
16
281
20
285
23
350
29
8
17
283
2
211
28
295
3
54
24
U
300
7
461
30
46
24
26
25
473
6
194
37
130
13
167
17
Q
