3
8
G
140
5
386
25
421
8
64
28
429
5
397
28
I
180
18
130
3
349
4
144
0
174
8
327
9
203
7
121
4
456
1
109
9
173
1
76
2
52
6
158
6
256
9
396
1
196
3
73
3
297
1
J
240
17
305
6
119
13
74
1
115
6
31
6
157
0
330
14
412
13
316
13
409
13
422
14
257
8
300
9
339
0
133
12
464
11
29
13
M
120
8
298
0
10
8
389
9
140
2
258
0
434
1
306
0
21
8
U
320
14
123
15
283
13
271
4
265
2
122
19
105
21
393
18
187
11
279
15
214
8
12
14
418
16
238
0
55
7
Q
120
15
155
1
356
8
273
6
112
0
387
0
465
6
81
4
329
8
141
8
139
2
324
5
191
7
351
4
410
8
5
0
Y
360
17
91
3
248
7
336
1
473
21
345
12
142
8
292
2
166
1
417
17
424
1
437
7
113
21
478
18
226
12
224
18
132
4
47
19
R
180
7
492
3
359
20
182
23
26
14
323
14
231
19
391
22
J
