3
14
X
340
7
183
46
331
7
119
18
223
3
332
36
364
21
373
43
H
140
5
485
18
238
2
185
16
92
17
342
28
P
340
19
450
16
387
11
273
16
59
7
318
14
186
5
115
5
51
4
401
1
235
10
443
12
421
6
360
17
113
6
99
15
41
16
47
17
327
11
407
13
E
220
19
456
0
371
5
7
1
155
6
211
2
444
0
423
1
473
11
333
4
458
2
2
2
397
11
296
10
140
7
160
4
57
7
72
0
1
8
209
3
G
260
14
118
3
85
3
193
10
366
13
440
14
0
2
56
18
461
3
462
9
40
5
163
15
453
9
127
11
20
17
S
180
5
179
22
344
14
210
7
192
21
162
30
V
260
19
108
11
161
8
28
10
250
1
22
8
198
12
285
5
277
9
23
7
380
5
4
10
149
2
284
2
43
5
411
12
370
13
147
3
267
12
468
10
C
180
3
272
40
457
19
130
23
I
260
9
405
7
117
6
224
28
484
22
58
15
134
8
490
12
337
22
84
16
U
360
16
309
8
281
21
35
7
264
8
422
18
493
17
316
7
219
6
375
16
81
3
143
10
419
12
253
19
126
1
174
19
231
19
Q
320
13
90
4
290
22
6
3
36
9
399
21
244
21
53
21
330
14
15
0
433
1
388
13
202
6
30
18
B
260
11
103
11
50
5
64
2
31
3
14
15
122
0
11
10
73
23
79
9
96
5
201
6
W
240
9
86
8
429
2
204
0
354
3
34
19
217
6
335
13
359
20
378
23
F
260
18
203
3
190
13
45
8
303
6
101
2
348
5
328
1
400
11
382
10
164
14
477
9
10
10
229
8
151
9
288
8
137
5
199
13
49
12
H
