3
9
P
160
5
419
1
417
10
80
21
486
15
153
7
A
180
6
64
9
85
22
132
16
79
0
190
10
107
26
T
280
3
310
50
90
80
263
86
R
180
8
150
5
15
14
43
21
117
0
254
7
69
5
414
4
76
12
Q
320
13
288
15
236
10
176
14
168
16
195
21
289
17
465
18
283
12
204
20
9
12
110
22
102
18
494
22
B
240
14
430
2
33
9
365
17
47
1
436
2
262
8
111
14
67
14
171
16
322
17
359
5
230
11
356
7
326
12
W
240
3
478
47
106
41
472
30
U
280
12
473
4
442
0
366
23
309
9
206
20
65
3
428
1
319
23
320
3
374
23
265
10
394
23
L
240
16
390
8
227
13
124
12
384
14
120
9
357
14
164
1
28
14
440
7
488
15
42
15
482
3
104
15
247
4
63
10
163
15
W
