3
8
J
300
15
162
8
465
2
412
4
204
2
349
14
119
3
92
0
430
13
75
15
279
12
369
13
117
18
436
1
18
10
409
16
N
220
10
354
20
137
2
462
6
87
3
318
6
191
5
132
1
375
8
65
3
458
8
S
380
8
42
27
12
38
130
35
251
36
484
33
184
15
263
13
268
7
U
100
7
471
0
289
12
213
5
457
12
215
6
179
14
345
4
G
260
17
470
5
342
9
239
14
281
2
481
4
113
13
299
2
16
4
450
1
448
9
79
8
197
7
324
13
150
10
395
8
445
4
24
4
B
120
18
168
2
76
3
337
3
407
6
233
3
173
3
20
1
303
0
371
6
188
4
34
4
155
4
203
2
401
1
63
2
262
0
425
3
453
1
D
100
15
258
4
270
4
169
5
352
5
494
3
406
2
175
5
142
3
70
1
467
3
57
3
207
0
449
6
212
0
499
1
O
200
3
41
3
267
9
473
47
G
