3
19
P
180
9
134
1
205
19
279
14
266
9
354
8
9
8
373
2
54
7
424
13
S
300
16
365
5
217
18
178
8
275
12
55
8
194
3
359
18
157
1
192
16
175
0
108
17
471
13
435
9
358
7
213
12
229
15
M
300
14
26
5
473
3
40
0
5
5
186
0
463
1
162
10
44
16
91
9
112
14
439
7
99
20
231
17
113
20
W
380
9
244
18
428
36
420
25
7
4
163
36
375
42
224
2
267
17
416
2
I
280
14
132
0
482
19
85
0
216
4
406
11
22
17
103
4
446
10
261
2
27
9
106
4
6
3
52
9
320
17
Y
240
9
252
14
299
26
393
13
129
14
323
1
65
10
490
6
142
6
372
24
Z
140
15
438
3
140
5
280
6
167
8
392
6
86
9
123
8
409
7
49
6
118
2
269
1
78
1
82
6
19
9
14
3
A
260
16
218
7
486
7
32
7
417
6
369
1
107
15
28
10
21
9
168
15
442
13
189
16
382
13
150
1
255
3
282
16
227
15
R
180
19
418
3
155
9
13
7
105
1
210
8
302
4
239
4
333
9
325
0
149
8
379
2
341
1
94
0
57
4
124
2
262
5
111
5
230
4
381
5
L
340
7
436
15
307
7
67
2
366
14
343
47
472
43
407
5
E
160
17
344
9
378
5
401
9
314
3
458
5
284
9
72
9
84
7
298
6
16
2
308
0
331
0
187
1
414
2
430
1
127
0
191
8
H
220
9
425
0
376
1
332
13
43
13
399
0
422
0
45
7
23
0
453
13
C
260
13
448
19
316
13
390
2
287
16
214
3
294
15
371
15
90
9
402
12
165
7
415
5
74
20
452
14
G
300
7
317
1
260
36
364
5
233
9
83
40
161
22
164
41
T
180
8
487
3
24
20
154
22
395
14
30
8
182
11
18
15
450
8
K
320
11
374
19
185
20
336
17
176
29
29
23
92
8
180
11
440
25
293
4
31
12
388
22
N
140
18
368
7
295
3
413
2
12
1
432
1
151
2
96
1
64
3
249
1
143
7
309
1
48
5
3
5
73
3
396
3
222
2
455
2
305
7
B
360
4
310
27
2
42
223
4
484
71
J
360
6
491
0
250
44
355
13
497
24
485
39
321
0
Y
