3
12
X
140
11
14
12
267
6
109
1
484
10
379
8
462
11
209
8
485
0
252
0
319
2
346
9
S
240
9
128
23
460
14
29
3
487
16
475
21
44
11
334
19
313
2
16
24
Z
220
13
227
11
360
15
144
12
98
5
17
7
115
9
383
7
138
6
263
7
342
11
312
8
482
12
276
6
B
160
12
426
4
293
4
171
4
12
4
432
8
448
8
433
10
447
12
400
12
339
9
96
3
427
0
M
240
13
404
7
22
13
417
5
59
8
328
10
268
12
384
8
130
18
331
0
444
14
184
14
354
13
114
14
G
340
16
148
5
30
15
165
8
240
13
288
4
431
3
69
20
5
1
53
17
206
6
311
21
217
20
283
19
333
17
19
9
275
13
F
120
8
247
1
232
3
362
4
222
5
325
10
62
4
437
1
459
13
O
300
8
250
11
259
35
175
25
363
8
87
9
163
35
113
28
85
4
W
220
15
255
8
180
1
287
2
486
8
318
13
476
3
375
9
309
4
142
8
162
11
74
9
321
5
299
5
228
4
266
12
A
100
11
344
1
173
7
46
7
55
1
26
2
153
0
265
0
407
0
75
3
196
0
37
5
T
160
19
24
4
270
7
94
3
413
8
434
1
211
3
66
5
187
4
121
0
498
0
160
1
135
5
145
1
421
7
110
7
453
6
56
5
251
2
355
0
V
100
13
238
0
97
4
314
4
166
6
100
3
435
5
377
1
348
4
300
5
353
6
183
5
215
7
424
5
X
