3
19
A
100
4
25
14
116
22
258
12
223
3
D
180
19
102
3
492
2
140
6
313
2
301
9
327
7
69
3
1
1
248
5
214
2
333
1
132
0
237
3
178
9
21
5
192
3
456
2
432
1
117
2
L
220
5
486
0
119
31
452
37
337
15
326
6
W
100
3
428
10
379
20
330
1
T
380
3
162
61
278
20
74
29
C
100
10
75
8
206
2
203
10
484
8
289
5
129
7
307
1
370
7
230
7
489
2
I
360
14
316
19
304
0
6
12
79
23
232
9
321
3
350
18
387
3
134
16
159
19
377
13
318
25
96
19
418
20
G
200
7
60
12
415
20
5
14
66
18
494
16
392
13
226
1
S
380
15
388
20
383
24
309
15
282
14
199
6
146
11
320
15
139
1
32
15
184
17
269
2
464
17
315
2
171
3
442
23
U
100
16
52
5
339
5
267
6
270
6
438
2
113
4
487
0
208
0
273
4
397
5
344
5
165
2
191
1
182
1
101
3
342
4
X
120
6
371
11
238
2
196
8
109
7
137
9
73
3
Z
360
8
471
27
222
27
211
10
99
9
405
42
483
40
98
6
35
45
N
300
5
245
35
164
11
176
22
329
56
103
12
O
180
8
15
11
82
22
252
2
7
16
225
12
51
21
62
11
202
2
J
100
15
394
1
332
2
499
1
295
3
458
6
284
6
65
0
242
0
310
4
441
2
255
5
239
4
58
2
412
2
466
4
P
100
5
373
3
4
13
14
16
46
18
28
5
B
340
4
241
74
473
57
356
36
485
4
R
340
9
423
1
481
30
369
8
468
12
218
0
120
22
204
12
296
28
54
8
V
260
8
495
3
8
18
84
32
11
27
124
23
293
20
135
18
251
19
J
