3
25
Q
260
3
281
24
372
4
151
46
A
300
8
8
14
299
15
173
19
201
16
486
18
300
3
247
22
108
21
U
160
7
448
21
404
5
255
20
470
13
142
10
267
16
282
12
I
340
4
40
0
110
69
74
39
92
18
Y
380
9
184
33
198
17
25
39
475
20
496
30
402
16
479
0
452
31
52
10
R
360
17
136
17
413
1
79
4
87
6
460
20
212
11
85
9
207
9
495
0
244
14
161
16
28
15
194
5
117
1
262
2
237
8
26
2
N
280
10
408
23
16
20
366
13
298
17
221
27
55
17
369
3
395
1
453
2
288
2
F
180
19
329
6
224
1
86
4
454
9
263
8
215
5
301
5
169
6
84
1
226
6
492
2
112
0
20
0
338
8
272
9
90
5
264
8
135
8
89
3
E
300
15
435
1
349
19
30
12
283
3
286
18
75
15
389
11
157
15
387
7
256
10
228
15
109
0
392
6
3
17
336
16
W
240
4
2
45
140
40
355
13
438
8
K
180
9
374
9
72
4
121
1
322
2
45
9
21
2
123
10
246
17
364
19
M
180
16
440
5
64
4
134
1
46
8
103
1
321
11
31
9
158
5
57
3
494
0
53
9
50
5
270
9
37
1
10
3
487
8
S
180
9
98
6
34
12
105
5
51
5
202
1
373
11
116
3
384
12
0
8
P
240
9
292
23
455
23
473
1
99
9
225
25
185
9
175
26
29
3
183
0
J
300
5
59
38
443
1
71
28
96
42
242
52
X
360
16
394
13
159
18
122
10
458
0
340
3
293
13
148
10
397
0
133
22
457
3
11
12
305
18
61
8
436
17
17
4
352
13
Z
300
13
216
11
83
4
477
14
367
9
248
8
412
22
138
20
48
13
467
3
434
18
273
5
205
14
252
19
L
260
8
19
9
32
11
130
6
313
1
243
14
365
25
239
16
370
24
O
360
11
337
2
333
22
197
30
289
4
380
23
218
26
129
4
68
30
93
4
335
21
193
32
G
100
10
498
9
484
4
350
0
200
8
393
10
39
1
155
8
356
8
426
5
66
3
D
140
11
449
2
466
3
461
0
442
0
190
2
278
2
128
3
179
3
294
9
388
6
441
7
B
200
18
324
6
187
2
189
2
482
7
94
0
339
3
120
5
14
6
144
4
73
1
249
9
150
10
47
5
274
2
464
11
314
10
371
1
180
8
C
340
5
24
61
459
54
345
45
43
33
143
0
V
360
14
6
22
23
0
490
18
164
18
227
8
311
14
139
15
420
0
450
9
316
6
332
23
62
14
327
22
481
11
H
360
4
203
5
469
61
424
66
124
18
O
