3
25
E
140
13
128
8
54
1
350
10
464
5
56
1
245
10
174
0
25
4
15
6
250
7
20
0
475
9
437
1
M
260
7
226
23
485
6
102
18
193
25
105
0
198
9
65
17
K
360
11
140
17
3
14
409
24
303
21
318
3
341
23
406
15
419
2
127
5
361
29
363
26
V
380
6
373
55
119
25
51
45
424
50
444
0
134
25
R
300
4
284
25
345
13
141
16
416
5
G
240
6
158
36
386
2
364
19
0
38
239
6
274
15
C
240
17
310
2
199
4
79
12
38
13
89
11
398
11
109
13
445
14
217
13
261
14
368
0
75
4
63
10
181
12
387
7
263
2
124
9
Z
200
9
319
7
98
17
232
8
357
9
28
19
462
17
408
8
22
8
307
18
X
100
10
6
1
299
5
375
1
306
5
412
1
113
2
2
8
163
4
203
2
92
4
N
120
15
93
7
459
0
108
4
491
0
66
3
55
8
228
7
440
0
13
0
72
1
236
1
308
2
301
5
468
1
323
4
H
380
5
215
66
283
41
484
2
354
65
234
32
U
340
4
240
52
212
39
146
32
142
2
A
200
3
278
30
402
57
490
6
F
320
7
180
34
400
12
122
17
125
19
472
38
382
17
160
5
B
380
17
367
6
325
14
114
8
62
0
270
12
465
21
194
6
138
19
175
16
184
21
384
4
186
1
147
21
254
18
298
14
216
0
457
20
W
240
19
334
3
421
2
77
3
326
1
185
10
394
11
133
9
229
3
137
4
155
9
230
6
224
9
95
9
70
12
45
1
159
11
129
3
249
2
35
7
J
220
10
348
17
449
20
43
20
458
14
304
15
267
11
272
4
391
19
262
13
41
17
Q
160
12
392
10
206
13
252
10
132
3
68
5
29
6
496
2
231
13
342
5
481
3
111
4
84
4
T
280
12
154
4
383
20
492
16
461
7
269
19
355
7
30
11
265
17
123
18
34
15
331
16
415
10
I
200
7
429
26
233
7
9
7
60
22
189
9
271
26
211
3
O
320
11
290
21
251
26
380
1
24
23
49
5
131
13
423
25
332
13
190
2
50
10
405
8
L
360
3
74
110
101
112
275
84
Y
340
19
76
12
177
15
268
4
126
0
477
6
411
12
103
12
329
4
148
8
372
2
209
1
151
17
31
6
469
14
201
17
179
16
403
4
200
7
279
7
P
160
6
287
7
16
7
483
18
196
14
222
25
167
6
S
280
7
385
28
5
3
351
12
381
35
83
39
130
3
428
24
O
