3
17
A
380
14
32
14
286
27
230
5
303
24
475
24
150
21
54
15
454
8
494
0
298
5
426
7
375
25
482
7
344
10
B
240
19
71
1
109
11
118
3
167
0
168
3
299
1
224
2
170
10
269
8
340
1
458
9
127
1
420
8
336
1
227
4
387
1
119
4
442
1
206
8
H
180
17
125
6
116
3
380
9
238
3
447
5
72
2
88
5
65
6
335
4
274
6
265
2
365
2
337
10
35
0
117
9
11
10
483
7
T
280
19
37
2
204
2
433
11
132
14
300
13
263
6
275
5
459
6
498
9
257
5
347
13
358
9
317
10
307
6
385
9
245
4
100
2
79
13
196
5
L
380
16
302
0
101
15
84
1
481
8
217
11
21
23
222
18
195
12
430
0
181
16
5
7
377
23
188
1
134
12
78
2
123
16
S
180
9
46
4
89
17
164
10
278
5
402
7
192
10
250
11
200
2
122
8
I
280
18
416
0
364
8
434
2
139
8
39
7
497
12
406
1
390
7
273
2
391
13
193
11
247
3
395
6
106
13
318
8
438
13
98
3
285
1
Z
340
13
30
26
70
3
242
16
157
22
409
13
205
17
488
25
372
11
133
18
334
17
0
21
86
22
155
6
D
200
13
220
2
58
6
268
15
31
13
75
5
492
14
421
15
95
14
234
11
249
8
212
14
363
15
326
9
E
140
13
296
0
297
5
456
10
19
1
138
8
441
10
159
3
111
4
301
5
428
7
202
10
166
0
83
8
C
300
14
418
3
60
14
452
20
6
14
151
11
487
10
410
16
491
2
272
14
306
21
152
21
92
7
352
4
266
14
F
100
9
121
0
51
9
374
10
210
11
233
6
3
0
480
5
85
0
239
8
R
320
13
128
2
10
8
354
22
228
23
310
3
172
24
439
5
293
4
324
9
376
0
223
0
435
11
185
15
U
380
4
388
34
466
33
226
43
423
27
X
120
5
24
8
486
23
179
21
386
16
110
9
P
220
19
94
6
161
6
97
6
393
8
194
6
140
3
135
4
146
4
27
0
124
11
290
6
197
7
490
1
477
11
463
5
69
9
333
2
34
0
231
5
Y
120
6
225
19
472
13
59
7
80
18
261
1
400
17
C
