3
19
C
120
10
156
9
243
6
141
0
339
2
275
12
256
7
475
12
494
12
122
0
432
9
L
100
13
197
3
219
7
210
6
127
1
433
3
361
3
19
0
55
3
228
3
238
1
352
6
70
7
429
1
E
240
10
181
2
106
2
164
0
487
10
179
0
212
24
289
22
90
6
468
24
35
12
V
280
13
340
6
230
13
471
14
406
18
270
13
304
20
366
4
469
4
268
6
442
19
329
19
380
21
30
4
S
340
6
374
16
3
49
245
26
332
19
17
41
368
36
R
260
19
4
12
234
0
384
9
113
9
263
5
283
9
187
11
392
2
285
2
486
2
59
11
39
7
137
3
382
11
205
7
163
2
32
9
317
11
148
12
G
200
12
33
14
499
3
269
11
310
4
478
16
49
1
290
14
222
3
36
3
417
10
231
4
16
1
Q
320
14
257
8
221
21
132
21
420
9
216
4
441
12
370
8
414
8
174
16
34
16
157
8
467
12
130
3
305
11
P
140
18
351
3
321
1
474
3
45
2
158
6
176
5
461
3
373
7
24
7
407
6
296
4
170
4
203
1
458
1
369
5
403
5
95
3
125
2
W
120
17
232
0
126
6
72
3
422
1
186
4
355
2
194
4
40
3
63
0
282
3
119
5
1
7
386
6
12
7
108
0
128
5
348
6
N
340
19
412
11
311
3
272
0
383
4
419
16
69
14
279
17
453
9
140
12
60
6
48
1
260
1
313
4
312
10
102
6
387
10
239
13
463
0
5
8
H
220
18
428
7
208
8
430
3
168
3
52
5
51
12
410
8
114
7
456
8
405
12
241
8
367
6
390
2
27
0
479
7
103
3
160
5
74
6
F
100
13
85
6
320
1
116
0
13
7
167
7
328
4
8
1
415
1
291
5
375
0
61
7
365
4
129
1
B
100
9
402
11
485
5
22
4
295
8
385
1
100
0
372
2
185
5
6
6
J
360
17
50
2
78
19
199
15
143
19
446
10
271
10
331
11
62
10
224
9
0
16
388
21
142
17
343
14
134
16
77
18
280
14
391
11
D
180
5
123
31
178
1
266
3
345
28
482
2
M
220
8
489
14
360
15
347
13
480
13
426
11
425
14
431
4
89
13
Z
180
8
298
17
314
7
66
18
20
8
299
16
462
0
393
13
112
12
K
300
16
172
11
341
16
362
17
303
18
302
17
44
13
359
4
133
12
477
11
233
17
91
1
378
12
223
1
209
14
342
17
470
5
V
