3
6
C
240
11
96
10
100
6
215
5
341
3
270
8
298
0
104
12
328
11
7
8
360
1
4
17
O
260
17
331
3
220
6
158
3
47
6
103
14
97
13
58
5
115
2
76
6
418
3
224
9
169
11
400
15
463
7
177
6
127
9
494
2
W
220
7
450
29
137
0
5
4
18
2
398
22
93
28
175
4
N
340
19
190
6
252
2
67
10
442
8
335
14
106
14
423
15
189
10
470
12
458
11
72
4
330
8
379
8
350
10
11
13
316
5
282
16
261
12
170
12
Y
140
4
98
7
325
27
53
11
241
24
H
160
19
33
7
472
5
124
8
479
4
456
3
391
6
266
6
371
8
455
3
345
8
439
4
204
1
441
3
90
3
71
4
198
0
8
2
225
7
311
3
Y
