3
15
H
360
14
354
21
409
8
385
24
407
0
470
11
340
2
268
7
147
23
119
15
314
25
257
12
53
9
427
3
403
5
N
360
8
138
1
125
32
320
30
471
32
241
8
128
45
172
40
414
31
T
120
13
30
8
17
2
363
8
63
3
490
8
404
1
20
8
89
3
98
3
51
2
183
5
233
1
72
1
B
380
13
230
25
205
7
367
11
242
25
47
29
210
22
473
25
243
5
388
4
453
16
455
8
466
18
186
3
X
140
12
49
7
353
1
422
7
454
1
246
6
441
7
27
6
182
8
301
10
269
0
323
0
37
4
R
200
13
334
11
150
11
99
15
170
2
25
3
9
1
292
6
418
2
393
8
333
11
244
6
445
9
312
9
S
200
14
179
6
304
10
277
11
463
3
412
14
120
0
24
1
94
8
375
7
417
2
267
1
77
7
392
10
330
10
D
160
3
1
28
256
35
224
16
I
100
13
167
4
215
2
382
4
399
7
110
4
113
5
2
6
326
4
104
2
374
0
291
6
19
0
154
5
Q
220
17
405
12
387
9
124
5
54
9
491
8
308
5
369
7
302
10
13
12
192
9
21
4
274
8
174
10
425
10
58
2
328
5
188
3
V
240
17
468
9
434
3
184
1
381
3
391
1
452
3
437
7
299
14
496
2
88
14
480
4
45
11
115
6
477
14
106
13
105
8
309
9
M
240
3
499
22
486
55
321
36
C
200
16
416
10
101
10
148
6
383
4
48
5
204
10
131
8
390
2
157
4
11
1
372
6
485
6
111
5
26
3
152
5
114
2
F
280
14
359
0
377
14
8
5
123
19
97
6
263
17
5
3
476
2
313
0
74
19
415
20
279
7
201
17
231
3
J
340
12
91
23
151
1
208
22
211
6
42
13
189
13
64
19
220
15
327
27
223
10
39
19
252
12
V
