3
22
W
200
4
176
30
187
22
401
29
27
29
Z
100
12
271
1
52
6
197
5
322
8
370
7
21
8
259
3
403
7
412
7
302
5
229
6
31
6
R
260
19
138
13
22
12
63
12
430
12
92
12
169
9
272
4
119
12
45
2
43
1
266
6
309
3
172
9
134
9
368
3
343
10
164
13
354
2
312
12
K
100
13
246
7
288
5
125
5
366
1
328
0
458
0
493
5
177
4
256
1
179
4
139
6
171
7
160
7
V
240
8
419
4
426
19
97
13
383
25
126
16
96
9
460
9
130
26
C
240
19
183
6
225
4
105
8
123
0
192
5
321
10
473
9
296
7
47
4
408
1
2
1
267
0
216
7
211
11
199
11
201
6
446
8
159
0
48
9
J
320
4
474
55
174
6
475
51
77
67
N
340
14
71
20
427
12
349
12
363
0
485
20
113
5
67
4
14
21
477
23
25
8
367
7
470
22
463
19
350
18
X
160
16
409
2
32
1
304
0
190
4
72
5
268
6
436
0
152
1
499
0
61
10
206
6
442
3
81
8
386
5
467
1
233
10
P
240
12
293
12
496
16
292
11
459
2
254
1
389
12
46
11
381
7
415
18
365
4
168
6
114
9
L
320
4
209
65
188
80
245
32
88
40
G
200
6
325
22
154
5
162
5
262
5
147
20
399
6
I
280
15
239
0
94
12
464
14
432
16
10
4
17
15
9
12
41
5
407
14
195
2
99
6
260
7
150
6
155
9
495
5
O
340
9
358
29
178
29
429
32
335
28
7
17
311
20
435
19
228
26
298
27
Y
220
13
219
1
189
1
261
15
137
1
329
9
410
15
466
7
0
6
461
1
136
7
353
11
140
5
362
11
H
260
7
341
37
220
37
462
28
290
32
286
19
143
37
488
0
T
140
17
196
4
12
4
1
0
445
3
447
4
428
2
64
0
236
3
112
8
411
6
158
5
184
5
378
6
444
7
497
5
391
6
60
6
Q
220
14
421
8
404
13
315
2
76
9
287
5
5
13
122
12
281
9
284
1
231
10
33
10
398
11
106
15
30
7
B
120
5
424
1
13
1
238
15
400
13
117
7
U
220
9
423
17
306
21
49
1
116
8
431
2
364
17
434
11
384
24
374
1
S
260
11
249
10
36
13
11
16
357
14
457
10
276
13
336
12
28
5
144
6
301
22
40
13
A
380
15
291
19
313
2
217
0
234
21
218
7
248
18
481
16
232
3
385
23
394
17
128
9
300
21
204
17
145
16
387
10
J
