3
8
X
360
5
417
71
267
60
436
33
281
44
397
53
Z
220
14
494
1
296
12
7
0
79
15
103
3
288
8
192
5
310
11
268
15
446
15
125
7
347
1
269
7
391
6
Q
100
12
350
8
357
8
151
4
70
0
492
2
459
5
107
2
208
4
146
0
255
4
60
8
271
3
V
100
11
369
7
373
8
299
5
371
4
90
9
440
7
72
8
27
2
91
6
78
6
374
2
O
100
14
400
2
101
6
58
3
223
3
5
7
33
7
171
5
488
0
495
0
0
0
174
1
1
2
377
6
37
5
B
360
16
246
2
370
15
216
17
439
4
244
1
214
7
188
12
307
10
45
1
212
10
479
2
302
22
334
1
434
22
245
10
199
12
E
280
7
232
30
301
4
254
3
294
4
448
27
493
30
476
30
G
320
9
368
17
359
32
100
11
217
10
221
35
204
17
499
6
487
16
59
6
G
