3
24
T
380
5
69
67
194
14
311
34
28
36
33
58
L
120
9
12
13
442
11
493
4
488
10
73
3
498
6
110
1
148
4
464
2
B
320
12
262
15
371
11
123
12
20
0
325
16
25
24
483
11
253
24
158
23
316
7
45
13
367
26
M
380
3
229
66
103
93
157
124
R
140
5
49
21
378
12
335
1
243
21
236
2
G
160
17
170
7
34
4
398
3
187
3
484
9
189
2
492
1
416
4
237
4
459
9
174
1
357
7
266
8
213
1
260
7
356
2
395
9
D
340
11
88
14
41
3
200
14
328
24
355
12
347
30
271
27
67
6
430
4
239
29
322
16
H
200
4
80
20
68
19
468
37
396
43
N
220
11
336
1
456
9
276
13
242
15
345
0
392
0
190
9
449
4
342
19
281
9
309
0
O
260
14
261
7
482
8
268
18
205
15
435
6
391
9
433
3
246
9
264
1
175
3
247
12
70
10
192
11
218
10
V
100
14
454
6
55
3
95
6
131
3
350
0
379
4
105
6
361
1
84
3
204
5
380
2
48
3
295
6
77
6
K
160
10
280
0
475
9
111
10
18
2
294
1
387
0
467
2
129
6
323
13
346
0
Y
200
5
9
2
408
40
331
1
351
30
377
27
C
280
12
427
2
444
18
35
21
478
13
305
3
479
17
215
0
160
20
203
2
249
7
338
12
465
14
Q
160
8
481
1
181
2
7
0
489
0
2
11
108
16
455
12
315
11
W
100
12
490
1
120
6
472
4
186
0
376
6
94
0
397
6
133
4
424
8
417
7
206
0
370
8
S
360
7
53
42
85
6
89
30
445
32
230
31
453
23
56
41
Z
260
18
135
7
306
5
302
7
293
9
145
10
6
4
428
13
32
14
274
5
354
1
291
9
220
13
317
2
217
7
139
8
269
12
17
1
320
13
U
180
4
214
9
412
6
273
3
267
7
P
160
10
401
0
156
1
304
13
381
14
340
1
256
15
359
13
245
8
137
7
480
16
F
200
7
286
14
76
6
119
11
188
19
115
24
81
20
102
10
A
300
18
372
14
460
3
436
15
457
13
374
5
208
12
3
10
61
3
93
10
298
15
151
6
278
14
287
10
441
9
128
14
310
8
27
5
437
16
J
180
8
16
15
375
18
228
4
116
14
486
22
125
21
78
9
283
2
I
380
11
169
7
385
0
159
34
122
22
141
22
386
25
366
17
466
13
275
9
13
22
191
27
B
