3
15
G
280
16
304
1
307
15
123
16
63
0
161
16
0
7
321
1
472
11
282
12
149
11
151
7
119
11
354
6
190
6
420
10
299
4
V
160
7
182
4
385
13
479
18
469
13
305
13
297
15
279
0
T
260
17
471
5
99
0
308
15
77
10
207
15
41
4
460
4
303
14
253
11
27
9
437
5
79
12
174
15
350
6
34
14
138
13
357
9
L
280
9
90
2
33
27
494
13
14
1
483
3
328
11
201
0
371
10
378
24
Q
140
17
167
3
352
5
72
6
351
4
102
2
4
0
461
7
107
5
88
2
399
6
188
7
103
6
484
5
39
5
67
1
334
2
363
5
D
100
3
105
31
205
27
429
30
R
320
18
159
9
87
17
122
4
431
7
230
10
280
9
412
5
187
7
96
10
419
1
478
2
251
9
287
13
233
17
224
16
240
4
186
8
94
14
N
160
7
250
4
266
16
438
13
139
5
497
7
126
11
116
14
O
140
9
18
10
140
11
172
11
362
4
292
3
430
7
177
1
28
8
155
1
H
320
3
408
68
7
18
204
82
Z
260
4
128
17
475
63
17
59
404
20
J
100
10
348
1
449
4
241
8
382
9
153
3
254
8
157
2
21
1
61
7
380
4
I
280
13
360
8
131
9
89
4
124
21
57
7
268
21
353
8
325
13
487
21
407
0
80
12
425
8
179
4
K
180
14
296
9
312
5
403
4
66
11
42
10
349
5
242
10
446
6
95
12
324
2
19
9
2
4
301
10
196
6
B
200
17
485
3
16
4
73
6
467
1
444
11
214
9
235
3
178
8
457
9
121
5
246
5
439
1
424
11
335
3
488
4
375
7
104
10
N
