3
20
I
100
11
136
6
323
0
179
3
35
6
93
0
171
1
393
2
38
8
494
0
155
2
74
8
C
160
12
208
12
448
2
186
11
87
11
253
12
86
2
2
9
79
4
173
3
272
8
288
2
128
10
E
320
5
26
48
8
39
289
54
81
64
109
30
G
200
14
254
13
398
5
77
10
333
4
70
14
304
8
210
7
121
8
284
14
451
4
249
8
125
12
239
7
469
6
F
160
10
116
0
246
6
41
1
1
13
422
8
242
7
71
12
154
10
12
11
365
6
P
120
19
497
3
319
1
174
4
373
5
231
5
309
4
265
3
245
4
367
0
310
2
88
0
62
5
301
5
473
2
58
4
493
6
75
2
139
6
0
4
X
160
5
298
20
168
22
161
26
479
1
123
16
H
180
5
218
35
444
29
470
4
80
2
474
25
R
260
13
118
20
396
14
408
3
101
16
50
20
232
20
117
11
374
1
228
17
259
2
94
20
257
17
15
15
L
260
10
405
14
346
2
166
17
66
18
378
12
413
22
98
12
145
2
466
0
331
20
B
100
4
339
1
410
16
191
20
414
0
A
280
5
67
41
281
36
18
22
157
16
450
8
T
380
6
380
2
234
50
295
34
358
3
270
24
211
4
K
260
19
337
9
481
4
391
2
351
13
6
6
311
11
23
4
233
4
455
3
20
10
112
2
113
6
302
3
56
8
312
5
453
13
230
7
205
13
100
8
N
320
13
59
7
255
21
10
9
185
22
199
9
440
12
317
13
412
6
192
0
428
24
49
5
420
21
468
3
U
200
16
273
6
111
10
477
6
164
3
355
10
219
10
370
0
76
2
483
11
131
7
92
1
162
2
306
4
42
0
200
1
459
7
D
100
15
247
2
363
4
342
3
350
3
133
6
349
1
137
5
416
3
237
3
487
2
269
1
381
5
48
0
377
6
467
3
W
300
14
368
15
277
19
419
6
159
3
369
8
300
20
376
4
372
18
110
14
437
21
256
2
146
1
129
18
315
8
Z
340
8
385
27
499
9
69
6
214
39
433
41
238
39
492
38
332
1
Y
120
15
108
4
490
8
338
3
114
4
202
6
31
6
282
8
65
3
266
7
130
8
89
0
33
4
462
3
221
5
193
4
I
