3
6
S
300
7
428
7
64
21
123
30
192
24
202
4
337
37
295
30
O
140
15
247
4
381
8
189
0
273
3
475
4
15
4
382
4
379
7
384
2
277
6
200
3
253
6
73
7
19
7
411
0
M
360
19
1
14
23
3
470
3
186
14
107
0
226
11
440
18
342
5
154
6
498
4
367
0
26
7
461
12
168
17
60
7
467
4
5
0
72
11
341
14
Q
340
4
57
62
173
7
13
40
371
56
E
380
10
321
15
340
15
63
4
454
16
29
37
385
23
439
32
6
3
212
35
356
1
C
320
12
482
9
176
1
81
1
75
17
251
6
80
2
289
20
58
4
243
21
471
18
178
6
124
12
M
