3
22
D
380
5
120
10
343
16
258
20
144
40
418
36
G
380
8
367
44
208
46
363
44
269
43
296
24
266
14
3
45
317
2
P
380
17
314
9
326
17
193
4
143
4
94
22
417
8
309
11
46
17
82
10
337
15
253
2
459
15
189
10
408
9
316
20
110
12
286
22
S
220
6
446
29
243
14
232
35
148
22
54
22
41
7
A
120
11
224
9
204
7
461
4
471
9
180
9
213
4
348
0
202
6
382
9
466
1
182
10
L
380
5
332
1
261
3
141
51
245
47
231
65
I
240
17
28
0
330
5
351
8
145
13
222
10
270
8
118
11
402
6
35
12
113
1
116
12
267
1
432
10
73
12
139
5
72
10
153
6
Y
380
14
435
16
209
22
308
20
438
20
129
18
430
3
27
0
160
1
117
16
68
0
138
4
201
27
47
9
230
2
F
280
3
254
59
36
32
479
25
C
240
18
305
6
325
1
486
0
112
4
210
7
111
5
434
11
165
9
318
9
242
10
496
7
30
6
415
5
59
0
350
2
123
3
495
3
272
10
R
380
3
472
26
121
48
239
48
N
160
10
0
0
183
8
49
5
490
7
150
3
279
8
492
10
56
10
87
1
192
13
T
280
18
377
6
60
12
321
5
170
4
460
11
265
13
375
4
368
1
360
11
340
0
196
13
126
12
219
15
284
13
220
11
122
6
262
15
164
1
Q
260
19
347
3
50
8
203
11
85
8
424
2
187
2
80
11
240
2
131
6
264
4
233
11
331
8
146
13
217
0
355
2
334
5
285
2
98
4
86
1
W
200
17
16
0
342
1
362
5
156
4
20
9
21
5
441
11
477
6
63
2
465
0
157
4
4
6
387
1
102
5
149
7
338
1
45
2
K
100
15
416
5
299
5
256
4
97
3
133
5
470
3
174
6
364
4
282
3
51
0
369
2
223
1
88
3
488
4
482
4
H
360
17
421
0
106
0
10
3
433
11
384
5
394
2
283
9
228
1
246
5
457
0
96
12
135
17
177
16
241
8
152
11
451
0
90
19
E
260
9
390
16
391
15
493
5
352
20
31
19
392
18
278
28
161
5
181
23
B
300
3
127
42
443
42
271
23
U
360
9
431
27
199
10
468
25
70
39
320
12
166
15
307
18
58
34
484
20
M
280
7
365
25
449
30
294
9
235
2
237
28
22
38
444
1
Z
220
17
287
2
103
4
373
5
134
9
221
6
344
6
289
6
172
10
327
2
178
5
370
2
62
5
190
6
426
10
12
10
398
10
378
4
E
