3
16
M
160
17
358
8
424
0
362
0
407
4
460
7
242
8
133
5
236
6
108
1
199
2
284
0
467
7
466
3
127
5
1
4
273
5
408
7
Q
360
11
421
5
158
27
145
9
311
9
452
9
429
23
392
31
418
11
457
17
240
9
312
19
Z
120
12
112
10
124
1
426
4
400
6
75
10
448
5
229
9
116
1
310
9
126
6
435
10
128
10
Y
140
19
183
7
394
7
363
7
68
6
428
3
256
1
30
1
450
6
212
4
130
0
300
4
348
0
245
3
299
3
422
6
163
0
261
1
367
4
251
5
O
140
10
344
7
132
5
205
10
113
9
10
8
304
10
46
7
324
11
353
11
492
4
J
120
11
309
2
179
9
396
0
340
5
26
10
470
6
318
10
297
8
70
2
184
7
262
5
G
320
19
215
6
409
11
185
9
31
4
73
5
4
7
150
15
382
5
80
1
486
3
472
5
296
11
82
4
42
0
210
9
386
15
214
11
410
8
253
4
S
280
11
313
4
489
1
29
7
449
4
84
15
121
25
490
13
420
12
320
21
442
6
59
19
L
200
13
230
1
196
2
27
11
292
1
241
13
182
10
221
3
232
15
317
4
431
10
254
2
79
0
218
7
W
120
10
314
5
6
4
131
11
153
10
355
12
346
1
398
8
260
2
55
6
433
7
X
320
10
495
25
369
31
62
1
0
20
9
17
328
20
51
25
332
2
202
1
5
26
F
240
12
19
9
123
13
387
18
120
14
341
16
329
17
213
14
224
19
43
5
469
0
373
5
238
12
C
280
11
319
24
411
10
419
9
395
0
45
2
149
16
305
0
200
3
201
3
302
24
168
21
H
380
3
497
44
136
117
37
117
I
240
11
117
10
458
2
474
4
58
4
52
5
148
1
152
5
415
5
206
15
101
12
451
4
D
200
16
445
4
282
3
60
6
237
1
222
6
307
3
390
0
98
4
290
2
461
6
283
11
397
2
40
10
321
4
267
10
137
8
S
