3
17
X
240
5
260
29
236
38
283
30
39
20
12
15
Y
320
8
268
24
266
34
273
6
436
16
235
18
158
39
377
18
218
5
Q
280
11
457
24
483
20
163
21
101
0
275
7
431
19
125
22
242
8
288
25
201
1
179
4
H
320
15
299
3
417
16
161
21
341
5
369
20
198
8
65
12
489
15
166
10
413
10
246
9
408
17
64
11
165
2
141
4
D
140
6
178
7
52
8
104
22
148
16
368
6
293
2
V
240
18
143
1
498
5
200
3
109
9
190
8
74
6
456
9
221
5
308
13
448
4
318
7
15
13
72
9
108
10
270
13
419
0
245
11
435
5
S
160
19
95
7
429
0
45
4
421
6
496
1
113
7
418
2
136
7
0
4
38
1
197
7
253
2
240
1
347
8
77
3
208
3
172
2
375
2
428
1
P
100
17
352
5
255
2
157
1
142
2
274
5
244
4
388
3
54
1
304
5
97
1
174
4
11
5
395
3
309
0
184
0
88
1
82
5
F
140
16
146
4
328
2
321
1
443
2
168
8
211
3
61
7
373
0
397
4
363
3
26
4
155
6
281
3
279
7
491
1
474
5
E
220
6
488
6
444
5
372
2
386
35
473
19
120
24
O
380
9
32
5
267
27
470
42
450
35
90
36
342
22
3
6
87
36
380
17
K
220
4
16
23
370
36
340
52
137
50
C
280
14
335
1
99
18
20
4
67
16
307
14
366
9
264
4
292
16
73
8
447
18
96
14
228
14
393
1
285
20
J
180
7
358
9
487
12
411
11
385
12
461
16
316
15
426
14
A
260
15
348
8
162
1
227
5
230
4
262
17
188
17
312
15
202
8
343
3
272
7
94
7
175
5
291
7
402
11
359
11
M
340
13
317
0
455
22
332
4
229
14
79
18
320
15
75
21
9
26
384
6
233
25
445
10
493
18
269
6
N
280
10
49
20
249
6
295
5
407
22
212
23
349
22
355
14
177
5
128
28
459
1
N
