3
6
Q
160
11
401
8
295
9
108
7
158
3
328
10
163
7
71
11
345
14
245
10
83
4
2
12
O
380
13
375
6
211
23
254
2
326
16
297
4
125
6
291
26
381
17
221
18
111
3
202
25
14
1
113
16
F
140
3
206
39
351
9
344
2
J
120
18
184
0
470
6
399
0
451
2
132
4
178
2
497
6
151
2
155
2
252
4
235
2
195
6
120
0
396
4
168
3
283
1
92
2
117
3
N
180
8
150
6
271
15
364
17
256
3
169
19
21
3
181
0
212
21
Y
200
9
472
5
372
20
233
3
102
11
13
5
427
17
402
18
191
18
90
4
N
