3
23
Z
180
9
289
11
281
14
316
18
70
12
83
7
398
7
35
4
279
11
295
4
T
300
7
186
36
244
8
44
5
413
31
338
18
361
38
7
28
D
160
8
119
2
102
0
206
10
108
17
368
2
395
18
214
5
98
6
Y
220
3
396
51
340
57
217
35
M
240
18
37
2
162
12
292
8
160
7
128
7
356
10
461
0
479
2
399
13
371
5
107
11
388
0
477
13
24
9
489
9
189
1
370
8
215
6
A
100
13
488
3
216
5
116
5
224
5
269
3
54
7
149
0
407
1
122
6
248
6
95
4
498
3
271
4
G
200
10
468
16
130
9
11
14
428
9
121
20
157
11
473
18
330
16
290
20
242
8
W
120
15
155
7
300
0
167
0
339
6
154
0
229
6
464
4
141
4
201
1
25
3
91
8
240
2
293
2
319
5
327
7
U
220
10
45
14
277
14
383
15
55
16
342
22
406
14
457
20
369
5
484
16
303
10
X
280
17
419
14
430
3
14
12
142
14
166
9
493
3
158
2
302
7
136
6
409
8
309
8
416
13
345
16
152
13
307
0
335
9
33
15
R
120
4
10
1
389
2
456
19
321
26
C
120
4
80
1
347
1
276
27
403
29
E
340
16
288
11
31
12
334
20
221
12
69
16
451
2
496
1
414
17
362
10
343
21
331
5
364
20
287
18
313
19
219
16
150
3
K
380
3
79
20
299
97
88
40
P
260
13
171
16
185
4
284
20
250
12
61
10
252
2
51
18
280
9
209
3
349
8
475
16
463
3
140
1
S
160
11
460
14
263
5
184
4
178
0
131
14
465
10
34
10
232
3
481
13
499
8
42
2
N
120
14
387
7
401
6
256
0
415
5
262
8
120
4
418
8
134
8
353
7
99
3
376
8
329
0
282
0
391
1
I
240
18
476
13
222
8
355
11
301
5
168
6
359
1
132
2
39
9
322
5
455
7
437
13
336
11
446
12
93
1
87
11
237
7
43
8
16
5
F
220
18
320
3
187
5
384
0
236
7
145
7
439
7
270
3
110
12
432
9
148
9
492
9
124
3
405
1
126
9
337
5
12
12
113
8
243
5
L
340
19
310
17
233
3
312
16
449
0
267
15
205
17
175
14
170
4
96
15
306
3
386
16
213
3
81
4
402
12
438
4
52
2
444
15
146
8
235
12
O
360
14
367
10
314
4
86
15
298
4
411
15
127
23
199
21
344
25
27
11
441
21
254
0
266
10
163
19
283
22
B
220
17
452
4
97
9
381
2
472
5
265
5
1
5
74
0
208
3
106
8
264
10
377
1
255
9
447
10
68
7
365
1
325
7
64
8
Q
360
19
193
6
182
5
354
12
272
4
341
17
192
1
220
16
56
9
174
11
482
8
427
0
26
2
400
14
173
8
494
9
15
4
82
4
50
14
491
1
X
