3
12
Y
260
6
316
37
282
21
9
29
498
36
23
16
469
30
J
260
11
40
18
19
2
254
23
158
13
66
6
387
9
276
14
230
21
306
16
182
5
80
14
F
280
4
64
52
143
52
258
6
43
62
S
160
9
150
8
341
16
204
15
55
7
392
15
477
7
30
13
490
8
113
12
A
320
9
390
1
491
11
344
26
11
28
436
12
467
20
455
32
142
11
383
30
D
320
6
349
17
105
29
177
22
311
28
109
0
133
11
E
100
19
175
0
98
3
126
3
410
1
50
5
207
5
26
4
405
1
67
1
319
2
278
2
411
3
376
2
184
2
70
0
115
3
351
3
347
1
322
4
B
180
16
16
8
82
6
235
11
420
9
248
3
198
10
188
10
122
10
49
2
270
2
463
0
429
0
81
5
164
7
462
9
440
6
H
380
16
337
13
34
13
269
4
152
17
267
16
472
13
45
17
478
5
417
1
495
0
130
15
441
22
219
20
128
23
162
22
6
2
U
240
16
203
13
447
9
370
1
443
4
153
6
320
1
335
4
42
4
452
7
446
12
54
0
255
6
95
12
172
14
281
5
65
0
I
100
11
237
4
214
1
244
4
280
7
205
5
499
2
397
7
299
7
201
0
330
3
156
4
G
140
10
206
13
131
6
85
14
471
12
120
14
435
12
38
7
76
2
408
14
166
12
D
