3
11
A
120
4
370
6
469
4
27
9
314
1
J
340
13
90
13
137
11
450
23
338
8
53
17
10
9
154
7
86
14
458
20
254
19
456
22
379
18
404
3
Z
340
13
268
1
304
14
475
10
64
1
11
1
412
9
393
25
373
10
364
12
421
1
23
26
399
19
449
7
K
160
19
222
6
28
6
8
6
88
6
374
8
277
5
250
3
30
7
383
7
405
8
153
0
401
0
156
4
430
8
400
0
65
0
330
7
183
7
241
6
V
220
16
190
4
201
10
244
4
57
1
208
13
494
2
382
13
155
2
390
2
378
8
7
2
116
2
79
3
181
13
351
3
22
2
Y
300
13
134
12
346
23
223
6
220
12
207
9
278
7
325
16
217
15
80
14
347
8
460
16
324
19
362
17
W
100
7
110
2
484
5
227
13
70
4
369
2
453
4
146
5
T
360
7
152
0
422
5
179
17
316
41
341
9
103
13
489
45
C
300
18
443
9
437
14
77
3
47
8
45
4
462
0
339
16
411
16
158
12
109
16
117
13
271
12
225
2
144
3
289
8
318
16
384
12
360
2
M
260
11
40
8
416
14
232
3
446
1
281
0
465
23
151
3
165
21
160
3
78
3
425
14
N
160
8
354
19
173
1
319
1
419
6
392
16
141
13
485
16
200
20
J
