3
22
O
300
10
412
26
136
2
376
5
472
15
231
11
48
19
53
29
178
22
390
30
343
29
D
280
12
183
13
171
11
363
7
282
6
28
4
229
17
71
2
284
0
479
20
161
23
135
18
269
21
R
180
10
118
18
358
4
338
4
271
11
329
0
265
13
396
12
32
18
283
2
234
15
I
240
19
14
6
82
1
18
7
177
2
87
10
114
7
8
8
175
7
381
1
89
9
47
12
239
11
144
7
383
7
463
12
454
10
75
5
44
11
348
0
T
280
13
103
1
415
16
115
21
448
6
477
13
421
20
105
10
195
18
345
12
405
1
196
3
475
19
423
2
E
160
18
331
6
460
6
226
7
259
6
163
4
296
6
20
4
350
0
257
8
303
7
176
7
476
6
100
3
260
0
61
4
74
7
328
8
432
8
J
160
18
437
7
438
2
389
0
86
5
307
5
377
3
447
7
406
4
203
4
427
1
368
0
126
7
222
3
378
3
159
2
198
5
354
2
170
4
L
120
7
17
11
83
15
248
1
366
12
417
9
150
8
85
9
G
100
16
340
4
22
6
219
1
80
3
416
5
51
6
112
0
360
2
41
0
121
3
279
5
355
6
298
5
35
3
413
1
399
0
A
260
10
125
1
335
11
267
9
55
17
379
12
189
25
254
21
227
25
401
16
455
13
Q
380
5
313
26
201
43
60
73
255
42
173
3
S
300
16
25
16
294
5
72
2
430
3
30
14
480
1
21
13
73
0
365
18
185
4
431
15
486
4
364
2
56
9
314
5
213
2
K
260
14
443
15
478
17
96
7
304
10
166
9
367
9
332
3
193
15
370
18
65
13
128
11
40
13
221
8
466
5
H
100
4
3
0
137
20
410
24
199
21
B
300
9
27
18
496
13
258
12
190
18
250
21
482
21
471
6
299
33
361
17
W
160
12
57
11
111
6
393
7
63
0
288
12
244
13
461
5
151
6
188
5
468
5
139
11
458
0
U
300
9
70
21
207
27
186
20
459
20
12
15
113
28
187
24
404
12
37
32
C
160
3
152
40
79
53
484
12
X
240
12
243
0
449
14
464
7
11
2
398
14
146
13
192
19
369
1
362
1
29
9
90
1
346
12
Z
200
11
321
2
101
6
474
2
263
1
64
12
158
17
95
16
77
13
107
18
66
14
305
15
P
180
14
373
10
124
9
446
3
287
3
312
4
400
10
327
5
157
3
357
4
292
5
465
3
256
11
164
4
293
8
M
200
6
194
1
473
11
422
18
81
21
487
2
311
5
J
