3
7
P
200
3
219
59
268
14
276
34
F
340
15
419
12
5
3
260
15
108
11
73
20
375
1
32
17
307
7
14
6
216
10
119
8
280
7
323
1
326
10
209
5
S
120
7
454
11
382
3
218
15
91
1
135
13
482
8
361
0
E
240
13
67
13
385
16
406
7
58
2
186
17
1
2
193
18
164
6
278
11
434
1
152
16
378
15
370
18
Q
240
8
48
2
145
2
374
22
94
29
9
18
492
14
210
17
68
8
T
240
3
167
10
46
47
121
59
I
380
17
353
6
49
8
169
1
424
4
29
9
379
14
136
19
223
22
338
19
146
22
149
0
445
13
222
6
457
19
143
10
13
13
356
18
F
