3
24
T
100
14
323
3
407
6
229
6
270
3
108
6
172
0
78
3
404
6
191
7
284
6
189
2
295
3
499
6
481
1
I
320
3
124
68
463
39
450
3
F
320
18
35
14
387
8
24
0
80
8
401
17
117
7
364
5
428
7
257
0
79
3
460
1
261
15
133
0
477
7
74
10
59
10
252
5
227
14
S
260
17
478
0
471
6
275
14
160
8
190
5
485
4
482
2
426
15
355
13
238
13
95
11
331
11
119
13
400
14
100
5
365
15
427
6
V
180
3
458
47
349
59
464
54
Q
280
9
138
29
305
7
234
12
337
31
20
14
6
22
202
7
468
11
51
31
Z
280
9
71
18
299
15
368
5
107
0
131
21
26
20
195
11
41
20
259
18
W
280
12
443
21
317
20
236
18
290
9
130
18
255
21
54
8
192
4
184
6
5
17
72
23
168
19
Y
320
16
493
3
39
13
246
7
279
20
291
16
455
4
98
10
489
6
241
6
86
18
154
18
153
9
380
12
181
9
408
11
476
20
E
380
13
118
26
194
19
288
15
491
8
211
17
32
15
402
7
19
17
258
14
73
20
269
14
17
3
92
15
X
160
5
83
25
88
19
289
9
22
14
429
20
G
160
12
479
7
283
9
253
0
432
4
434
5
418
9
475
13
395
0
277
0
347
6
122
11
386
12
U
300
15
231
20
354
17
273
0
301
18
298
19
413
2
230
3
439
16
62
4
494
18
186
4
320
18
389
1
185
19
139
7
L
140
17
375
1
66
6
182
0
391
1
14
3
84
0
486
4
82
4
480
3
166
6
465
7
444
5
268
2
307
4
165
6
435
1
212
0
P
240
19
23
5
308
3
344
0
48
10
145
9
57
10
179
7
87
10
103
4
272
9
25
12
420
7
490
11
28
9
112
11
332
4
346
9
342
7
205
10
H
220
8
156
22
382
19
93
0
50
21
453
1
416
15
335
9
167
25
D
340
10
436
31
280
13
128
6
281
15
345
34
174
20
49
7
461
5
18
10
228
24
O
140
7
199
13
366
20
437
12
378
5
362
8
223
0
245
18
R
300
9
183
22
448
9
46
20
53
5
495
22
377
11
383
22
438
21
425
13
B
220
15
89
4
1
8
30
8
70
3
350
5
433
6
239
3
397
11
9
14
11
2
173
14
343
13
487
7
198
4
359
5
J
300
18
324
3
37
12
63
5
304
5
260
10
265
7
197
4
81
13
243
16
271
16
263
5
398
12
376
15
370
13
303
12
157
6
498
11
440
15
M
340
6
314
52
164
55
27
41
274
0
351
6
414
39
C
280
16
38
1
40
15
144
9
311
7
470
15
180
3
126
17
369
12
61
13
12
17
15
15
421
16
446
10
169
9
445
9
235
0
K
120
5
251
11
222
20
149
9
68
0
163
12
R
