3
20
M
320
17
296
6
170
4
219
12
4
18
443
15
115
16
198
14
15
7
45
10
425
3
364
7
43
7
244
10
464
8
242
12
14
0
57
18
O
100
4
153
8
479
4
345
4
203
3
W
140
8
365
10
62
9
462
2
341
11
406
15
261
11
257
2
488
8
U
200
13
258
9
269
13
211
8
268
12
447
14
444
13
424
7
458
9
473
11
381
15
475
11
250
5
387
15
Q
120
18
427
1
284
6
180
3
461
2
249
0
199
0
418
6
126
3
220
0
320
4
156
6
109
2
240
3
486
2
12
4
165
4
218
5
453
3
A
160
3
321
5
294
2
271
19
X
260
4
326
26
123
12
367
35
127
31
G
320
6
119
38
121
22
106
4
192
5
3
30
467
35
P
280
16
25
8
210
3
439
2
454
6
186
13
350
2
36
7
295
12
164
8
360
12
172
1
477
17
432
7
0
15
144
17
200
6
B
280
18
436
8
92
4
73
15
150
8
208
13
18
10
70
9
131
5
371
10
243
5
282
2
346
15
22
12
287
3
433
7
384
0
398
5
276
14
N
280
19
99
12
487
3
489
0
421
13
390
4
226
6
178
0
223
5
434
4
306
1
26
12
157
4
382
4
291
14
13
8
152
5
380
10
107
6
97
10
E
260
16
29
4
66
15
60
15
216
7
362
5
129
6
389
6
112
7
175
3
259
14
328
5
437
16
137
9
47
4
428
5
440
15
T
140
14
330
7
247
0
466
6
17
6
379
8
34
8
105
4
96
7
93
1
314
8
55
0
54
0
48
3
383
3
R
240
13
266
1
236
12
465
3
230
6
484
5
65
10
256
18
482
16
122
0
323
5
353
14
404
18
316
13
Y
140
18
396
2
391
6
395
3
120
3
358
5
288
6
32
6
312
6
56
4
78
5
201
2
419
3
411
2
274
2
435
2
327
2
279
5
441
4
H
160
7
111
7
158
17
217
15
50
11
263
2
163
3
333
11
J
280
5
442
26
349
1
204
7
37
19
368
33
L
200
18
235
10
363
1
422
0
278
4
478
8
117
1
262
5
332
0
142
5
225
10
463
7
77
6
90
4
303
2
113
0
193
8
202
4
248
11
Z
340
9
498
0
297
31
195
19
224
5
187
32
151
25
72
35
141
25
52
31
F
100
5
431
19
134
14
451
2
264
4
188
11
M
