1
20
K
200
5
278
7
473
24
436
17
228
26
213
5
G
240
14
1
14
197
12
472
4
432
17
266
0
287
11
365
15
189
7
495
4
314
0
378
4
390
11
452
7
128
11
U
180
0
H
320
5
408
54
85
5
263
15
387
48
458
20
B
120
18
379
5
474
1
268
4
386
2
312
1
171
0
468
3
134
5
223
3
178
0
16
5
330
0
339
3
92
4
380
5
415
0
290
3
209
1
E
360
19
302
17
19
9
311
14
44
11
238
12
141
9
149
10
297
3
231
13
106
9
274
15
447
1
382
0
248
9
237
0
193
16
435
17
96
9
198
1
R
380
18
285
10
9
0
14
4
476
9
232
21
439
1
194
9
239
17
257
13
401
18
450
11
157
17
350
8
12
16
445
1
135
1
329
3
208
9
T
260
4
22
25
152
27
460
52
115
1
F
220
19
397
7
136
11
383
11
483
1
269
8
153
6
413
11
95
7
421
2
148
6
420
1
338
5
224
4
442
11
40
0
6
7
45
1
222
6
199
0
C
260
7
341
18
459
5
186
23
145
18
101
1
204
26
394
37
D
180
6
233
23
176
26
384
5
8
18
367
11
219
3
A
340
10
164
6
498
26
322
0
320
0
87
20
210
17
25
4
41
2
486
31
125
27
W
320
13
108
20
138
5
309
0
56
21
126
23
68
2
137
2
334
6
111
2
129
20
69
19
425
7
366
2
N
360
9
369
31
258
30
469
2
395
11
463
39
280
19
31
9
86
30
122
20
Z
380
12
249
5
316
31
173
7
200
26
462
5
434
11
374
14
20
6
310
29
50
29
326
19
179
17
J
220
9
72
20
327
4
272
9
318
7
346
22
391
3
29
24
160
19
492
5
Y
260
1
444
70
Q
300
11
161
5
332
9
331
27
246
12
110
14
116
7
172
11
497
22
174
6
353
4
103
16
O
300
19
144
13
296
6
48
15
315
12
57
3
428
9
155
8
234
1
217
1
449
12
170
4
71
6
147
0
345
9
191
4
354
3
73
12
32
15
358
6
S
320
1
281
131
9
