1
25
N
140
19
438
5
174
2
467
2
223
6
87
1
440
7
269
7
498
6
453
3
327
1
186
2
161
1
163
4
367
7
19
2
295
5
104
7
169
7
430
5
R
360
7
387
4
109
45
344
11
321
48
462
31
398
32
353
9
A
120
14
99
7
474
8
119
5
183
0
93
7
237
8
53
5
12
0
465
7
472
0
112
0
24
2
82
8
207
4
L
280
7
265
6
153
9
375
7
116
1
480
17
268
14
66
1
Y
100
17
314
2
267
1
374
5
181
4
199
4
201
3
146
0
439
1
429
1
299
3
412
0
149
3
131
5
416
4
28
2
483
2
157
4
C
280
17
46
7
209
14
466
11
277
4
363
2
96
14
450
4
155
0
262
16
195
3
403
10
332
11
298
5
377
8
376
5
287
3
336
4
W
300
18
151
2
144
14
13
6
166
0
266
5
138
3
419
7
0
15
341
15
37
1
197
12
101
4
276
7
456
9
204
0
409
14
293
4
309
10
H
360
11
499
8
382
1
451
28
34
13
252
21
370
3
215
32
97
26
364
21
308
14
158
25
I
360
13
306
18
357
3
72
26
281
15
137
1
454
17
23
6
10
27
217
26
182
20
441
1
424
25
261
11
E
180
13
27
3
225
8
64
3
156
4
246
5
355
5
124
10
455
7
216
13
346
9
173
4
488
0
272
4
S
160
6
33
9
56
26
210
12
404
26
435
19
319
4
M
220
14
414
12
350
0
285
13
278
1
258
11
69
9
113
7
18
13
279
12
85
9
142
7
495
8
229
4
102
13
X
160
1
6
91
U
300
3
67
49
106
59
297
11
T
240
6
84
5
296
39
389
25
214
36
62
1
30
22
Q
340
12
475
0
322
15
187
13
1
3
356
8
244
12
470
20
264
3
446
21
324
26
228
16
143
10
O
220
8
122
26
383
22
345
26
393
27
227
12
86
2
491
16
384
9
Z
280
2
397
8
88
20
V
140
19
160
1
168
4
94
1
497
6
395
0
485
6
45
1
14
3
442
3
185
0
111
4
55
5
489
3
239
2
171
6
447
2
44
6
42
2
91
2
B
340
6
236
48
162
42
457
40
428
11
477
25
415
10
P
140
6
220
3
378
12
148
2
79
12
224
13
422
20
F
260
15
152
3
31
0
260
6
463
7
274
16
255
8
3
7
63
9
133
3
352
12
349
16
147
4
471
12
5
9
29
6
D
100
13
73
0
81
6
132
0
323
0
226
1
172
4
449
1
487
5
431
1
117
2
9
4
372
0
15
4
J
320
10
354
7
317
30
221
28
123
27
48
20
286
9
391
30
36
15
11
13
90
8
G
300
18
496
13
175
4
193
0
432
6
206
4
490
10
339
16
141
8
359
3
92
12
40
11
328
0
443
1
170
7
275
15
165
11
335
10
188
9
14
