1
25
R
340
9
478
31
81
27
329
10
339
5
394
32
185
33
167
27
140
9
102
19
Y
220
0
B
280
5
335
54
0
1
224
8
143
28
127
33
P
360
1
149
91
C
180
11
74
2
493
5
432
10
387
15
27
10
274
9
161
7
216
9
380
4
172
5
483
3
J
300
12
189
21
240
7
356
1
271
7
336
21
120
19
180
2
26
20
191
23
419
23
288
23
226
6
Z
180
17
349
5
256
6
209
8
264
7
11
6
243
0
266
6
221
9
338
3
114
1
294
0
251
1
58
3
156
5
396
10
425
9
348
2
K
300
19
319
11
399
2
110
7
188
10
496
9
291
3
257
7
117
3
1
11
55
10
453
8
328
8
332
12
333
2
10
15
198
6
37
12
203
4
173
11
A
220
3
205
24
265
45
106
4
N
240
2
341
31
158
27
Q
200
6
347
11
417
21
99
33
466
22
362
30
404
29
E
100
4
354
21
426
12
327
10
430
24
X
340
14
498
24
448
3
391
11
250
6
299
6
60
12
181
7
112
24
352
13
428
2
484
15
62
22
101
19
195
1
F
160
7
482
15
197
16
334
2
207
5
178
19
13
1
375
5
G
380
14
343
27
310
25
244
0
92
11
45
26
384
22
183
3
285
1
91
20
82
14
292
23
2
17
403
3
277
24
H
220
16
463
13
444
3
302
10
287
8
12
2
239
6
452
5
416
11
111
13
331
2
171
2
146
2
210
1
487
8
421
11
69
9
I
200
11
47
18
439
13
431
3
208
0
423
3
214
1
38
15
392
10
242
4
211
16
138
4
L
160
17
109
2
199
5
456
2
311
1
184
0
313
2
279
5
65
4
303
9
28
0
175
3
293
8
144
1
322
6
390
6
139
3
472
9
W
200
2
429
69
435
32
T
360
3
238
115
86
39
406
109
V
120
13
304
3
451
4
455
5
479
4
330
0
454
5
351
3
131
4
340
5
282
6
263
9
253
9
492
8
M
160
0
O
260
2
218
30
357
70
S
120
11
105
0
378
9
296
7
470
7
270
7
275
7
133
3
72
7
66
10
485
3
318
8
D
280
19
103
0
386
14
116
7
249
8
98
13
301
1
7
13
217
0
254
6
360
0
401
6
321
12
200
1
49
5
168
13
325
6
215
8
162
12
44
7
11
