1
15
Y
280
11
4
18
322
6
492
10
108
16
383
6
287
16
294
25
362
24
266
14
300
15
233
1
B
380
17
271
8
107
21
8
13
452
22
35
22
295
18
385
13
461
19
333
0
485
18
479
3
259
22
79
21
118
19
157
20
68
22
441
11
J
360
9
342
31
77
0
310
24
237
9
145
30
366
28
306
38
290
9
293
5
L
160
16
147
2
380
8
268
2
201
6
163
5
238
5
81
2
274
5
11
9
200
10
316
8
31
2
344
7
210
8
299
1
193
10
Z
280
5
190
49
416
27
209
56
215
38
5
29
X
180
2
71
74
328
14
I
240
6
7
12
140
12
396
25
445
19
447
27
182
36
P
120
18
471
3
431
4
437
0
216
2
78
2
172
2
408
1
156
2
490
2
309
0
267
2
225
1
493
2
428
5
227
1
339
1
404
1
34
2
M
360
10
137
32
356
31
467
0
464
29
1
22
198
26
119
12
94
13
277
21
183
34
W
100
12
315
2
17
1
412
7
32
3
6
4
323
5
143
3
465
2
275
0
189
8
498
6
415
6
G
240
8
70
11
26
11
381
16
354
16
264
12
197
8
204
6
417
21
U
180
17
407
3
395
4
214
9
150
9
397
8
321
4
319
4
307
6
93
10
69
4
239
5
375
9
351
2
219
9
132
2
263
7
184
2
D
200
14
494
12
457
5
257
11
423
13
343
11
80
5
480
7
489
3
392
2
154
7
49
0
378
4
124
11
377
10
C
340
16
240
5
151
0
113
20
116
8
96
9
223
11
141
4
440
13
104
5
370
19
59
11
346
20
52
14
149
14
195
7
54
10
R
180
14
76
1
348
5
338
9
128
8
376
8
298
12
105
4
99
10
398
0
37
1
425
8
211
2
455
12
111
6
6
