1
22
C
240
4
292
32
115
34
488
41
397
43
S
160
2
29
7
182
54
U
220
3
265
38
33
17
391
65
Y
380
10
464
28
236
26
114
30
193
6
228
0
396
1
207
15
59
34
226
0
295
21
V
180
10
40
8
44
12
478
6
109
18
332
18
189
12
166
2
432
8
170
15
319
0
K
380
17
381
21
161
0
4
17
369
7
442
14
196
17
34
9
312
5
98
8
158
13
76
9
230
18
183
15
427
14
53
6
325
16
340
4
G
320
9
186
5
406
28
11
12
211
0
326
9
45
27
214
29
131
31
65
15
M
180
13
141
0
247
6
270
9
30
11
434
12
202
11
252
0
364
7
335
4
249
11
370
11
448
11
414
9
W
300
0
B
220
8
419
2
132
22
349
4
96
26
77
25
351
22
289
7
28
1
O
220
9
54
9
422
6
73
24
455
1
378
14
411
12
400
15
316
12
232
1
J
380
3
495
42
176
51
362
86
X
260
13
453
0
302
0
14
5
153
4
283
0
416
19
282
5
263
19
171
19
20
12
15
10
32
0
139
17
L
360
17
298
6
241
16
317
18
494
2
309
3
192
19
356
14
58
2
222
6
137
19
435
2
486
12
401
11
271
6
470
5
107
19
62
7
Q
360
16
284
3
124
22
353
9
330
8
313
3
293
17
451
7
212
7
168
10
240
2
355
9
264
14
68
13
260
15
66
21
1
5
H
380
8
305
0
173
40
336
17
46
25
338
27
393
4
463
43
81
32
F
300
16
82
14
352
7
456
7
255
18
18
6
333
4
484
2
26
1
108
1
458
8
327
14
290
17
266
0
256
5
446
13
142
14
E
280
18
291
6
311
3
154
3
51
12
452
12
493
1
384
2
377
15
110
13
190
5
172
0
101
15
498
7
466
3
134
6
50
2
178
3
288
7
I
160
14
441
8
287
7
499
9
361
8
205
0
308
2
67
6
497
7
208
3
467
9
251
7
61
9
24
9
344
5
R
200
1
439
192
D
140
14
444
1
334
7
99
7
345
3
395
6
90
0
140
7
380
7
87
4
112
6
47
9
6
10
274
10
459
6
N
240
0
6
