1
11
P
380
18
95
3
457
14
403
14
187
20
416
0
281
13
290
12
477
21
94
17
115
2
292
5
321
6
377
11
65
10
169
9
328
7
293
5
222
14
B
100
14
329
5
93
7
429
6
326
5
365
1
356
5
382
0
231
5
399
4
34
6
497
4
346
2
421
7
300
0
X
280
12
52
15
89
17
443
14
164
11
239
5
123
1
27
7
374
5
146
13
174
21
487
3
259
3
S
120
16
327
6
430
5
163
5
492
5
306
6
402
2
397
2
334
7
55
6
63
7
180
4
31
1
393
4
133
0
14
5
383
0
H
340
3
209
52
305
66
203
22
K
340
17
469
19
370
13
213
14
69
8
253
2
44
19
337
20
138
8
404
10
11
3
452
16
179
18
434
3
251
4
274
16
13
16
153
1
E
120
0
D
280
19
32
9
87
2
233
9
481
2
316
8
156
2
108
12
372
6
266
6
122
1
278
10
410
1
415
10
304
10
165
5
453
2
71
9
113
5
464
0
C
340
0
N
240
12
349
20
270
0
97
4
223
3
289
13
384
11
460
8
445
5
221
0
29
13
245
1
197
13
O
140
5
39
7
394
4
19
0
303
3
336
13
7
