1
19
Y
240
3
109
3
10
39
288
43
H
200
19
1
0
173
9
231
0
497
6
152
8
37
3
440
7
265
2
234
4
217
7
189
6
427
1
159
8
493
10
366
0
131
5
201
2
220
2
179
3
W
360
15
307
1
12
21
488
7
360
4
153
11
396
20
287
5
206
4
137
24
453
12
445
23
185
19
191
16
480
0
216
3
B
260
19
373
6
404
10
469
11
398
2
142
8
237
3
397
3
478
13
48
7
357
13
36
9
14
2
218
6
282
10
476
1
175
6
156
4
441
1
187
5
T
260
0
D
240
7
233
30
319
2
331
23
425
27
4
31
99
25
193
7
S
260
0
C
200
12
322
10
202
13
348
16
382
7
181
1
213
6
3
12
385
15
283
13
381
11
112
11
316
8
X
240
4
212
48
44
44
391
22
270
40
F
300
8
215
12
312
34
89
1
284
2
133
30
169
12
107
24
402
1
P
100
2
141
6
236
0
Z
260
16
127
9
324
10
439
6
314
4
487
15
103
10
350
16
18
1
93
11
358
4
240
14
229
12
289
13
196
5
91
10
407
15
A
280
18
235
5
333
15
459
13
183
10
375
6
274
4
15
13
95
1
22
3
303
13
261
4
197
10
125
15
311
4
150
12
420
10
352
0
33
5
G
100
7
321
5
174
4
73
7
83
14
412
5
485
11
23
14
I
240
2
172
117
0
2
Q
340
19
368
6
55
1
194
12
163
11
455
14
139
3
71
4
379
14
451
7
13
17
470
14
278
10
246
14
87
7
338
14
102
13
81
9
41
3
43
17
O
220
9
72
9
345
5
32
24
6
11
369
20
149
8
243
13
8
16
208
22
M
140
1
433
19
U
360
9
260
35
318
13
286
18
413
19
262
19
252
28
279
23
86
0
57
30
7
