1
8
R
180
17
61
1
467
9
103
7
63
4
284
8
145
3
14
2
149
2
125
2
60
7
460
2
337
0
8
9
463
10
9
8
121
1
220
5
Y
120
6
341
8
200
11
52
14
361
19
34
17
208
18
F
360
7
365
50
251
38
373
51
19
19
72
30
211
40
107
7
K
120
6
250
13
110
4
111
20
194
9
331
17
166
17
M
100
19
55
2
264
1
201
1
349
4
212
2
123
3
96
3
371
0
499
4
281
0
490
0
183
5
188
3
11
5
481
4
290
5
340
1
496
1
397
5
T
100
12
276
2
348
1
357
7
408
0
5
5
230
8
492
3
138
5
377
8
327
0
122
2
399
0
O
220
7
44
11
58
28
175
14
73
4
126
20
283
3
303
15
D
180
17
86
8
488
5
39
3
66
6
80
6
13
10
423
4
4
2
372
3
498
5
263
7
249
2
115
0
335
1
272
7
45
8
158
4
8
