1
17
B
340
8
189
33
248
40
364
14
217
29
89
25
385
18
171
4
216
15
N
320
10
13
25
211
20
1
11
498
32
65
20
214
17
379
8
249
6
6
12
400
26
T
160
3
441
53
383
0
195
30
Z
360
18
483
19
261
6
299
5
368
3
419
10
19
10
186
12
142
0
177
2
134
2
224
17
200
5
493
2
460
0
335
16
340
15
358
19
405
17
Q
300
17
374
10
31
9
242
14
188
16
64
13
373
4
398
3
331
3
472
16
34
10
59
14
109
11
468
6
202
5
307
17
275
14
300
6
H
220
0
D
240
19
269
4
436
8
75
0
424
8
286
0
85
1
285
10
167
0
305
3
148
7
337
12
101
11
465
8
258
11
423
6
73
8
454
1
252
11
91
1
S
100
7
135
1
45
11
100
5
297
13
371
10
266
7
292
8
E
320
0
G
240
8
362
19
3
4
267
13
486
23
260
3
81
1
408
18
448
13
I
220
2
310
0
204
82
U
380
10
284
15
461
34
53
3
236
20
159
14
298
5
178
33
418
2
133
38
302
2
C
260
5
2
46
137
7
417
1
463
38
254
13
F
320
8
56
21
230
0
390
23
163
18
244
29
327
6
219
22
430
5
L
360
19
141
5
458
18
270
9
179
3
287
5
123
7
376
9
372
8
162
4
345
17
346
11
407
16
488
1
238
11
173
7
437
5
27
18
293
3
403
5
M
120
10
39
10
325
11
130
6
380
8
156
3
412
2
40
11
220
2
128
11
169
8
R
300
4
289
75
17
22
279
13
251
18
15
