1
10
V
240
12
386
15
264
16
458
2
105
13
128
15
197
5
366
16
134
11
217
20
415
5
47
15
361
8
W
140
6
282
5
234
11
213
5
270
1
60
4
357
12
B
120
16
406
0
437
4
227
2
348
0
241
0
10
0
41
7
43
6
424
1
378
4
81
0
353
5
393
0
76
7
451
0
336
6
O
240
10
404
3
395
0
106
23
491
1
422
18
236
7
383
3
237
20
44
20
120
13
I
180
11
258
4
319
1
419
13
345
1
349
14
441
13
323
0
195
2
453
2
163
15
443
1
E
320
10
240
22
190
11
214
8
141
6
301
24
82
0
492
28
288
3
194
4
325
14
M
300
15
278
11
401
7
228
11
102
10
59
18
253
6
279
8
220
16
283
18
303
8
146
7
24
11
375
0
466
12
296
19
X
380
16
42
5
486
1
355
17
350
22
203
3
302
13
174
3
495
12
3
13
369
6
79
8
484
5
257
3
75
14
329
17
156
0
S
180
18
45
8
110
8
448
9
74
5
201
8
250
10
477
0
416
1
365
9
342
7
498
3
77
9
487
3
331
3
359
4
408
3
305
2
58
9
Q
320
6
184
16
39
50
494
2
246
9
126
1
152
23
6
