1
21
T
140
9
443
0
375
1
436
10
143
14
395
14
454
14
332
8
141
15
312
12
B
360
18
121
8
411
13
101
19
387
7
260
7
291
10
333
5
0
6
151
19
63
20
145
10
172
16
66
11
159
3
486
13
383
15
471
7
269
12
E
200
11
109
17
82
2
453
13
76
8
10
10
13
16
303
11
360
4
236
2
178
0
234
13
A
320
12
37
4
345
17
495
19
479
0
493
5
20
2
447
16
420
7
227
20
4
9
475
26
423
6
N
200
13
81
8
282
2
365
3
402
6
482
6
327
10
17
5
326
5
336
14
393
7
426
8
112
14
57
7
J
220
16
296
11
283
3
344
0
232
10
270
2
415
7
252
0
324
13
322
5
107
0
199
8
221
8
21
10
249
4
301
2
153
7
L
280
0
K
380
14
94
10
34
13
51
18
152
22
253
10
128
6
53
9
391
17
458
19
437
21
175
3
346
2
268
14
31
15
R
320
17
154
6
413
15
190
16
72
18
169
14
174
8
198
4
441
15
406
7
343
9
483
17
39
13
363
3
84
15
288
6
457
18
306
14
C
100
12
286
4
218
1
125
6
250
2
191
6
294
3
60
0
228
6
127
7
389
3
463
6
459
6
F
180
16
38
6
472
7
47
2
404
6
373
4
348
8
334
1
280
1
105
6
203
2
496
1
171
9
478
0
242
5
155
2
2
7
X
100
14
259
1
293
3
99
4
418
5
237
6
92
0
455
5
352
7
33
6
119
1
368
3
397
0
233
3
460
5
V
240
6
285
37
339
31
11
24
319
4
462
3
161
33
G
180
18
73
4
428
2
311
0
316
6
194
10
392
2
477
5
138
10
272
3
410
7
184
9
317
8
305
5
247
8
3
0
497
9
274
9
421
1
M
380
14
103
12
75
9
79
8
388
5
361
25
132
10
163
5
265
14
212
22
448
26
181
11
55
7
116
0
277
20
U
120
16
433
6
264
6
456
4
74
6
32
6
167
0
295
5
12
0
124
4
257
4
69
7
246
2
315
4
239
1
91
6
108
2
S
220
7
261
20
24
14
254
10
197
18
399
23
467
19
442
28
Z
240
11
146
9
450
10
147
9
384
15
58
12
445
19
240
4
302
15
229
10
278
11
40
10
W
300
15
255
20
351
0
129
10
5
9
211
14
494
19
118
11
195
18
256
0
43
10
297
6
292
6
382
17
328
4
314
4
P
260
3
52
11
207
84
225
51
D
240
14
59
4
88
16
148
16
452
1
381
9
372
7
298
15
166
14
347
0
323
5
379
11
90
9
115
3
187
12
8
