1
20
T
320
6
139
2
405
22
335
53
147
39
227
38
208
14
S
360
11
205
12
486
17
444
12
32
5
54
22
315
22
371
10
355
17
45
23
251
26
462
4
L
280
1
4
158
V
160
12
30
3
482
10
330
2
390
2
190
7
36
2
461
10
364
0
430
8
403
6
457
6
398
4
N
180
5
110
24
407
2
27
24
396
26
143
25
A
340
1
68
150
Q
200
0
D
260
8
312
7
164
23
329
17
177
27
296
1
144
25
466
2
209
13
B
160
19
387
6
436
1
134
1
468
2
460
2
64
2
400
4
225
5
204
6
2
1
272
4
495
2
328
3
96
4
29
7
433
7
450
5
258
2
166
4
Z
220
8
132
21
196
20
363
20
399
13
188
25
210
16
193
18
488
6
O
100
19
427
0
402
0
249
3
183
0
83
2
195
1
215
2
441
0
494
3
316
5
382
0
302
2
349
3
338
5
289
2
346
3
422
4
145
3
138
0
M
360
10
52
1
111
30
189
2
61
8
17
5
211
5
381
13
392
24
153
19
413
26
R
200
9
499
8
301
18
140
1
197
22
361
22
273
0
331
21
59
18
151
14
P
320
18
178
10
163
12
293
14
437
7
51
15
298
15
333
17
431
7
175
1
281
2
159
11
378
8
233
15
20
2
217
14
101
4
74
7
470
1
E
260
13
383
12
474
6
75
14
336
0
133
6
109
3
137
16
274
17
432
20
354
0
476
1
199
1
235
5
X
280
8
161
14
213
28
290
13
286
35
292
8
58
33
341
27
477
6
U
380
14
141
2
314
19
321
9
347
20
248
0
492
5
434
4
98
26
216
26
10
27
230
0
40
15
357
2
149
12
W
260
12
358
6
337
21
472
16
118
0
443
0
86
3
423
8
426
6
256
2
229
12
294
15
156
14
K
220
16
442
9
310
11
148
9
12
11
219
13
192
6
311
5
320
3
155
0
247
13
246
10
343
7
380
10
242
1
393
2
62
6
H
280
9
24
0
71
31
5
17
239
2
344
26
55
19
394
11
220
4
285
27
4
