1
12
Y
320
11
305
3
147
6
454
13
303
19
134
5
108
21
90
3
432
23
152
27
201
19
442
23
W
180
13
355
13
229
2
238
5
318
13
101
12
153
7
107
5
168
5
116
10
331
4
414
4
435
11
32
1
U
200
10
283
0
366
19
462
9
358
20
233
7
49
14
276
12
322
1
382
17
272
6
I
320
9
243
21
70
6
300
27
306
18
159
31
430
19
237
11
58
17
171
20
B
140
9
376
10
417
10
313
12
364
14
172
13
390
5
45
7
288
0
439
14
V
160
5
133
16
319
1
338
9
309
21
9
28
S
280
14
290
7
401
2
472
20
332
12
15
3
380
18
143
14
241
14
287
6
69
6
227
14
328
8
346
12
186
20
E
280
7
148
32
111
2
160
8
445
33
360
2
406
19
109
5
A
280
8
82
7
204
29
68
32
325
17
284
2
340
13
247
24
431
20
L
160
16
255
7
184
9
81
5
1
6
349
4
93
4
175
1
404
6
337
7
62
0
79
2
29
2
399
7
268
8
180
1
449
0
K
240
18
228
4
85
6
73
1
145
9
321
8
226
10
464
0
471
11
359
6
495
5
179
4
386
12
339
4
189
11
106
5
361
9
135
6
52
0
J
220
7
242
0
343
0
63
31
46
27
270
5
16
14
469
18
5
