1
20
K
280
19
160
1
297
7
35
11
264
8
87
4
138
7
117
1
151
3
268
14
65
7
57
4
305
9
486
13
282
3
214
9
107
1
73
13
92
8
96
4
N
140
19
251
7
27
4
137
3
417
6
472
0
130
6
188
5
274
7
6
3
471
4
448
7
308
2
404
5
79
2
370
5
315
4
439
6
380
1
158
3
L
260
18
408
3
232
9
359
9
453
5
211
5
286
9
83
12
189
6
351
13
354
9
402
0
334
4
309
12
356
10
257
7
389
1
146
1
396
8
U
180
12
168
4
173
3
50
1
379
0
317
5
215
6
318
5
496
2
306
6
385
2
458
3
420
3
S
320
1
193
210
T
100
1
122
19
A
320
18
397
8
387
5
355
1
123
13
343
17
262
9
45
2
298
10
331
11
74
13
84
8
391
7
26
12
293
6
229
7
206
17
205
12
449
9
M
360
18
145
13
426
16
174
8
21
11
372
0
3
3
265
4
469
0
403
8
358
0
166
0
433
16
240
16
307
17
322
5
91
12
220
11
234
14
J
260
9
249
11
52
15
70
2
429
18
345
21
56
19
310
5
230
7
165
12
B
220
6
153
2
418
13
423
19
314
31
263
21
47
13
X
320
12
353
1
143
14
236
6
105
25
244
6
237
15
0
17
24
20
349
4
324
12
392
2
299
12
F
220
14
319
13
88
6
4
14
301
7
22
4
382
12
352
10
283
4
141
13
260
7
69
4
270
0
277
0
271
0
H
200
5
19
3
434
33
463
16
252
26
412
1
Q
100
11
37
4
217
7
398
0
371
4
470
2
456
4
289
6
221
1
82
5
155
4
16
9
I
240
3
90
19
464
4
1
76
R
100
10
375
5
20
5
63
4
241
7
444
2
113
5
328
0
8
7
460
9
247
10
W
280
18
365
5
98
5
207
0
148
15
60
5
242
7
86
5
41
7
498
11
303
7
253
4
295
7
393
9
374
10
199
15
7
13
273
4
450
14
Z
160
9
200
16
121
17
119
2
350
3
48
8
120
9
216
0
400
5
452
17
P
300
6
378
46
323
23
427
28
210
27
386
35
46
24
O
240
11
275
19
491
15
267
12
233
13
186
19
288
11
435
8
11
13
337
5
430
17
335
7
10
