1
25
B
360
14
272
14
186
10
176
18
68
21
52
1
476
15
411
4
479
21
470
24
35
14
248
9
393
21
321
17
443
18
H
280
6
222
9
46
14
22
20
149
8
318
25
366
36
R
280
16
491
5
77
16
167
15
170
17
404
16
306
11
21
15
373
1
462
11
6
8
441
4
147
4
406
17
206
13
137
14
139
12
S
240
10
349
15
26
0
160
13
487
8
124
2
276
3
464
11
18
20
197
22
64
12
L
220
12
205
12
460
10
481
9
48
8
25
17
37
7
279
13
159
3
429
10
91
18
282
2
265
0
E
140
18
202
5
299
0
180
7
346
0
396
0
98
7
485
4
271
5
334
3
345
2
324
0
76
5
154
3
87
7
329
0
57
2
231
6
379
3
G
300
6
354
44
369
22
309
3
385
44
136
26
330
24
J
120
2
233
10
364
54
K
180
16
311
6
315
9
103
10
115
1
217
11
263
7
110
11
203
10
133
5
463
2
466
1
96
0
438
10
166
5
360
8
73
9
I
240
7
242
2
144
25
185
34
93
28
296
0
283
32
184
23
C
240
9
81
15
420
14
332
24
437
3
156
21
322
9
255
16
60
25
178
24
O
200
0
Q
320
17
422
12
359
9
356
16
498
9
132
1
15
13
452
4
298
8
8
15
181
3
260
2
388
6
488
4
421
12
493
18
227
0
340
6
M
340
15
490
1
108
1
328
11
326
11
129
9
86
15
131
14
266
18
152
21
348
21
372
1
165
22
413
9
430
14
314
8
Z
340
3
71
91
454
75
161
69
F
240
2
250
15
382
15
D
300
3
153
57
408
5
343
14
W
100
0
P
220
17
267
1
478
4
97
8
221
1
199
4
41
8
173
8
256
6
293
0
89
9
469
2
270
9
142
5
216
11
47
5
104
10
316
9
Y
200
0
U
320
5
4
51
14
23
497
8
175
55
417
4
V
260
9
215
20
99
8
450
24
107
4
82
7
101
24
151
21
56
9
387
6
N
100
10
163
0
261
7
325
9
394
7
294
1
465
2
447
5
212
4
456
4
85
4
A
340
14
30
15
148
20
246
16
245
22
268
3
338
3
235
16
146
0
440
23
375
1
134
18
337
14
342
1
472
22
X
180
1
39
81
14
