1
18
I
100
19
108
4
223
1
412
5
233
3
338
2
107
5
425
3
103
5
183
4
20
0
168
4
142
5
433
0
381
1
450
3
117
0
236
2
159
2
241
3
O
140
8
362
16
227
13
469
17
174
8
145
9
440
12
298
1
158
11
E
300
1
496
169
Q
180
11
308
6
312
7
11
7
102
12
22
4
352
15
392
12
479
7
355
8
30
14
190
8
N
280
18
422
10
427
11
428
0
320
7
329
9
269
1
246
3
170
8
255
11
252
4
372
12
150
0
189
5
192
4
153
1
239
5
164
8
204
1
G
340
8
260
4
292
38
195
4
258
13
477
17
17
29
436
14
343
13
D
280
17
136
4
404
7
245
16
432
5
141
10
322
6
465
12
270
4
378
0
449
9
431
2
371
13
58
5
293
10
135
1
122
7
49
16
H
320
16
467
19
101
14
74
0
354
18
483
3
250
5
414
8
350
18
208
7
53
11
228
15
115
6
200
4
3
9
231
18
443
19
F
180
1
271
153
L
240
0
R
260
15
12
17
60
14
257
2
144
0
319
6
212
13
353
9
175
12
51
2
131
5
291
17
82
0
387
15
475
9
487
1
U
320
8
86
16
28
13
389
4
370
17
403
12
259
32
193
8
267
14
T
160
8
182
3
56
12
410
10
134
6
488
5
191
5
327
10
169
12
A
380
14
140
23
157
16
166
18
220
15
332
6
325
18
63
14
4
12
346
26
307
5
26
6
213
18
288
23
111
19
C
260
17
89
4
242
15
36
10
453
2
321
0
249
14
95
13
185
2
181
7
268
7
163
7
376
12
16
6
149
7
383
8
441
9
81
4
M
220
16
254
5
356
9
154
5
152
11
375
4
275
2
127
11
90
3
407
0
198
7
304
7
313
9
452
10
19
9
398
12
224
10
Z
320
12
263
22
341
21
277
20
171
11
253
2
21
4
474
6
290
13
173
20
438
6
435
18
31
25
J
340
18
161
11
461
8
462
12
42
7
272
3
497
5
76
5
137
7
237
13
66
18
297
8
456
1
481
6
437
4
38
10
97
16
489
6
121
7
10
