1
8
K
100
7
210
1
288
11
359
7
91
12
231
13
285
12
222
9
H
240
10
422
22
105
10
71
11
438
4
321
4
230
5
189
6
436
1
207
24
421
6
Z
360
15
99
3
447
18
204
11
144
12
296
21
184
7
75
8
253
13
4
23
347
20
349
15
154
7
29
5
201
2
114
3
W
140
14
389
1
322
4
195
4
345
10
41
2
6
1
157
7
431
7
485
9
327
4
309
5
254
2
101
10
494
8
Q
280
2
305
21
117
14
S
320
6
488
38
76
14
128
45
495
22
240
2
280
39
M
120
13
251
7
67
0
203
5
414
0
299
6
12
5
480
2
238
1
179
0
148
2
319
7
69
6
28
2
N
240
18
178
11
132
8
279
3
127
9
337
6
399
9
443
8
378
5
149
9
275
4
318
12
478
0
394
2
427
13
100
10
145
11
449
5
368
12
3
