1
9
U
220
11
429
7
203
9
59
19
448
20
354
1
49
1
297
13
152
12
395
1
173
3
250
1
G
300
7
379
19
330
1
170
10
275
31
92
25
115
8
225
16
X
280
3
70
43
156
79
438
10
K
160
3
325
6
205
33
435
41
T
240
10
332
23
229
18
383
16
349
14
217
10
415
15
147
2
285
18
101
23
135
3
N
140
2
240
42
196
41
I
100
13
348
0
318
1
466
1
460
3
375
5
338
0
155
6
416
3
57
3
397
2
387
3
417
6
295
5
E
100
16
381
1
54
5
242
2
299
3
139
6
367
6
78
3
412
0
329
4
454
3
316
5
166
2
356
0
440
4
342
5
2
0
O
240
1
423
91
3
