1
17
Q
140
8
202
6
26
10
158
14
420
10
308
14
128
3
140
10
11
11
V
240
12
201
7
250
19
134
19
455
19
273
20
71
19
108
6
303
10
429
2
149
13
163
11
224
11
I
360
16
127
13
94
19
401
4
300
16
356
4
213
6
466
18
488
4
86
9
29
8
58
21
131
3
302
15
200
5
136
7
38
10
R
180
13
290
11
313
10
47
6
225
10
491
11
156
1
277
13
184
1
389
0
447
0
438
7
376
6
323
2
U
340
19
286
15
214
9
13
9
297
17
148
8
357
2
65
4
367
2
118
10
2
17
328
9
189
14
137
14
427
0
82
10
399
3
346
6
170
13
252
11
O
240
2
144
63
129
9
T
160
1
478
29
F
360
13
18
24
103
17
287
14
383
27
451
0
400
8
22
8
92
3
42
14
243
20
117
1
402
13
207
3
A
100
18
264
4
169
5
269
3
237
4
442
2
34
3
124
2
20
2
305
0
95
1
414
1
407
1
403
4
418
0
172
3
339
3
111
0
361
4
J
280
8
382
34
254
15
307
23
122
17
398
6
221
10
369
25
145
5
P
380
0
L
100
2
458
0
449
44
Z
200
1
426
135
S
120
19
135
1
441
0
318
0
182
6
17
5
372
3
241
1
242
3
485
2
107
2
422
5
481
6
85
1
477
6
493
1
430
0
83
4
448
4
392
2
G
140
1
444
136
C
260
3
219
14
329
16
1
12
E
160
11
472
13
141
6
360
13
61
2
424
4
212
13
377
14
350
2
75
8
440
8
205
11
7
