1
7
T
300
11
136
20
301
4
75
25
80
13
286
14
294
2
435
17
386
5
338
10
476
6
83
20
F
260
2
7
126
70
114
M
100
17
488
1
248
0
261
4
398
4
137
2
44
2
387
1
392
5
9
5
377
5
345
4
31
0
214
3
56
5
164
3
396
4
322
1
C
280
13
404
9
187
17
224
4
329
4
296
11
457
12
2
20
472
6
206
2
391
3
333
1
199
4
145
13
G
180
19
255
5
287
1
58
7
205
0
50
4
324
9
436
0
475
7
217
7
431
5
225
7
63
2
143
5
339
4
114
4
172
4
314
8
321
2
252
9
P
120
2
193
6
365
53
J
100
15
88
4
353
1
368
6
113
3
66
6
425
0
277
0
347
2
132
1
42
3
84
0
197
0
146
0
62
6
124
6
4
