1
16
N
340
3
336
9
5
102
373
19
W
280
12
305
15
474
4
316
19
432
6
298
10
364
14
43
22
168
10
239
8
390
11
443
18
126
13
A
100
14
337
0
310
1
3
4
72
6
68
2
477
3
307
3
263
5
240
5
440
7
114
4
413
7
87
7
275
1
B
140
5
201
22
279
2
490
14
425
17
420
21
P
100
4
499
1
118
12
109
12
61
17
C
320
10
368
12
192
23
485
29
360
32
82
0
456
11
303
29
290
32
393
14
418
29
H
100
1
207
71
Z
260
19
446
4
257
1
387
1
7
2
321
5
461
13
468
0
204
13
434
8
345
13
148
7
121
6
98
11
120
1
264
2
73
1
199
3
175
4
299
5
X
160
4
277
0
91
40
318
32
233
4
V
340
18
218
15
328
15
134
14
202
7
314
10
141
11
211
12
106
13
274
1
185
7
112
3
437
8
52
18
30
17
462
5
0
17
473
12
459
17
J
380
3
219
22
146
108
306
108
U
240
16
119
8
315
7
486
10
487
5
467
12
326
2
182
6
372
1
441
1
340
1
381
4
163
14
155
5
149
5
369
1
312
14
D
300
17
426
15
346
9
96
5
235
7
236
4
293
7
209
10
139
12
65
15
53
13
186
5
488
16
63
3
475
12
422
13
447
9
300
0
M
360
9
291
35
452
27
424
3
215
30
110
34
27
19
327
17
464
27
38
6
K
380
10
361
10
143
20
212
25
67
4
24
3
463
30
334
1
289
18
460
5
214
15
E
300
9
172
14
442
8
227
3
482
12
366
33
36
12
376
2
410
22
216
19
9
