1
17
Y
300
9
213
31
296
20
481
22
172
12
453
0
477
4
181
14
414
14
154
23
H
280
9
40
29
230
13
231
5
130
30
262
4
110
29
67
27
74
2
364
27
Q
100
4
142
16
223
17
81
16
293
0
G
200
17
103
5
242
8
358
2
187
2
95
5
462
2
402
6
192
3
191
3
175
4
194
4
126
10
45
4
89
11
349
11
297
2
276
5
A
160
9
206
14
457
4
325
17
419
4
57
15
23
1
478
5
244
12
404
16
U
380
11
407
32
298
20
1
23
363
18
275
28
328
20
127
26
395
22
139
30
131
17
119
23
S
300
10
195
7
84
3
498
27
372
5
493
1
198
18
496
5
499
14
403
9
18
2
W
220
13
253
3
236
13
451
13
117
14
323
11
234
0
197
11
3
3
243
10
76
4
432
10
128
7
102
7
R
280
0
X
260
5
284
24
4
42
313
10
233
5
351
25
L
260
6
256
2
423
10
138
8
91
36
416
2
27
37
O
380
9
318
14
132
22
176
30
415
24
352
5
78
7
122
9
463
36
53
36
N
220
10
229
22
44
6
495
3
158
3
447
16
169
21
20
12
258
7
199
13
454
9
Z
200
6
271
28
54
24
411
24
424
2
436
16
220
2
K
180
3
39
29
278
11
486
40
P
100
4
346
5
212
11
48
16
470
1
F
120
9
308
3
47
7
156
13
381
10
428
5
114
4
5
3
374
6
445
10
12
