1
24
P
300
2
349
94
467
10
Q
300
1
325
9
D
360
15
352
3
106
5
386
20
174
23
39
11
42
7
213
6
189
4
499
23
184
10
264
5
402
2
445
19
496
10
44
11
N
380
8
372
7
253
44
227
19
197
12
249
23
193
44
10
20
277
15
V
140
2
55
68
129
43
J
260
14
454
7
354
15
201
5
403
10
437
5
58
12
65
10
127
13
230
16
34
18
244
0
128
14
188
8
21
4
F
340
5
429
61
36
7
114
61
425
53
143
11
C
140
12
290
4
81
5
333
4
491
11
100
0
135
0
221
1
9
10
165
0
271
0
171
9
173
9
G
220
11
159
20
75
20
87
5
121
6
269
8
404
12
67
6
410
15
453
11
43
11
251
6
X
340
13
215
26
432
16
224
8
172
11
443
18
469
24
238
15
427
23
417
21
475
15
330
17
276
11
322
20
A
280
12
357
18
405
2
304
14
492
15
76
12
356
20
152
17
187
8
310
3
385
22
240
7
314
21
T
100
14
35
1
297
1
115
4
284
6
272
6
268
4
435
3
139
1
480
1
348
2
487
2
200
0
234
5
153
1
R
120
17
478
5
169
7
338
7
8
3
29
2
229
1
245
1
449
7
243
3
116
3
358
6
331
3
241
6
381
1
463
2
270
2
17
5
S
380
13
78
7
439
9
226
13
259
0
282
0
431
13
376
2
93
6
400
13
131
21
486
0
485
8
207
8
M
280
3
370
78
315
4
119
7
L
260
10
98
7
460
12
31
20
20
18
92
26
62
8
416
3
54
9
275
26
296
20
H
180
15
192
5
176
5
211
1
83
12
451
9
26
11
458
4
265
5
13
5
64
2
360
1
219
8
105
12
299
4
444
4
Z
300
16
248
0
235
12
162
13
70
11
397
1
246
0
279
0
155
15
84
9
254
14
414
15
339
2
428
12
61
15
217
7
313
15
W
340
3
89
64
101
65
22
69
O
180
19
258
8
389
8
412
7
77
8
132
7
384
6
72
4
353
8
456
4
150
8
47
9
307
4
336
8
335
7
205
9
394
8
88
1
237
6
262
1
U
100
10
300
10
441
7
85
9
446
6
440
0
74
7
283
6
295
3
16
10
337
5
I
300
4
319
68
252
9
359
72
324
11
E
180
12
327
6
421
10
82
6
326
2
457
13
390
9
302
11
340
10
167
2
91
2
395
5
109
0
B
340
11
420
30
170
4
318
8
363
3
202
24
312
1
124
14
182
28
136
15
316
16
103
6
15
