1
11
I
320
18
195
0
443
15
451
11
475
5
154
4
295
4
149
10
341
17
74
12
169
11
44
15
42
3
5
6
454
13
407
9
276
2
161
8
119
10
J
320
12
88
24
214
20
360
24
485
10
416
6
62
24
201
25
15
17
334
21
492
12
308
19
3
2
X
200
9
461
20
172
1
238
1
114
0
18
17
493
15
313
3
355
7
151
3
D
360
15
303
1
344
20
28
22
257
18
228
11
69
4
180
5
153
2
280
14
413
7
16
9
340
2
22
14
43
16
449
19
G
340
1
270
145
K
280
14
453
4
54
17
328
8
376
2
482
6
71
8
282
12
39
14
322
11
109
1
0
9
189
9
138
10
103
10
M
300
13
389
2
347
5
248
10
491
17
243
17
247
16
262
8
425
19
197
1
53
11
275
1
490
11
299
10
V
160
6
136
10
89
20
112
21
370
15
29
4
377
14
L
200
4
434
41
484
23
260
4
404
40
T
120
18
302
4
264
6
483
0
318
6
467
3
359
6
256
4
105
4
158
5
240
1
286
4
265
0
412
2
350
1
396
0
332
4
284
5
50
4
U
220
0
6
