1
21
Y
340
1
360
288
L
300
8
300
16
42
14
223
13
157
35
424
29
237
21
395
12
30
33
R
200
11
228
16
41
4
373
8
269
9
242
11
109
7
47
6
432
0
256
1
6
18
114
11
F
120
12
85
9
419
8
304
10
361
4
145
4
254
8
456
9
490
10
418
2
33
1
482
10
48
7
V
300
11
219
7
50
0
274
13
230
3
229
12
178
15
27
27
493
17
190
7
428
16
346
18
Q
120
2
302
37
478
41
U
260
17
472
10
226
15
404
2
403
10
331
1
156
14
372
7
366
9
160
12
102
7
470
12
499
14
241
10
259
12
98
11
99
3
431
6
X
360
6
297
16
435
39
355
3
147
27
381
1
443
21
B
380
10
426
32
235
9
139
25
217
21
34
6
84
28
164
28
389
26
309
37
270
0
C
280
9
106
12
344
30
392
27
37
6
75
2
370
2
65
13
134
14
25
17
Z
280
19
352
2
347
2
292
10
345
6
86
14
149
14
225
7
5
2
118
8
245
10
117
8
136
5
161
5
174
9
22
8
371
11
236
3
446
13
111
2
P
360
11
175
14
1
23
341
9
287
30
385
9
123
2
234
11
275
8
108
25
0
31
313
2
A
180
4
291
21
255
6
38
37
474
6
O
100
19
468
1
173
2
476
1
458
5
124
3
481
4
209
4
260
4
320
3
383
5
244
1
444
0
409
0
194
4
193
4
462
0
246
3
488
0
87
0
K
260
11
314
10
14
23
35
14
128
18
166
2
129
11
100
12
140
12
397
2
69
9
206
18
M
260
2
165
53
171
104
T
340
9
119
18
453
1
423
17
183
5
311
1
394
7
349
4
388
36
96
22
D
300
4
63
4
386
66
73
21
26
13
I
360
0
W
180
13
211
0
71
9
378
9
455
2
266
9
21
1
70
6
357
7
441
0
24
9
202
6
436
8
121
5
H
100
1
83
18
17
