1
22
K
120
13
376
8
360
6
304
8
432
8
254
6
312
8
248
5
373
2
458
0
128
1
289
0
315
8
0
9
L
200
18
383
11
479
10
219
9
468
4
357
6
285
2
422
8
333
11
7
3
149
2
202
4
71
8
201
4
67
9
147
11
326
4
162
8
459
1
G
380
8
20
32
139
43
384
29
397
6
483
10
164
43
356
27
79
3
M
280
16
44
3
324
15
95
3
215
4
22
17
94
13
305
0
445
0
400
17
448
2
41
16
385
15
388
4
230
16
175
17
27
8
A
260
9
216
16
129
25
450
3
341
19
411
3
365
21
436
23
9
21
276
15
T
100
6
126
13
313
3
393
11
475
9
428
13
104
13
U
140
12
98
6
323
0
210
9
253
11
280
9
83
8
51
2
493
1
363
10
492
10
328
7
207
9
H
160
19
90
3
140
3
416
7
14
0
178
2
37
5
34
0
234
7
193
3
281
4
63
2
488
7
398
5
21
3
42
0
31
4
287
1
66
6
278
1
P
160
3
435
23
455
4
451
10
B
120
2
93
30
123
11
Z
180
6
73
20
107
22
482
6
82
8
181
24
453
3
O
280
13
402
5
61
1
134
20
177
2
49
2
410
8
146
12
176
12
308
10
232
16
294
15
168
0
346
15
S
220
11
191
9
81
19
52
14
419
3
439
13
15
12
301
6
490
5
87
7
117
1
102
3
X
220
9
413
19
457
8
430
23
394
16
441
10
291
18
50
16
380
19
447
24
V
360
8
29
24
342
43
229
42
307
8
387
23
359
1
198
2
13
45
J
300
15
145
11
68
20
251
9
238
6
496
13
370
18
208
9
89
8
489
8
115
9
244
9
196
1
116
12
58
6
391
13
E
240
14
415
1
85
6
101
4
320
0
33
16
69
14
265
0
113
16
261
16
28
3
247
10
407
8
464
4
321
3
D
300
1
472
267
R
360
7
131
15
444
35
374
47
233
9
155
21
30
18
485
13
F
260
14
256
12
171
1
266
13
330
4
433
1
12
17
332
8
172
0
497
11
25
14
86
4
157
16
293
15
361
14
N
260
15
375
13
258
3
438
15
192
12
343
15
108
11
465
11
92
6
227
4
481
8
358
16
345
14
325
13
236
12
163
14
Y
140
3
165
30
452
46
250
2
10
