1
20
R
160
5
498
23
397
16
329
32
448
6
140
3
Z
220
9
122
18
265
24
180
12
137
10
101
11
483
17
325
4
53
12
120
17
W
200
8
105
1
285
21
456
10
220
5
362
3
95
12
41
3
286
19
Y
340
0
K
140
11
136
11
323
7
221
4
2
7
29
1
121
1
134
12
495
1
216
3
242
7
250
6
H
340
10
30
34
287
34
336
32
99
32
102
2
55
6
261
31
374
12
100
22
224
33
A
360
2
370
3
437
111
B
100
12
118
6
58
7
347
4
399
0
270
5
436
5
279
7
303
5
13
2
15
2
213
2
475
6
M
340
14
334
3
350
11
426
14
465
16
317
7
128
12
264
3
441
7
85
11
239
17
284
20
192
6
248
22
203
16
D
220
19
42
2
381
7
186
11
179
9
169
8
4
11
237
2
307
4
131
1
499
8
361
4
281
8
88
2
107
4
497
1
358
5
175
2
396
3
38
3
N
320
14
326
5
345
8
479
17
486
6
124
11
163
4
477
21
206
5
153
17
443
20
200
7
332
22
394
4
47
3
P
360
1
201
185
I
240
7
415
29
275
26
405
22
164
4
416
15
61
5
129
1
G
140
0
J
160
16
127
9
218
9
157
1
208
4
273
2
290
5
92
0
254
9
384
3
205
4
24
2
112
8
49
9
251
5
414
6
59
2
E
100
13
461
4
423
4
130
7
108
3
472
7
421
0
315
6
72
5
344
0
65
0
162
0
297
7
187
0
S
280
13
432
2
236
14
165
9
404
13
289
16
178
17
222
7
8
11
50
9
311
20
496
3
341
12
492
7
T
340
1
11
84
V
280
16
20
7
18
7
488
1
22
7
44
15
16
4
33
17
171
17
188
17
123
16
40
2
339
5
209
0
302
11
135
7
412
9
L
300
0
1
