1
11
W
340
0
M
180
11
489
11
266
0
116
14
315
13
62
12
34
12
59
4
457
6
367
4
222
9
256
13
Z
240
16
305
11
269
1
136
13
449
12
486
11
198
10
469
3
478
5
177
7
271
14
64
6
125
15
92
4
26
3
99
6
350
8
H
120
7
4
4
337
9
336
14
217
11
58
3
446
1
191
12
S
380
4
21
62
86
89
108
78
111
80
F
140
2
73
70
351
43
Q
360
10
477
10
308
17
229
34
186
14
137
29
251
33
138
36
57
1
288
2
313
10
V
120
17
49
1
492
7
296
4
218
0
263
6
458
3
402
0
395
3
310
5
102
5
300
2
441
0
27
0
37
6
257
5
445
7
190
7
N
260
10
200
0
393
19
245
19
94
8
181
0
35
13
122
21
239
10
115
15
254
17
L
340
7
343
10
418
21
12
32
465
40
332
13
359
40
443
30
C
300
9
118
28
249
31
160
15
247
5
172
22
303
8
260
26
342
19
183
30
11
