1
24
B
220
17
87
4
256
8
36
10
283
2
188
10
156
6
139
10
144
5
379
5
18
7
279
0
213
1
349
10
409
1
67
12
286
11
85
9
L
140
15
448
3
301
6
164
0
15
6
361
9
326
4
371
9
52
2
157
7
199
0
475
8
481
4
190
1
93
3
385
8
H
200
17
183
3
61
8
323
9
185
2
383
9
126
4
218
10
274
10
132
3
389
3
440
1
272
9
258
4
169
8
245
8
117
9
174
2
V
160
5
251
26
176
31
471
17
204
31
54
1
Z
180
18
238
0
99
7
401
5
263
0
267
8
457
1
151
0
17
7
348
1
335
9
91
4
145
10
167
0
192
0
499
1
483
10
342
5
165
1
S
140
15
60
8
98
5
229
7
438
7
97
4
233
7
137
5
292
4
302
8
420
7
392
7
290
1
369
7
314
9
116
2
F
380
15
310
12
453
6
480
16
115
1
212
12
62
2
275
13
421
17
16
17
237
14
224
20
43
12
443
9
399
25
441
3
J
140
13
30
9
415
5
363
4
160
3
124
7
80
8
27
1
20
10
210
8
200
4
249
7
289
3
466
7
P
100
11
104
5
4
0
77
1
57
4
83
7
70
8
88
8
172
2
232
1
47
6
422
0
A
100
3
328
10
10
3
25
32
U
140
16
334
4
105
3
154
5
266
3
74
3
84
1
194
5
189
6
370
5
33
7
365
8
255
4
81
2
285
5
375
4
148
4
Q
220
1
405
203
W
300
13
130
2
265
17
388
13
58
17
317
10
73
0
184
18
432
22
460
17
8
9
254
15
260
9
34
22
N
380
13
112
26
248
24
252
29
311
25
227
24
345
25
261
19
398
6
305
5
178
19
146
26
319
6
312
10
K
240
15
321
7
470
2
304
10
433
5
496
4
119
8
161
15
287
15
390
4
294
12
338
1
394
16
298
9
341
13
38
3
T
280
4
133
52
221
28
306
32
205
66
D
220
2
247
93
202
27
E
260
9
143
20
376
7
479
25
129
14
484
26
102
15
163
26
26
6
403
5
X
180
16
262
10
59
11
359
0
340
0
78
10
419
7
309
4
89
1
96
7
426
7
7
1
284
2
325
3
395
3
282
2
456
11
C
180
2
182
24
203
18
G
340
19
2
15
493
2
177
0
366
14
228
16
196
2
468
11
193
10
23
6
226
16
49
7
82
0
195
12
40
0
435
6
243
17
413
2
209
1
351
1
Y
140
19
296
1
404
1
476
6
107
4
346
5
230
2
111
4
1
3
364
4
22
6
494
2
276
7
29
7
118
4
446
1
147
2
429
3
53
5
239
0
R
120
1
127
78
I
200
11
64
16
201
15
175
2
6
16
445
7
400
1
222
13
242
6
477
0
179
7
280
16
7
