1
14
W
280
8
146
21
51
20
130
11
282
13
161
17
270
30
66
10
212
6
B
120
11
233
0
164
6
224
8
426
1
470
10
223
9
119
0
126
2
276
2
391
8
95
8
T
280
3
38
12
438
67
371
10
E
340
9
11
16
133
21
154
26
235
5
101
35
216
20
425
34
90
2
290
8
H
360
11
99
27
460
13
23
30
486
2
299
12
140
3
403
6
201
0
370
11
439
22
381
9
U
240
11
45
17
280
21
378
21
322
2
94
7
474
11
251
21
112
20
227
8
52
15
91
3
Y
220
8
12
16
189
24
9
5
352
0
103
19
191
9
457
1
310
27
C
180
14
131
7
26
3
412
12
358
6
187
11
193
6
410
7
386
8
472
8
257
6
108
9
354
5
33
10
198
2
D
180
19
149
3
106
3
479
6
431
8
459
7
318
3
449
5
79
4
247
3
455
1
125
9
428
9
139
9
402
1
374
8
150
2
255
4
377
9
96
4
O
260
1
316
214
L
280
0
K
120
3
292
32
263
9
372
31
V
320
17
32
4
65
12
296
0
423
10
253
3
388
11
73
5
317
18
469
13
420
17
147
3
482
5
367
1
50
9
117
8
456
2
283
1
Z
280
13
432
3
14
2
132
13
104
3
180
20
58
4
429
0
392
18
288
11
105
6
348
7
120
6
237
20
0
