1
5
Q
160
16
277
4
427
10
356
8
38
3
463
5
238
10
374
0
393
0
18
6
250
5
173
8
153
1
213
5
225
6
56
0
487
5
G
260
7
186
24
127
26
448
29
396
23
364
28
478
15
358
10
B
200
9
66
8
441
17
466
6
349
1
471
21
24
1
248
16
345
7
71
14
X
260
18
298
2
151
14
131
9
123
6
410
7
125
2
45
3
292
4
7
9
231
10
355
13
189
6
310
3
412
4
470
14
208
2
140
7
287
14
F
200
17
184
8
35
5
215
10
219
6
60
7
145
8
283
4
227
9
272
10
15
10
343
5
331
7
341
9
97
6
258
1
371
10
262
2
0
