1
20
U
120
2
370
2
417
41
J
160
14
137
11
255
2
138
8
7
3
486
0
45
5
122
11
170
4
77
0
492
10
19
2
444
2
153
7
212
1
K
160
10
205
11
5
1
186
11
50
2
233
9
129
13
114
2
55
15
267
15
412
1
Y
160
12
10
4
69
11
108
2
312
7
446
1
411
8
469
12
154
3
232
6
57
1
477
9
339
10
G
280
1
54
76
R
380
17
391
10
491
5
244
4
394
15
177
15
89
4
178
16
1
13
109
2
23
5
175
21
156
11
14
2
328
15
498
21
436
5
342
3
H
180
2
389
48
467
37
N
240
19
217
3
117
3
415
10
199
3
314
12
447
7
191
9
252
2
38
9
221
7
316
4
340
4
9
3
113
3
441
1
270
6
27
0
257
10
162
8
Z
140
12
338
2
88
0
366
2
470
4
18
11
402
8
485
11
124
3
66
11
378
3
474
1
443
5
I
240
14
449
6
430
9
0
12
253
8
405
11
273
5
67
1
16
12
276
17
399
10
75
0
48
1
293
12
242
12
S
320
4
384
30
155
51
105
10
259
34
X
340
12
459
0
420
6
377
13
348
23
171
3
164
0
286
17
398
8
145
25
235
25
279
13
115
11
T
180
18
322
5
11
5
229
5
172
10
71
1
465
10
96
7
94
8
40
9
56
10
421
8
489
3
308
5
277
8
207
6
81
10
379
7
363
0
D
320
9
234
4
254
6
2
31
374
14
326
18
166
22
131
24
454
10
59
28
E
380
7
337
6
196
0
369
36
400
10
388
22
125
5
434
39
L
120
18
15
2
169
1
409
1
336
6
144
4
373
2
319
5
167
5
206
4
280
3
274
1
403
6
85
6
44
0
37
2
222
2
100
1
323
6
P
100
10
110
0
321
7
307
0
245
7
86
8
310
0
248
2
33
1
368
8
190
3
V
140
6
297
21
494
21
343
2
410
5
246
11
103
20
A
340
13
158
7
407
26
4
3
193
7
345
21
355
19
111
7
201
7
243
22
426
16
58
11
281
1
287
4
W
240
15
220
4
354
0
350
1
41
10
112
0
62
11
401
8
197
13
341
0
356
16
143
14
236
1
83
5
106
0
17
10
1
