1
23
A
180
19
84
2
378
3
330
7
51
8
83
9
367
5
255
7
201
6
432
1
444
5
294
6
119
0
233
0
135
9
213
5
388
0
61
5
379
4
82
9
X
160
3
50
51
453
18
208
31
Q
360
16
352
7
223
17
314
19
403
17
63
14
47
13
72
1
393
11
311
14
23
5
73
6
308
15
385
4
248
11
245
12
387
10
M
340
18
306
9
26
8
139
0
92
17
346
4
190
6
100
3
302
13
160
7
495
8
59
13
340
18
354
9
254
10
381
9
491
0
214
2
259
18
E
300
0
G
160
17
348
3
43
1
31
6
384
0
4
7
442
8
394
0
332
8
413
5
159
8
121
3
383
4
35
2
13
7
104
6
244
8
430
3
V
340
8
366
8
493
15
122
9
93
16
25
1
5
15
28
31
391
10
Z
220
16
216
3
170
7
448
0
19
8
27
2
155
13
243
2
270
2
260
5
280
13
130
4
227
4
224
9
105
13
132
6
64
13
S
120
18
488
4
315
1
16
3
242
6
14
2
163
6
62
1
109
2
269
0
236
5
21
3
49
4
329
5
406
0
230
0
218
4
389
5
117
0
P
260
16
299
9
458
14
380
6
12
10
173
6
48
2
177
0
473
5
127
1
427
15
363
12
9
3
251
3
312
0
198
2
58
16
Y
200
14
221
7
266
2
497
14
439
4
30
0
353
3
185
3
71
0
128
14
336
4
335
9
76
4
289
9
452
10
D
240
12
97
15
496
8
371
10
89
19
157
13
293
14
474
19
134
14
38
15
454
1
151
2
40
8
L
240
7
136
29
54
12
356
23
249
28
114
10
431
17
479
18
C
140
16
465
2
460
7
219
1
231
4
419
2
45
4
138
2
376
3
60
0
483
5
225
4
320
1
150
3
111
7
477
3
407
2
W
280
7
165
11
271
16
339
3
440
28
77
15
152
12
402
3
R
300
6
140
24
36
41
241
5
361
20
472
3
52
3
B
120
18
0
0
226
1
210
4
238
5
44
6
24
4
351
6
400
2
374
4
358
3
359
3
365
3
462
0
149
3
113
4
338
0
106
1
252
2
T
260
17
57
14
131
0
196
5
372
5
212
2
485
11
268
10
328
0
272
2
317
10
466
6
195
13
144
5
264
10
153
12
96
12
101
9
J
300
7
468
7
333
5
298
5
78
11
273
41
85
30
22
1
H
280
17
382
4
179
15
188
1
420
8
344
14
199
9
33
16
209
8
399
15
277
13
15
16
99
7
215
12
75
14
418
16
68
1
228
12
K
300
17
411
2
235
4
297
9
377
8
343
9
103
5
164
3
171
2
95
17
88
5
323
11
492
3
174
14
2
4
1
4
126
15
447
16
I
300
10
424
22
360
0
32
15
396
17
295
7
107
9
74
17
287
24
69
27
115
3
U
140
19
276
4
192
6
303
0
334
6
301
7
178
6
156
0
449
6
481
4
443
1
282
6
182
7
65
2
362
3
267
0
162
4
167
6
326
5
222
5
22
