1
11
E
100
17
446
2
371
1
81
3
2
2
10
3
67
5
472
1
24
4
422
4
94
1
122
3
383
3
165
3
262
3
364
1
425
2
286
5
S
280
14
280
20
438
2
127
3
480
18
454
2
324
9
264
11
197
8
418
16
137
0
288
1
450
2
170
6
270
15
G
220
19
147
0
314
11
168
11
253
5
402
5
153
5
66
0
355
8
219
6
175
2
68
0
44
5
451
0
159
0
231
9
257
9
114
11
428
3
142
1
D
240
16
346
1
125
7
482
7
155
2
240
2
399
10
261
9
28
14
305
6
285
14
17
5
217
4
199
8
134
9
462
14
368
9
O
200
2
411
25
461
15
T
200
17
315
1
108
10
23
10
287
8
475
8
173
1
40
4
211
7
291
2
275
11
348
5
380
7
214
9
301
6
135
4
424
1
435
1
K
180
4
193
13
76
18
347
19
268
25
P
140
12
0
11
303
10
53
5
84
8
421
9
141
8
145
5
93
5
417
9
493
9
75
8
140
8
Q
320
14
394
0
374
0
349
10
237
12
98
22
25
14
356
5
196
1
409
7
12
1
326
16
390
11
19
1
490
4
N
240
5
129
35
9
18
49
43
488
21
487
15
H
240
15
110
1
89
4
65
11
112
16
64
16
408
0
36
6
267
4
310
7
357
1
328
8
404
6
497
1
474
14
263
15
7
