1
20
V
140
15
29
2
168
8
240
8
284
7
166
4
388
9
106
6
140
1
412
2
67
1
69
0
411
5
449
8
275
1
196
0
E
240
19
331
1
55
7
312
7
52
6
327
4
58
4
180
9
346
2
103
2
270
1
234
0
415
11
487
6
72
2
438
11
141
7
325
5
189
5
416
0
J
300
17
305
1
111
13
338
10
47
2
87
0
492
9
100
0
160
9
369
17
286
7
203
1
336
11
272
8
255
0
222
4
462
14
20
2
B
340
17
390
12
372
1
302
6
301
10
215
7
209
16
130
3
42
6
27
5
153
19
80
13
288
13
119
15
256
3
129
7
276
6
385
19
O
240
17
496
5
290
1
453
1
268
2
493
2
273
1
471
10
468
13
221
12
269
6
161
9
349
9
4
6
114
6
16
11
308
1
158
11
K
220
7
239
18
377
29
376
10
30
9
490
6
97
10
267
4
F
160
0
U
260
17
469
11
186
14
101
4
283
0
248
0
282
12
418
7
359
14
216
9
128
13
184
13
259
1
271
4
66
4
178
3
88
5
443
7
C
180
0
T
380
16
233
14
2
14
355
22
1
21
117
0
191
8
427
18
311
0
74
16
75
16
162
10
41
8
454
0
183
16
470
13
60
18
M
140
2
26
49
208
4
X
360
14
426
17
484
8
264
12
54
20
366
5
108
9
32
1
235
20
458
10
281
17
8
22
133
3
436
23
175
11
P
280
11
206
22
434
1
144
7
499
15
237
16
387
7
343
12
313
23
397
18
102
0
309
11
A
380
12
389
9
410
6
425
7
358
14
400
29
172
8
109
8
12
30
105
19
297
11
224
7
347
22
W
180
8
368
1
419
19
193
13
479
9
472
16
31
20
364
6
64
10
Q
160
5
374
28
143
4
279
5
34
13
384
27
L
160
14
247
8
177
6
435
9
33
0
56
3
220
2
84
2
379
6
464
0
138
7
73
5
142
0
238
1
23
10
S
140
12
242
11
361
5
439
8
37
7
212
11
394
5
476
4
214
6
314
9
164
5
25
10
391
5
H
340
14
146
6
317
17
414
23
332
19
298
20
441
20
378
19
460
13
278
14
486
24
300
23
145
11
335
2
149
7
R
300
7
245
36
38
21
147
10
258
5
65
19
413
5
171
1
20
