1
20
X
140
3
215
46
176
35
207
30
U
220
17
499
2
93
12
491
5
245
1
205
9
83
7
301
7
488
8
293
1
52
10
326
3
235
8
163
0
167
8
404
4
216
6
247
11
J
200
7
363
11
243
9
189
16
312
7
131
24
344
20
262
24
F
280
18
125
11
335
11
294
10
211
12
213
6
259
2
340
7
442
1
295
5
53
1
253
8
314
15
352
14
485
7
122
11
187
14
156
13
315
9
Y
220
14
381
3
276
15
425
3
18
8
69
8
317
15
278
5
444
12
345
13
98
14
221
1
178
4
105
14
91
5
L
200
4
302
26
158
11
255
21
492
4
O
260
17
477
9
306
6
414
7
369
4
26
9
19
9
443
5
188
4
427
6
479
3
212
10
346
7
79
3
495
9
364
13
341
3
435
2
H
220
12
401
18
38
18
436
15
121
1
101
7
24
8
209
13
270
15
114
4
123
9
397
6
238
17
R
260
13
148
10
92
19
252
18
115
2
206
15
240
20
424
19
263
18
85
4
139
17
134
17
416
13
408
7
Q
280
18
490
15
456
13
465
6
400
3
198
10
271
3
160
10
355
8
393
9
378
7
226
8
374
7
480
2
277
6
290
11
41
0
104
13
239
8
W
100
15
332
5
117
2
297
5
241
4
372
1
61
5
280
3
202
1
190
0
464
1
199
1
282
6
22
1
65
4
330
2
K
240
0
G
200
1
39
108
E
380
18
268
4
267
16
467
17
229
16
333
16
447
3
136
10
63
4
28
8
396
17
474
13
265
2
360
19
497
2
325
2
486
16
119
4
287
0
I
320
19
339
3
103
1
97
5
183
5
200
7
342
7
359
4
208
16
331
13
57
16
162
14
459
12
95
10
77
7
197
4
289
10
224
13
43
2
210
11
S
120
5
113
19
68
5
42
2
10
23
338
23
B
160
5
362
0
454
18
81
24
420
12
195
22
C
320
18
422
13
147
9
82
3
161
7
29
3
446
11
166
3
173
1
107
17
111
0
483
17
358
6
100
15
423
2
0
1
453
11
264
7
383
15
N
100
17
33
1
11
1
150
3
201
0
409
4
185
1
218
4
222
3
219
0
7
0
421
5
439
2
318
3
30
1
116
3
135
0
45
3
D
340
11
449
20
137
3
299
9
316
7
194
30
329
7
15
20
309
11
154
3
248
2
371
16
14
