1
6
X
180
14
310
4
196
1
344
9
57
1
331
7
372
6
206
0
274
8
373
6
430
3
192
2
311
12
382
5
248
12
H
220
15
295
1
241
12
130
13
121
13
225
3
213
4
8
12
328
2
187
2
472
2
93
14
286
5
366
0
36
6
462
1
A
220
16
370
10
129
5
66
4
315
3
416
12
276
8
142
5
153
8
185
2
321
11
436
13
22
12
69
13
155
4
394
9
352
8
M
260
4
74
6
37
0
231
58
7
28
I
360
19
71
3
391
4
498
11
403
16
45
7
437
7
448
1
20
13
256
1
346
0
13
11
404
16
163
3
306
5
267
18
48
3
262
0
154
4
435
1
Y
360
13
44
14
280
17
171
27
312
6
255
26
452
24
494
1
233
7
99
10
94
24
304
6
271
26
376
8
2
