1
23
U
100
4
226
14
41
22
63
13
356
24
B
100
5
281
4
112
9
54
9
178
12
11
17
Z
160
9
168
17
88
1
408
13
18
1
371
17
75
11
153
11
390
0
328
14
T
240
17
261
4
217
10
307
7
107
14
433
12
237
7
301
11
455
5
136
10
299
14
345
0
84
3
74
0
349
1
407
12
105
7
87
0
E
280
9
351
13
289
8
435
21
44
7
464
3
439
11
257
22
357
8
36
25
D
140
12
268
5
42
7
266
2
29
7
381
0
188
1
181
10
123
0
456
5
256
11
365
1
113
11
X
380
19
89
16
214
4
430
1
496
17
246
1
339
6
208
17
319
5
129
6
180
1
12
11
491
19
397
5
372
0
384
3
242
11
329
14
17
14
193
0
O
200
8
297
13
243
13
406
25
196
9
416
10
228
7
26
23
130
20
P
300
13
291
12
218
2
156
14
330
18
179
3
173
9
219
7
445
20
337
18
350
22
35
17
92
12
276
11
M
120
19
96
0
440
2
475
2
127
6
259
3
118
4
233
1
14
1
10
4
24
5
49
1
83
2
227
3
150
2
234
4
482
2
140
3
277
3
9
1
Y
300
6
101
36
251
29
91
27
333
37
420
0
192
28
Q
100
9
95
6
15
5
170
3
388
4
321
1
103
7
220
6
159
5
472
10
G
380
2
499
23
426
41
R
380
18
313
20
43
15
104
6
202
14
115
7
165
13
308
15
28
5
431
6
296
5
162
16
395
11
492
5
248
3
295
10
425
11
244
14
238
6
A
120
11
447
7
310
10
288
7
119
7
194
0
102
3
58
6
167
5
292
3
76
0
304
5
S
180
15
300
0
274
8
60
12
347
10
52
9
364
6
391
2
386
4
37
9
62
0
434
4
3
8
198
5
141
8
189
7
K
120
11
316
7
413
8
175
9
258
4
269
10
344
0
114
3
460
4
476
8
293
5
2
4
V
160
2
374
63
389
4
N
300
9
39
10
436
12
458
23
298
31
311
2
373
30
106
16
111
30
343
14
H
120
6
467
13
25
17
376
5
405
18
385
13
361
11
I
180
18
463
6
56
2
315
5
498
9
379
7
382
10
302
9
122
8
271
8
68
4
204
6
314
0
116
2
51
10
362
6
355
7
260
0
241
5
W
260
8
489
30
346
18
320
19
30
26
331
18
399
20
267
0
450
30
C
220
6
38
11
79
19
240
11
275
8
418
36
33
12
20
