1
24
B
180
13
386
0
464
7
32
9
20
10
264
12
34
3
325
2
362
11
37
12
228
8
27
1
149
4
415
5
I
280
0
Q
340
8
349
5
428
24
192
1
213
20
446
24
259
32
184
6
12
41
W
240
19
112
11
160
8
127
8
23
7
244
12
58
12
352
2
303
10
206
9
388
6
119
7
298
2
342
8
284
7
165
7
373
7
266
8
312
12
53
10
Z
320
6
409
22
323
48
233
30
216
41
300
16
141
43
U
100
3
186
7
280
28
271
5
G
300
15
87
17
194
7
424
3
170
14
435
7
285
19
379
11
488
10
400
0
416
0
3
4
167
5
469
0
210
5
60
19
P
360
16
159
20
390
5
220
1
139
18
351
10
229
5
110
4
92
2
287
21
461
3
347
12
247
18
41
3
448
22
146
1
148
18
Y
320
16
99
14
356
20
474
7
7
0
395
14
314
17
74
9
67
15
296
19
291
7
260
3
343
20
309
13
421
11
75
6
353
13
E
100
14
422
4
293
0
240
1
336
6
283
3
178
3
223
1
242
2
246
2
278
2
215
0
195
3
147
2
405
0
J
300
17
55
5
427
6
308
6
185
13
411
10
118
2
63
12
11
10
48
5
367
14
316
14
100
2
268
16
276
5
368
8
56
4
122
12
N
160
13
320
1
454
6
311
2
382
0
179
12
88
9
152
1
321
4
399
8
78
8
391
0
252
6
26
11
M
100
12
211
2
238
2
433
2
39
0
226
3
377
3
188
6
376
2
70
7
111
2
339
0
123
7
R
160
16
69
2
332
7
181
6
486
6
387
2
106
4
59
1
125
1
84
4
389
0
131
3
25
8
117
7
68
9
21
9
406
7
K
300
18
313
12
19
10
327
15
199
7
341
9
86
1
269
3
372
16
487
5
310
5
35
12
360
2
204
14
203
8
333
4
425
7
418
1
130
12
C
240
0
L
320
17
413
3
366
4
301
4
54
6
17
7
91
0
96
7
465
1
190
5
151
7
420
3
397
5
432
14
476
9
76
0
104
14
490
18
F
320
7
493
39
8
8
93
36
462
40
307
17
322
30
306
35
O
120
12
169
9
426
3
468
8
277
0
81
10
66
6
253
1
135
10
140
1
15
5
431
10
471
0
V
300
4
403
17
408
19
263
71
22
36
S
380
16
249
14
414
15
484
1
219
19
51
12
46
23
354
16
317
13
57
13
492
20
495
0
153
7
445
18
38
11
466
5
272
6
X
180
13
120
6
438
2
137
7
344
13
10
8
338
5
155
13
357
5
217
4
258
12
9
4
479
2
180
7
H
380
16
164
20
419
21
16
22
410
8
485
16
273
11
442
16
449
9
248
15
279
12
222
8
369
15
348
21
286
5
451
4
115
8
D
360
6
423
60
108
49
282
31
241
42
0
30
355
31
17
