1
12
A
300
4
293
26
222
69
455
11
400
71
N
300
9
416
27
445
6
316
22
146
29
145
33
39
18
202
25
418
31
21
19
O
260
2
180
12
340
75
T
200
11
338
10
310
9
328
7
414
6
440
2
44
7
113
10
43
14
209
18
490
1
10
13
E
260
4
473
16
261
64
392
29
470
58
K
280
5
32
54
296
21
374
7
213
46
197
25
R
280
14
123
3
483
13
155
14
140
1
279
0
206
7
299
19
217
19
363
17
102
3
170
13
25
15
311
9
126
12
M
120
15
278
1
388
1
247
3
354
5
4
7
143
2
174
8
424
6
436
5
248
4
2
2
169
7
423
1
297
5
312
1
C
280
4
429
56
421
65
469
21
189
9
H
200
1
427
141
G
200
16
15
2
270
0
389
3
281
5
154
2
345
3
208
11
302
7
256
2
94
9
315
9
153
3
377
0
215
0
367
12
142
9
Q
180
8
252
9
450
9
415
15
55
2
411
20
82
13
284
22
188
14
2
