1
10
V
380
2
459
153
62
33
Y
120
13
309
4
446
0
270
8
246
3
74
5
430
8
149
5
257
5
102
2
227
8
94
6
6
4
142
0
Z
160
10
134
14
378
7
304
9
181
12
386
12
398
0
162
5
225
10
154
16
0
5
S
200
5
196
38
452
0
139
29
277
16
494
3
W
200
8
435
6
345
4
117
5
128
14
145
5
1
4
14
21
77
23
A
240
14
449
6
201
2
222
1
195
4
82
10
368
14
301
15
98
17
96
1
136
8
484
9
291
4
453
1
41
17
G
280
6
376
44
344
12
125
33
86
14
245
23
463
30
O
300
12
323
19
248
17
268
20
35
21
475
11
104
4
214
9
320
10
168
11
52
16
20
7
289
7
D
120
18
375
3
434
1
480
0
436
4
416
2
271
5
212
4
56
0
358
1
15
5
50
3
454
6
432
2
341
1
37
3
61
1
356
2
385
1
F
320
16
256
8
445
12
40
7
170
17
51
10
366
0
194
10
113
8
91
16
4
10
151
4
327
9
261
20
89
3
285
18
354
20
4
