1
5
J
280
7
223
4
40
32
381
2
421
3
177
1
270
0
73
23
X
220
16
473
9
367
12
471
11
331
11
456
13
291
6
76
1
472
1
290
0
219
10
486
7
330
7
258
3
325
0
26
1
82
2
B
160
8
286
5
57
20
164
13
259
1
195
4
33
3
123
0
3
5
N
260
11
399
13
235
13
189
16
309
6
96
6
147
2
124
20
363
2
172
3
389
13
34
21
Y
380
17
371
20
231
15
416
5
200
0
37
18
193
15
492
5
350
3
462
7
228
4
304
20
28
8
233
19
83
6
166
10
337
10
212
15
2
