1
22
J
340
1
308
73
G
120
19
130
6
285
3
13
3
315
2
86
2
126
2
248
1
121
4
197
0
351
3
330
5
452
5
144
4
212
2
202
3
451
4
403
5
436
2
324
3
T
120
8
241
4
238
15
81
13
274
7
155
10
462
5
340
13
12
13
X
180
17
487
8
227
0
422
9
138
1
90
2
114
2
44
9
486
1
371
10
106
2
304
8
29
9
295
3
336
8
141
9
142
2
96
3
Q
260
17
359
13
97
12
180
10
34
3
454
3
156
12
350
5
379
12
253
9
326
11
185
12
135
4
377
9
464
12
412
0
203
12
37
10
V
360
19
59
0
458
4
363
17
276
17
69
10
323
9
327
16
301
14
481
9
360
6
24
10
254
13
243
4
445
11
495
3
267
18
178
5
316
4
210
8
U
380
19
453
0
190
9
355
17
250
3
174
3
110
1
123
1
118
9
447
4
293
12
239
20
401
18
211
10
466
16
461
5
182
10
80
0
273
18
140
18
D
120
9
4
13
392
3
33
8
249
10
455
4
416
9
419
7
234
4
294
4
B
180
7
320
25
76
5
261
23
280
20
284
14
236
9
41
12
I
160
13
228
6
374
5
30
9
169
5
147
10
43
11
476
1
60
6
286
6
388
6
382
4
192
7
47
9
C
360
16
427
2
329
19
137
17
426
19
111
18
328
13
413
17
421
17
429
12
231
13
48
3
157
15
433
21
310
6
321
4
410
10
W
120
19
352
5
407
1
42
0
7
5
314
2
291
3
108
0
161
6
449
1
325
4
361
2
264
1
200
4
497
1
307
1
475
2
395
5
91
2
70
2
A
300
11
465
27
55
16
376
0
195
0
172
25
397
26
372
23
23
22
319
25
112
14
268
21
Y
260
18
381
4
365
1
251
9
209
1
262
14
393
14
53
12
390
0
272
4
92
2
459
12
194
13
105
4
119
2
107
7
498
8
89
6
302
8
P
380
5
83
66
424
3
343
8
187
47
331
31
O
200
0
H
360
8
184
19
5
3
297
29
296
34
339
10
279
18
368
18
127
21
M
140
4
335
5
22
7
369
28
25
30
S
300
15
10
1
385
8
196
18
143
11
366
3
159
18
221
16
313
0
122
16
170
17
85
1
362
12
344
8
386
17
3
1
N
260
15
226
17
245
11
492
10
303
17
282
3
380
5
305
6
270
16
450
10
181
7
490
16
425
3
499
12
14
6
45
2
E
220
12
240
3
198
10
440
17
101
2
129
12
406
12
66
11
19
5
299
5
430
17
50
7
443
18
R
160
9
16
7
206
3
474
6
145
16
370
1
491
3
1
17
35
11
61
2
8
