1
15
L
380
3
466
15
1
122
135
76
F
340
6
70
15
52
37
25
23
183
47
419
43
479
17
D
240
2
423
68
498
66
W
360
8
188
18
240
21
213
33
277
29
444
43
141
10
409
17
455
40
R
300
1
446
77
S
220
9
368
19
333
4
195
2
282
4
322
9
27
21
449
10
227
14
157
1
V
220
3
176
70
327
42
357
33
P
320
15
355
0
256
21
206
10
153
2
129
16
187
15
161
13
124
16
268
21
276
17
403
2
132
21
30
14
57
5
146
19
K
220
6
255
10
301
2
316
27
364
4
224
18
312
35
U
240
11
418
11
351
17
258
10
468
21
80
4
478
13
59
16
41
17
456
19
495
5
186
2
J
200
9
48
9
289
16
75
21
247
17
427
9
101
3
110
12
451
4
412
14
I
180
13
287
11
35
0
308
8
58
0
266
9
148
8
445
1
163
11
91
11
7
6
44
6
335
10
377
8
G
340
4
404
77
38
0
439
46
221
61
T
380
18
370
3
411
21
177
21
284
17
22
8
299
17
483
15
40
11
372
15
88
8
381
16
158
5
175
3
244
12
235
5
46
12
434
16
425
15
X
180
19
92
8
208
4
417
0
172
9
413
2
382
8
109
7
442
9
392
1
55
1
34
2
6
9
222
9
202
7
458
4
130
5
246
5
83
1
77
5
12
