1
21
R
360
1
199
79
M
200
4
377
16
250
39
258
18
300
17
K
340
18
284
5
405
11
51
11
260
4
452
1
33
15
153
3
394
2
238
3
6
0
256
2
324
4
319
0
477
2
450
3
279
1
423
6
67
16
S
240
0
L
260
15
97
2
34
5
84
8
416
0
140
7
19
12
54
10
154
14
464
5
473
14
458
5
181
9
340
16
82
14
489
14
U
360
10
456
14
233
14
412
5
220
3
470
20
253
31
242
5
55
8
118
9
148
23
I
120
5
306
21
438
5
7
7
478
9
18
19
O
260
17
172
5
415
7
350
4
313
6
89
12
351
2
278
4
487
3
409
14
335
2
491
2
157
1
283
9
161
7
447
15
397
10
476
0
J
320
10
29
15
190
17
166
11
310
3
2
20
101
1
223
12
381
3
141
32
183
6
T
300
18
143
3
267
0
288
8
207
15
460
14
387
1
451
5
198
1
163
9
135
13
170
15
259
11
180
11
197
3
337
15
265
1
356
12
66
14
N
160
2
277
48
50
6
A
140
5
375
10
461
12
388
3
490
2
80
3
H
240
15
321
1
63
11
200
11
448
15
357
16
78
13
21
0
98
14
134
8
189
1
406
13
86
3
243
1
15
5
113
13
X
220
15
107
0
446
14
485
1
371
2
38
2
471
0
295
10
366
0
76
8
204
13
383
2
131
11
483
11
90
1
235
11
B
240
0
Q
380
17
92
4
433
7
436
5
187
2
434
18
176
17
120
1
14
8
389
16
299
10
428
15
25
6
240
20
144
19
62
3
53
2
393
11
E
360
10
217
12
333
32
401
21
4
24
159
26
302
26
151
31
422
12
291
35
56
24
Z
200
9
376
5
309
18
65
6
440
21
398
2
410
5
241
2
317
7
308
14
P
300
16
208
13
234
16
168
1
137
4
104
6
13
4
480
4
286
7
225
13
45
7
432
16
160
6
239
13
95
5
408
18
152
3
D
380
14
245
4
455
2
9
0
426
14
24
7
216
20
206
10
392
24
459
11
146
26
192
14
23
7
11
11
93
13
C
140
7
290
4
224
3
167
8
145
8
445
10
112
12
384
4
9
