1
19
O
200
2
412
56
352
88
R
280
6
158
33
328
36
224
27
175
1
470
15
39
22
F
180
15
139
3
372
11
54
1
6
11
425
8
197
10
325
5
208
1
48
7
228
2
12
9
456
2
447
12
10
3
498
8
N
220
10
259
20
104
13
308
22
129
6
334
4
448
20
277
10
201
12
218
5
216
8
V
120
12
346
9
477
5
43
3
350
6
150
1
153
5
71
6
116
1
433
10
454
10
452
3
16
2
M
160
17
126
3
242
1
213
3
34
9
131
9
481
6
52
6
272
2
285
5
66
4
495
5
361
8
219
0
407
9
171
1
137
0
358
1
J
220
10
280
16
263
10
294
14
75
8
192
21
132
0
385
10
148
9
327
1
80
13
C
320
15
303
13
300
19
119
12
18
21
160
17
141
12
494
18
374
16
222
13
172
11
486
14
225
9
342
1
186
1
423
9
I
300
3
145
22
101
90
393
77
H
280
11
74
20
248
1
35
11
173
19
185
20
282
16
345
22
431
4
207
21
484
7
366
8
T
100
15
210
1
338
4
203
1
464
1
409
0
88
0
403
0
174
4
264
3
459
2
142
1
63
5
301
2
496
3
418
0
X
280
5
182
18
354
43
267
21
310
21
348
48
G
140
19
230
4
161
7
76
4
106
5
290
0
347
0
215
7
140
4
419
3
432
1
13
4
167
7
239
1
392
4
93
0
124
5
469
1
204
4
458
0
E
300
5
312
10
100
21
375
2
170
27
97
51
S
340
15
151
3
395
5
114
8
471
16
51
20
309
15
449
0
44
17
244
20
103
16
108
5
316
22
86
12
72
22
196
13
Q
140
5
443
7
322
28
356
17
455
9
136
24
W
240
7
390
25
179
1
323
17
46
3
121
2
38
25
405
12
Y
300
10
279
3
416
25
291
24
130
30
296
1
314
8
274
4
89
19
113
24
369
25
A
200
16
292
2
159
6
188
3
50
7
439
0
278
12
67
3
383
7
265
1
415
6
478
11
404
2
317
12
85
8
367
5
32
9
10
