1
12
F
260
5
254
40
376
44
468
11
221
36
308
25
E
360
12
54
23
72
10
33
5
69
30
146
5
420
19
20
15
478
30
462
7
226
19
464
11
388
11
N
260
11
475
15
366
22
35
22
241
13
92
8
273
20
433
7
412
3
127
10
266
7
354
13
O
100
4
199
14
123
6
129
5
93
3
G
280
18
3
9
201
13
183
0
493
7
290
0
423
12
355
3
321
7
113
7
209
3
174
4
336
12
112
2
291
6
116
7
425
7
450
13
351
14
R
280
12
115
0
89
18
120
18
356
14
190
22
456
16
307
17
332
15
427
0
158
17
407
16
358
0
Q
280
19
74
1
28
5
60
2
310
9
234
12
255
3
401
9
473
0
63
14
350
1
410
13
365
10
141
3
280
10
167
8
421
14
71
10
288
9
482
5
J
380
3
364
60
386
103
50
118
T
280
12
206
16
185
20
470
23
36
11
305
20
8
20
119
8
426
11
383
7
202
19
385
10
318
15
C
220
14
294
1
498
10
458
10
165
15
430
9
169
1
59
7
455
10
319
11
272
7
237
3
251
12
451
4
349
9
S
120
10
375
6
57
4
26
2
311
9
164
4
11
7
395
8
394
11
32
10
379
11
I
100
14
223
3
30
5
460
1
381
3
303
5
396
6
488
3
161
5
466
7
489
0
109
2
250
2
19
1
38
7
10
