1
16
T
320
11
116
3
205
10
150
5
6
14
176
9
114
26
185
14
52
4
461
0
87
21
279
21
V
240
4
184
40
442
19
220
26
351
14
Y
260
19
3
5
470
12
124
1
55
12
229
1
288
6
20
10
401
9
469
10
228
2
107
10
376
9
440
7
414
8
57
13
22
7
319
11
350
6
245
0
A
140
12
36
4
274
7
406
10
463
3
489
9
236
5
434
11
315
0
262
4
441
2
182
9
281
6
H
260
2
431
91
493
44
P
280
11
386
0
141
7
448
8
323
2
479
1
337
2
93
4
49
6
447
17
499
13
32
25
E
140
4
86
7
478
34
202
15
60
31
Z
120
2
445
5
287
16
D
340
9
187
0
216
17
250
4
495
15
270
33
342
34
234
8
29
31
27
13
R
200
15
0
2
305
12
91
11
151
0
254
8
484
3
89
9
438
11
139
10
436
4
424
11
291
3
212
2
258
1
142
8
S
100
14
224
7
120
7
77
5
392
1
232
5
166
5
31
6
227
6
196
2
265
6
488
7
290
3
75
3
179
3
Q
360
14
51
21
487
1
490
18
177
19
437
13
443
18
128
2
477
19
384
21
317
16
163
12
380
11
462
25
348
16
C
100
3
460
14
374
14
54
16
B
340
8
276
23
429
10
200
7
78
1
64
7
121
39
110
33
404
16
N
180
19
43
9
28
8
246
3
491
2
300
6
322
5
308
3
464
6
278
1
240
1
345
6
357
6
100
5
412
8
167
9
408
4
307
7
126
4
50
6
F
100
6
295
5
130
3
261
5
409
0
390
6
277
3
9
