1
6
S
160
5
330
7
338
20
396
12
293
19
257
18
T
180
9
124
8
453
17
345
9
332
11
262
13
178
12
359
8
200
13
368
7
E
180
8
351
7
177
6
170
7
122
13
233
1
250
17
374
12
21
4
W
200
11
360
17
328
2
65
4
75
8
148
5
116
4
425
1
372
6
402
12
83
15
145
9
F
340
14
48
8
130
17
40
0
322
13
142
6
42
5
196
8
494
6
260
21
138
24
213
5
310
24
158
17
342
22
P
100
15
15
3
455
4
273
2
487
4
496
0
107
0
227
4
267
3
469
6
264
5
304
1
27
6
375
0
395
1
174
4
2
