1
11
W
360
11
461
8
358
5
23
20
467
6
302
30
56
29
450
1
225
1
133
9
206
3
72
6
R
360
19
482
6
363
2
223
5
410
2
50
15
134
3
331
5
60
9
324
14
463
8
278
6
161
6
296
3
194
5
468
8
464
11
379
8
149
16
235
14
O
320
12
127
21
175
2
453
6
348
19
146
5
316
7
339
14
298
24
218
0
279
13
483
5
233
16
Q
240
5
99
48
454
22
66
29
97
8
91
43
X
260
0
I
340
10
353
1
132
16
360
18
399
13
246
24
484
14
222
12
255
22
197
24
131
15
H
220
1
247
163
B
260
3
113
76
173
36
5
70
C
280
13
349
1
295
14
475
5
277
11
14
17
352
16
420
2
376
0
476
3
267
2
377
0
371
19
207
15
G
320
0
N
160
19
362
5
138
0
346
7
36
6
282
3
21
8
411
3
326
2
12
2
417
6
47
3
344
7
214
4
383
5
249
5
469
1
266
5
335
3
27
6
4
