1
13
R
360
18
161
8
199
10
85
12
127
17
445
19
383
4
240
17
468
2
101
6
433
9
462
11
16
17
446
0
97
10
410
7
438
20
146
18
177
11
S
200
15
208
10
243
11
285
0
375
1
363
1
65
5
0
9
43
9
335
3
346
0
288
4
113
2
373
12
380
2
53
0
Q
220
0
A
120
16
167
5
404
5
56
3
100
2
342
1
235
5
138
0
412
1
350
2
245
3
384
6
302
1
431
5
362
1
263
2
211
3
E
100
14
23
2
391
5
368
7
484
4
132
2
220
7
448
3
297
2
402
5
159
0
50
6
466
1
489
2
469
1
T
260
19
283
7
121
6
204
12
495
13
254
3
488
13
371
0
401
6
351
8
12
10
153
8
148
13
60
0
14
3
231
4
480
4
479
1
352
5
376
9
X
240
7
218
19
37
19
423
28
280
20
366
17
193
24
257
34
Y
360
11
347
11
444
8
428
14
55
3
470
27
155
23
360
12
459
11
409
28
407
15
320
14
C
240
8
93
17
173
11
325
18
369
27
203
6
192
20
111
19
395
25
K
220
1
70
47
Z
280
9
348
5
179
15
128
21
10
4
260
3
326
5
212
8
382
16
1
12
W
320
16
418
6
252
12
174
0
465
6
223
19
81
5
271
3
255
7
22
8
51
8
130
19
474
4
327
13
340
7
248
8
264
9
I
380
7
420
30
64
40
90
44
68
37
253
19
2
1
400
6
9
