1
10
G
160
15
432
8
483
9
273
4
259
0
0
6
478
0
3
0
74
9
350
8
146
7
79
6
159
10
446
7
133
9
436
5
E
340
15
321
8
358
1
291
10
157
20
221
19
387
14
52
8
342
22
140
0
228
15
94
17
327
1
398
11
381
0
415
13
V
180
13
182
13
285
11
206
0
385
1
362
13
46
11
112
0
155
4
464
2
410
3
71
4
192
8
6
12
N
280
2
231
112
203
43
Q
100
4
400
23
393
23
189
3
363
21
Z
160
6
376
20
406
7
230
7
405
10
225
3
88
26
U
220
6
163
7
298
36
472
9
210
24
355
7
440
32
L
220
10
279
19
373
13
477
5
379
10
136
5
333
4
36
18
397
8
130
12
246
16
M
300
11
149
22
38
16
120
2
257
14
390
3
115
15
158
4
426
0
336
0
297
19
488
24
H
360
12
468
1
15
11
109
7
222
27
396
9
195
25
365
13
102
29
201
6
356
28
9
1
288
8
6
