1
12
E
120
3
218
35
123
40
151
34
P
280
3
324
30
192
27
285
40
C
200
19
92
2
124
2
348
2
222
2
229
8
217
2
409
1
466
2
342
0
292
0
298
6
407
10
3
5
273
5
328
4
259
2
32
0
96
0
272
1
D
160
8
287
15
374
0
51
1
25
20
52
5
147
6
81
3
60
17
X
160
3
228
13
241
18
21
41
H
300
16
359
7
230
3
270
17
112
12
37
11
197
15
16
14
204
2
447
10
98
8
283
5
59
2
492
3
268
2
321
1
36
11
L
280
13
326
6
278
8
387
21
127
14
8
3
469
15
404
2
210
21
105
12
6
12
85
0
332
1
231
2
O
220
9
223
24
146
0
434
7
67
2
412
23
189
23
23
20
175
22
260
10
F
240
3
168
26
17
39
365
10
J
120
8
446
14
72
12
293
13
305
1
498
13
320
7
68
1
460
12
S
220
15
488
3
300
10
24
3
296
14
262
8
445
9
27
5
364
5
385
5
232
14
248
5
353
0
107
11
253
8
199
10
N
240
13
190
5
465
6
274
0
372
15
358
2
429
11
224
6
477
0
182
13
491
16
453
9
246
13
149
0
8
