1
7
Z
160
13
362
9
321
5
155
5
440
5
322
12
396
10
195
7
208
8
390
9
250
11
99
8
112
2
264
8
Y
120
4
19
16
52
10
74
3
150
18
H
360
10
65
34
435
9
233
10
34
14
319
29
346
27
179
25
204
35
64
18
457
21
W
240
13
393
6
391
13
151
10
452
3
353
9
268
2
450
5
168
10
295
11
307
6
68
12
241
3
298
8
U
140
18
380
3
358
6
50
1
135
2
475
5
28
7
46
1
3
5
55
4
191
2
186
1
410
7
235
2
354
4
490
5
117
7
428
6
57
4
E
360
17
174
18
173
21
85
1
484
6
426
9
59
7
17
7
100
20
360
20
238
5
293
15
405
20
205
13
347
4
12
16
488
8
108
8
S
320
11
349
9
260
17
420
5
402
22
221
24
32
22
383
11
145
16
245
14
102
12
389
3
2
