1
22
F
120
5
423
12
267
14
401
23
152
22
234
11
I
340
8
242
19
35
14
223
10
359
12
198
9
368
22
24
12
227
29
Q
300
19
339
6
243
12
237
9
133
15
235
0
350
13
302
6
380
13
164
3
190
6
280
6
81
7
319
2
93
1
84
4
33
2
136
15
109
6
148
12
X
340
10
385
17
318
11
474
32
175
24
216
21
104
32
134
0
141
3
282
29
297
17
P
280
7
54
9
185
3
355
33
358
6
340
17
129
16
71
31
N
200
19
475
10
285
4
86
10
445
2
142
7
419
1
407
10
410
9
70
10
422
2
239
10
248
9
157
8
484
9
217
3
111
6
344
4
269
10
110
1
C
220
4
11
38
154
25
206
5
458
45
B
300
12
61
12
409
11
119
6
181
23
221
14
14
25
173
12
362
11
292
11
189
10
275
5
30
24
A
360
12
193
19
28
5
482
8
166
25
128
11
471
30
240
20
46
4
479
14
40
18
377
3
103
25
H
240
10
338
11
476
22
397
10
464
12
79
10
497
20
38
14
449
1
352
17
222
23
R
140
0
E
240
0
O
120
2
132
23
335
42
Z
200
19
39
1
139
5
442
7
16
10
168
7
261
7
254
4
121
0
439
6
473
4
194
5
353
10
431
0
488
6
63
4
371
9
153
10
125
2
263
2
U
300
7
493
38
92
34
316
4
405
9
366
30
457
6
437
40
M
360
1
465
204
V
300
0
G
220
6
364
34
496
18
361
15
374
33
177
0
226
29
T
160
9
436
2
127
14
317
14
8
8
279
3
130
14
98
16
306
12
469
2
J
140
12
398
4
274
9
94
11
343
8
151
5
329
10
135
1
182
11
454
5
214
6
36
1
131
1
L
380
0
Y
160
1
140
26
11
