1
5
F
160
18
104
1
196
8
484
7
259
7
128
6
244
5
264
3
435
8
252
4
74
0
485
3
171
7
2
4
311
0
219
3
194
4
77
8
415
0
A
340
14
47
9
280
22
76
17
249
14
499
8
115
18
203
23
297
3
13
3
347
0
14
10
57
12
387
24
43
8
C
260
15
147
8
385
2
411
6
56
1
91
5
254
13
497
2
393
17
443
0
355
2
274
11
354
6
260
15
31
14
117
15
P
300
14
202
16
421
20
251
18
329
4
338
15
243
5
181
20
233
9
281
6
151
19
333
4
245
13
1
20
398
20
K
220
6
289
19
113
30
112
18
119
36
170
17
293
5
4
