1
12
Y
160
1
114
124
J
180
7
297
11
420
25
496
3
366
2
148
19
355
18
37
18
K
340
16
245
7
86
9
174
21
192
7
284
3
39
21
96
14
59
18
252
17
276
17
116
20
40
6
281
3
334
11
479
13
352
14
Z
380
17
387
12
271
1
94
11
477
12
129
13
81
8
227
9
269
13
118
19
362
8
253
15
10
3
46
12
127
9
380
2
117
6
332
9
M
320
16
449
12
115
3
354
18
374
7
388
13
418
6
375
12
302
1
71
17
47
9
287
2
493
15
353
14
425
1
216
7
193
10
T
200
11
230
3
326
2
317
10
335
17
308
16
101
9
345
11
32
14
410
11
491
6
172
0
R
280
1
306
147
L
340
6
451
19
346
14
2
29
15
37
438
3
181
1
C
260
7
219
17
490
22
90
11
7
28
446
4
316
3
430
0
U
240
10
204
1
232
3
498
1
474
23
244
17
195
5
88
10
333
5
378
0
150
5
G
220
10
211
1
313
9
105
1
119
11
200
11
62
1
484
11
422
16
188
4
220
21
F
380
16
68
16
286
19
331
11
472
0
342
6
79
2
319
19
454
23
57
16
144
2
423
0
348
21
60
5
138
5
180
21
364
9
4
