1
17
H
360
6
223
50
115
49
30
52
139
31
181
10
262
37
O
140
1
272
74
P
240
17
460
11
76
5
57
4
51
1
462
12
277
8
229
13
348
4
37
3
205
8
159
11
196
9
200
5
232
0
70
1
23
10
308
8
S
380
10
127
33
451
17
231
2
330
4
489
14
313
1
153
17
121
37
411
3
322
26
U
120
8
167
12
47
2
6
5
422
9
97
11
395
2
274
9
391
7
J
380
14
286
8
373
12
496
27
253
3
265
22
28
19
428
26
319
1
247
12
367
25
187
12
482
7
21
0
390
9
E
260
14
340
10
263
1
446
12
98
2
227
13
69
9
484
18
375
5
60
15
389
16
245
9
494
18
260
12
303
2
W
160
0
I
380
13
285
3
41
0
423
21
481
28
473
28
400
2
188
10
220
25
421
4
189
28
152
25
353
6
13
5
Y
200
8
34
17
445
16
126
19
162
10
186
7
259
5
192
9
165
6
L
300
16
270
1
387
14
403
10
71
14
118
3
143
10
381
17
87
6
94
11
459
11
278
4
234
3
148
16
442
13
122
5
430
8
G
320
11
455
2
424
24
154
2
208
0
36
27
292
16
386
26
49
6
464
16
475
10
444
7
R
180
19
180
0
499
2
490
3
281
4
73
9
88
7
295
1
42
9
497
9
289
4
91
8
495
4
472
8
22
9
125
3
55
7
415
9
393
0
385
8
M
280
4
56
58
318
63
365
8
266
3
D
260
13
48
15
261
1
105
12
314
1
151
0
7
0
476
9
458
17
164
18
12
4
493
18
211
13
366
13
Q
180
10
357
13
398
16
238
1
379
14
24
17
179
13
267
17
228
6
316
17
412
12
X
180
15
439
0
85
1
95
6
145
10
161
2
437
11
217
10
146
3
320
3
18
2
349
0
235
2
288
11
280
0
63
5
15
