1
22
M
160
2
78
0
157
35
L
180
6
147
4
475
2
137
28
222
13
56
18
305
1
I
140
2
496
25
48
2
A
120
2
265
14
247
53
W
320
6
8
38
52
33
76
13
175
50
77
4
472
1
R
120
17
295
7
145
5
61
2
277
5
0
3
466
3
264
7
309
6
2
5
104
7
143
7
114
2
283
3
7
7
323
7
418
6
15
1
N
200
2
160
32
190
50
Y
260
17
319
15
163
13
363
4
20
0
245
13
314
10
298
10
185
14
113
3
284
13
375
7
80
10
119
14
273
12
213
4
452
3
278
0
B
200
7
34
23
416
16
38
17
485
26
186
28
206
5
307
11
P
220
18
470
11
179
1
467
12
442
6
241
11
378
2
287
7
383
9
1
1
359
2
395
11
464
9
311
10
177
11
126
2
146
1
282
10
337
7
H
360
10
183
27
67
17
334
27
325
34
32
16
327
26
42
15
341
21
447
5
31
22
U
360
10
361
14
412
16
110
0
266
22
387
33
343
1
438
35
130
1
364
34
182
6
O
120
15
488
8
230
5
217
6
117
5
242
1
379
0
140
1
149
2
97
2
429
2
165
4
228
3
70
4
331
4
259
8
G
280
10
102
1
23
14
96
2
201
19
373
16
489
6
392
15
107
6
150
0
274
15
E
120
1
276
96
C
220
11
4
11
123
5
457
13
103
7
316
9
220
7
487
19
480
17
133
14
432
2
408
8
Z
260
9
122
18
338
27
251
12
53
6
441
5
386
26
410
25
55
0
171
19
K
260
4
476
35
208
56
421
40
414
62
T
180
12
227
5
333
7
27
7
209
15
352
10
380
11
477
2
357
1
249
13
178
2
473
5
370
3
Q
320
19
11
1
69
10
437
13
423
1
303
3
381
3
170
2
156
9
262
14
371
3
6
16
451
13
214
12
176
16
181
4
111
9
153
10
254
0
474
13
X
300
16
81
0
403
9
397
3
212
1
46
10
203
15
390
14
189
16
481
13
407
11
498
11
239
8
398
15
197
17
59
10
342
16
J
160
10
232
14
108
4
329
9
49
5
275
1
463
10
28
0
339
14
491
13
326
4
4
