1
11
R
200
2
419
83
194
53
E
220
15
219
10
338
13
66
6
141
11
294
3
494
14
406
0
330
14
325
6
402
9
476
12
444
0
201
14
358
3
485
5
F
160
2
454
59
163
63
U
220
11
44
6
336
7
121
13
16
19
296
11
425
10
80
9
196
6
407
0
267
11
236
8
J
300
7
490
20
47
2
110
21
408
25
287
14
399
3
243
34
K
220
16
105
11
24
11
437
3
389
13
488
11
468
11
230
13
150
1
132
13
353
13
322
11
374
7
301
6
52
0
297
0
313
6
B
240
15
362
4
368
11
13
1
25
14
22
4
354
1
182
15
138
5
264
3
332
5
333
3
448
9
30
0
97
15
126
3
I
120
11
355
9
268
9
463
7
46
7
200
8
49
0
1
5
136
9
191
1
211
6
422
9
Q
100
11
4
3
19
4
404
1
376
3
91
7
218
2
457
4
20
6
131
3
401
9
440
4
W
380
0
A
220
16
261
3
477
1
227
6
272
0
214
3
192
8
10
1
475
2
101
10
462
8
258
3
371
1
79
5
53
9
67
2
35
7
8
