1
13
O
380
7
290
17
62
15
376
14
229
29
118
32
187
29
426
39
S
280
4
446
38
287
16
315
62
270
7
Z
280
10
113
26
468
23
50
2
441
28
499
21
349
20
4
16
279
17
292
20
351
25
J
320
8
347
23
430
1
309
37
63
34
472
5
240
31
88
26
96
12
P
220
16
102
12
459
10
414
13
304
0
336
8
474
1
217
6
496
4
265
8
199
9
447
7
342
3
299
12
250
8
365
5
54
7
L
340
15
436
4
400
7
345
9
439
9
337
17
148
5
149
8
268
19
12
9
440
13
66
1
247
18
460
10
150
12
72
9
D
280
1
59
27
I
220
11
221
10
257
10
104
4
285
6
0
18
7
10
455
17
381
10
438
0
263
8
141
11
G
180
9
321
18
146
17
161
7
129
14
89
19
449
0
386
14
327
14
390
9
B
140
7
119
17
20
1
379
15
383
10
301
20
454
17
407
18
H
220
6
178
15
22
20
346
8
107
26
223
16
283
30
Y
260
18
374
7
380
0
211
11
167
14
335
14
471
8
153
3
488
2
49
5
463
5
410
9
462
7
307
7
322
1
157
14
169
7
314
2
103
7
F
140
16
408
1
375
0
225
1
280
3
23
7
168
1
170
3
305
4
420
2
176
2
497
2
218
2
165
6
264
7
384
7
481
8
9
