1
17
F
160
19
49
8
171
3
236
4
406
7
436
6
441
6
261
0
344
8
36
7
493
2
326
1
271
4
115
2
411
0
180
2
494
6
70
8
191
2
305
0
X
100
8
417
0
23
7
369
4
42
4
76
6
182
4
365
8
458
5
N
280
1
395
175
Y
340
0
G
300
16
181
7
256
3
101
9
443
4
239
12
214
5
280
14
258
11
243
8
381
11
401
9
354
16
188
17
414
7
455
6
164
16
L
360
10
7
25
55
29
478
1
459
26
336
0
100
16
139
29
52
36
169
35
84
2
P
100
1
67
75
D
220
5
286
8
8
25
412
41
212
4
74
39
K
180
16
341
4
349
9
470
10
11
9
208
0
320
1
108
5
203
8
159
0
166
7
418
5
68
8
112
8
47
11
53
3
247
8
B
340
1
359
260
Q
180
9
290
3
110
10
448
20
186
12
211
17
301
11
332
4
141
11
232
2
E
120
11
316
1
135
8
449
4
87
4
62
10
269
3
242
10
45
3
46
3
257
8
240
1
R
140
15
30
2
6
5
379
2
420
0
371
8
439
2
195
0
444
5
321
4
28
9
404
5
465
4
61
4
189
7
173
3
A
140
18
146
0
209
3
127
2
288
5
190
7
473
1
495
7
229
6
194
1
162
7
89
1
322
5
272
5
380
0
187
7
221
2
14
5
259
4
O
320
16
163
15
405
17
140
18
378
8
82
15
244
11
463
18
427
4
222
18
235
15
81
20
492
4
268
5
481
8
475
16
437
1
I
260
18
198
11
308
1
445
4
113
9
292
7
151
10
90
14
138
7
464
13
104
9
415
10
377
8
265
6
299
7
34
0
296
13
185
4
174
6
M
340
17
133
18
403
14
184
0
374
10
224
19
91
10
231
5
63
0
204
10
144
14
318
7
466
6
438
17
29
1
306
18
267
11
408
12
17
