1
10
Q
260
11
52
20
191
21
75
10
397
2
80
16
283
22
63
21
164
20
168
22
429
3
457
22
M
220
11
315
11
421
4
378
16
332
9
459
15
123
3
422
1
161
14
170
6
179
12
403
11
Y
320
4
58
47
338
6
444
65
260
16
O
100
10
0
0
172
5
411
7
195
2
79
4
74
6
267
6
339
8
121
1
416
9
H
120
2
227
43
417
57
D
340
7
188
16
469
1
118
34
329
20
274
40
300
39
158
36
E
160
11
59
9
280
7
135
11
350
0
334
8
364
6
147
9
399
5
480
13
340
1
82
11
S
380
16
460
23
160
19
76
19
377
17
226
7
48
4
45
23
207
1
167
3
141
22
228
4
387
10
473
21
219
20
471
3
319
7
G
360
0
Z
280
14
2
6
140
5
19
18
32
0
31
16
235
8
476
13
312
7
215
14
305
1
146
15
335
2
475
4
220
8
6
