1
22
Z
260
5
102
9
345
13
232
26
76
25
336
5
T
100
10
339
4
8
8
307
4
313
4
222
3
91
1
306
0
406
5
276
2
121
1
B
260
2
408
87
256
22
N
140
6
192
11
187
0
286
19
382
22
332
21
296
20
E
280
1
320
161
W
280
4
195
7
53
34
290
15
123
57
H
200
7
327
4
9
17
12
13
457
5
173
21
13
20
369
6
Q
300
16
101
7
488
0
71
1
74
18
447
8
223
7
417
16
266
12
491
0
3
9
84
5
39
16
390
17
324
17
225
0
432
10
F
360
14
243
16
179
12
319
6
11
0
20
6
182
21
21
19
108
7
340
24
93
1
143
24
137
18
160
23
105
23
D
160
5
58
25
107
8
322
0
119
17
169
25
R
320
8
265
36
24
36
395
11
87
15
141
32
397
13
363
36
22
30
S
260
11
116
0
330
0
331
17
344
7
231
7
49
17
310
1
251
8
209
5
466
17
375
23
I
360
5
361
39
356
69
122
18
245
51
80
34
C
200
15
154
11
185
12
124
8
194
0
69
9
210
9
325
4
487
8
198
10
338
10
145
3
73
0
213
3
118
11
415
9
K
380
6
455
27
474
31
312
16
212
46
476
22
54
12
P
160
0
Y
160
3
308
12
258
33
329
39
M
320
16
293
0
100
20
208
14
88
16
484
16
462
16
295
3
278
18
372
10
30
12
254
11
454
3
471
14
478
20
217
12
469
9
U
340
10
0
12
273
25
381
18
367
34
46
29
292
20
270
0
131
24
152
8
240
31
L
260
5
130
19
45
43
115
20
267
43
374
43
J
220
0
O
300
4
244
16
257
3
495
1
468
46
13
