1
10
H
300
18
406
9
479
6
216
7
486
1
335
15
485
8
382
0
79
10
29
4
303
3
388
9
77
9
418
7
3
13
491
8
494
15
381
14
437
8
L
360
2
74
158
390
38
C
360
13
257
25
477
27
474
1
293
14
411
21
429
16
168
9
291
26
234
27
93
23
272
5
329
8
316
27
R
360
7
426
38
210
16
71
45
201
41
463
50
428
36
99
43
T
360
18
15
15
442
5
161
6
237
3
446
7
205
2
131
12
405
16
462
18
298
4
253
11
495
9
236
16
11
5
408
12
377
17
471
6
213
0
W
220
3
117
10
50
29
28
49
G
260
8
188
18
24
29
254
26
197
0
425
32
365
27
233
19
128
11
Z
160
15
317
2
2
8
110
7
403
3
87
10
302
9
198
1
469
1
376
9
499
2
461
1
192
3
175
3
292
10
227
2
A
220
8
295
11
421
3
95
16
309
25
362
15
276
9
138
0
332
17
V
320
16
334
13
387
17
202
11
282
8
133
0
158
6
32
9
414
8
183
1
394
2
440
15
392
17
451
10
483
13
363
1
265
6
6
