1
4
R
240
17
217
1
283
3
246
12
212
5
294
6
173
0
194
12
92
2
440
9
29
12
230
10
79
5
114
9
364
4
370
12
215
1
227
2
D
200
13
465
13
147
5
299
13
176
11
101
5
421
3
220
14
352
8
87
9
53
2
242
4
34
10
317
3
O
300
14
154
1
313
5
189
12
264
11
478
11
451
3
258
1
255
2
327
12
401
10
97
16
117
4
5
12
243
4
E
360
17
261
14
335
11
41
13
388
18
119
21
293
16
481
5
44
4
123
21
32
6
423
16
19
4
285
7
118
18
47
17
38
14
308
14
1
