1
17
B
360
3
218
66
181
42
18
59
O
160
0
G
140
7
381
14
7
19
276
9
429
10
467
6
40
1
175
20
A
240
19
44
3
300
7
459
11
489
9
316
4
285
0
426
11
423
0
69
7
168
8
353
4
256
7
30
4
2
5
485
10
244
4
323
7
370
10
115
12
Z
340
10
3
9
394
34
208
15
249
31
412
3
46
3
166
24
103
16
295
3
193
14
M
360
7
390
15
290
0
53
44
292
43
435
30
442
40
312
47
E
200
4
379
34
130
38
148
36
214
38
T
240
16
318
3
334
9
354
7
436
6
34
11
51
1
365
12
488
0
375
0
202
5
61
1
37
3
145
2
279
12
407
13
433
10
S
100
18
460
4
233
2
495
3
150
3
445
5
458
2
419
1
139
4
133
4
156
5
187
0
31
1
82
3
344
3
205
0
333
4
203
1
4
4
R
160
7
350
6
384
8
149
22
377
9
345
4
27
2
261
21
D
300
16
293
1
453
13
60
2
259
16
416
14
235
17
64
13
165
8
112
1
190
16
324
16
178
5
270
15
486
12
245
8
461
15
N
200
2
389
76
403
14
F
180
5
421
36
78
10
62
25
28
12
159
1
C
380
10
157
34
291
12
43
8
66
6
462
15
20
15
24
20
332
25
352
23
177
1
Q
240
2
430
1
204
82
J
380
16
86
19
456
14
32
15
147
12
154
17
52
6
118
16
321
19
317
1
216
8
392
20
267
13
236
3
17
15
405
11
141
11
W
140
9
339
3
85
15
264
4
363
9
137
1
262
1
152
13
368
6
0
6
9
