1
15
B
100
8
249
11
437
4
128
12
352
3
22
4
287
12
194
4
428
6
G
260
7
411
23
217
36
494
12
398
1
19
26
89
20
192
14
R
100
6
137
5
35
1
353
13
224
1
101
6
312
12
K
260
15
409
4
364
7
237
17
476
8
486
2
208
9
261
14
3
14
440
9
26
10
277
2
406
17
172
11
466
4
141
17
M
220
4
88
30
179
13
56
55
463
42
Z
380
16
401
0
389
13
274
19
17
10
62
21
111
15
15
5
127
21
252
0
268
19
109
1
425
13
336
20
1
0
240
17
340
2
O
280
0
X
100
8
480
0
395
2
403
4
334
9
180
11
457
9
383
8
176
9
I
200
0
U
140
0
P
160
7
465
14
294
12
443
2
70
13
289
12
220
14
150
6
H
280
10
296
28
39
22
399
22
57
2
412
17
148
17
98
10
250
21
168
8
231
12
S
280
2
50
34
59
23
D
320
3
392
24
233
11
157
104
J
340
16
165
13
496
3
278
21
21
10
11
16
201
4
49
17
246
3
138
7
498
9
472
11
483
14
456
6
218
16
328
13
30
3
8
