1
13
F
160
18
426
7
400
0
488
8
98
8
68
0
361
0
208
0
4
3
384
5
149
0
83
8
196
5
151
6
211
6
124
6
411
1
424
1
110
5
Y
360
15
473
22
432
20
188
3
246
2
467
18
100
13
297
11
265
0
362
6
405
19
88
17
293
22
428
17
130
0
6
21
J
320
19
377
8
318
7
304
15
191
15
288
10
197
10
229
11
157
2
341
4
148
15
499
8
143
16
213
11
136
11
159
7
321
4
456
13
266
9
402
11
O
240
17
330
0
452
11
168
11
209
8
369
5
381
3
418
9
79
13
215
4
103
1
176
1
485
6
439
5
250
9
375
9
313
6
342
2
R
180
11
273
7
49
13
444
8
382
3
460
9
225
2
339
0
1
1
443
9
238
0
268
8
P
100
0
H
160
10
154
12
366
15
31
0
441
0
376
12
120
7
219
16
235
16
116
4
403
14
M
300
17
179
10
323
8
41
8
372
5
440
5
180
17
142
2
353
13
75
14
371
4
222
0
367
17
413
7
12
5
96
15
37
15
278
11
E
260
3
71
31
351
79
102
50
V
380
9
167
12
113
8
55
35
59
30
128
15
198
19
207
0
329
23
193
36
T
340
3
408
37
317
32
126
20
K
160
1
72
100
B
120
17
217
4
352
1
5
2
90
5
263
5
153
6
35
0
181
6
190
3
267
3
281
5
140
4
421
4
392
2
248
0
474
2
319
3
9
