1
23
A
100
19
443
3
472
3
491
0
91
2
63
4
297
4
42
5
130
3
474
1
455
4
326
3
400
1
309
3
17
2
383
3
78
2
448
0
31
3
124
3
W
140
11
468
1
387
6
291
0
457
6
156
8
260
2
289
8
54
7
181
6
95
8
348
3
Z
320
3
392
17
350
20
152
102
C
120
12
101
0
136
6
52
9
366
3
159
3
236
7
312
10
189
6
242
3
308
5
426
1
66
0
P
280
10
410
7
385
24
109
16
157
10
82
11
105
28
388
14
441
14
412
27
298
26
K
320
18
248
2
374
8
335
14
303
17
369
14
188
15
299
4
162
10
286
6
117
12
185
4
446
8
283
15
331
3
462
9
370
13
310
0
100
9
H
240
4
46
0
334
22
139
11
253
25
D
240
15
226
15
459
15
204
1
191
0
153
13
111
3
246
11
353
9
484
12
229
16
264
10
255
15
430
4
458
12
51
10
V
120
5
40
7
203
4
381
3
269
5
379
8
U
240
2
259
16
377
6
J
160
1
431
63
E
360
4
292
47
452
50
317
41
56
79
F
300
9
67
20
50
17
296
3
207
14
86
13
287
25
37
4
339
17
311
14
S
260
18
402
8
22
14
20
11
208
6
3
0
235
14
202
4
151
1
4
3
440
14
13
5
1
12
416
2
276
3
301
6
409
13
186
7
133
13
X
200
12
68
7
221
8
386
8
362
16
449
0
169
4
393
7
118
5
450
4
371
1
122
4
482
1
Q
140
15
121
9
182
8
322
3
36
1
218
7
61
8
464
4
69
5
277
1
294
1
26
6
382
2
414
6
178
3
497
7
M
380
4
417
4
244
72
437
4
30
91
Y
180
18
232
4
210
6
434
6
445
3
304
7
28
10
313
3
119
9
84
4
53
7
372
6
96
0
177
4
486
3
142
9
58
2
112
0
140
4
I
220
11
495
20
351
12
265
10
480
0
131
16
80
9
65
14
321
9
315
8
419
1
268
2
G
300
9
223
31
323
15
18
1
227
19
211
0
234
16
405
31
295
32
333
25
L
200
17
102
3
23
3
368
11
435
8
48
7
375
8
357
6
33
9
19
9
422
3
262
8
428
10
144
1
94
8
108
1
401
1
342
11
B
240
17
179
13
55
7
318
1
332
6
141
3
499
12
355
6
418
2
225
14
354
6
143
4
471
14
113
6
483
9
293
6
5
4
99
7
R
140
19
361
5
134
7
216
3
64
7
161
2
166
1
76
6
168
6
15
1
267
5
233
1
460
0
10
5
29
5
170
3
107
5
390
2
380
0
273
5
14
