1
12
L
120
8
232
7
167
14
22
12
141
11
311
1
244
7
461
1
345
0
P
200
15
58
10
431
2
102
6
71
5
292
8
86
11
191
10
40
4
369
10
351
2
108
3
483
10
158
9
175
1
241
10
K
300
13
418
3
4
8
280
13
303
8
202
22
210
8
224
1
417
7
453
20
434
7
380
15
196
14
100
1
Y
260
17
254
13
324
3
251
15
396
7
74
12
429
15
320
5
400
11
495
4
155
3
46
10
312
0
75
5
3
0
180
12
120
5
124
2
V
320
17
348
6
77
17
112
15
384
17
125
7
460
7
342
2
106
15
169
11
215
17
148
14
476
17
395
7
415
11
445
3
314
8
182
1
Z
240
13
231
12
402
13
381
16
15
13
365
0
67
2
26
15
201
3
99
18
249
10
440
16
262
6
248
0
X
120
15
291
3
338
4
371
6
245
8
411
0
399
0
474
6
119
5
447
1
318
5
115
4
268
4
52
6
466
4
130
6
S
120
1
1
25
E
180
17
377
3
469
8
290
1
47
2
190
7
273
2
462
4
168
3
367
9
470
6
334
1
485
4
66
2
126
0
283
4
404
9
349
7
A
280
0
T
280
15
366
2
154
7
55
11
321
6
217
15
212
7
82
0
48
12
307
14
375
11
235
14
195
7
256
14
331
9
274
9
R
300
8
165
27
216
6
65
30
407
28
310
14
0
37
337
16
370
37
3
