1
19
V
280
14
266
16
328
19
75
0
6
10
460
5
432
10
304
10
291
12
484
0
53
1
349
20
477
5
35
14
150
12
A
180
18
210
1
55
8
478
0
71
10
4
9
270
2
3
5
418
10
277
1
215
0
439
9
231
4
45
7
272
7
308
1
72
7
89
0
364
8
W
120
0
I
100
18
370
0
345
2
115
1
37
0
98
3
142
5
12
0
376
2
458
4
336
5
0
2
337
5
211
4
202
2
342
4
41
0
26
5
380
4
L
160
13
214
9
254
8
33
1
302
1
320
0
83
11
326
3
31
8
403
0
146
3
468
3
394
8
112
12
N
160
15
410
1
22
0
429
5
457
6
366
5
483
9
62
10
179
8
234
2
371
1
237
9
450
10
488
7
473
4
18
1
C
200
6
300
22
301
30
388
3
244
19
226
17
334
16
H
120
0
J
160
16
16
0
163
0
174
6
368
8
180
8
38
2
243
8
113
5
242
6
440
3
288
4
94
4
131
9
49
4
249
2
120
7
K
220
11
194
6
14
8
373
9
445
17
363
4
149
16
446
14
318
9
369
19
305
10
148
19
E
140
2
128
11
451
24
P
380
1
47
196
T
160
7
356
9
17
7
427
11
441
19
324
22
116
17
125
10
Z
160
19
200
4
233
3
359
8
402
1
325
7
168
6
196
4
424
5
182
3
85
7
155
6
367
6
119
7
54
1
312
4
263
8
331
7
178
6
59
3
M
300
7
173
0
187
9
95
39
283
23
151
4
84
32
117
5
B
200
8
86
5
64
15
106
23
43
13
81
25
411
5
126
3
297
2
R
260
14
422
3
107
7
343
2
222
15
316
7
385
9
396
18
493
9
466
15
293
7
372
7
68
15
348
8
160
5
Y
260
4
453
14
143
56
347
32
262
0
Q
200
14
224
12
471
13
407
13
169
13
448
13
164
2
352
11
218
3
260
5
459
4
256
3
61
0
253
4
443
9
0
