1
16
W
120
1
420
108
H
200
7
396
27
206
10
143
9
356
18
325
7
19
27
365
23
C
320
17
407
9
335
3
434
16
284
7
24
10
338
11
224
3
402
6
460
11
211
8
87
10
329
9
89
1
190
1
463
18
359
8
269
18
A
360
1
114
131
Z
100
2
170
9
20
1
O
260
5
149
39
371
17
17
6
113
36
209
20
S
300
8
298
2
125
10
442
21
239
19
295
33
41
34
230
6
91
37
N
180
13
314
6
78
13
63
2
488
6
102
9
201
12
231
13
256
4
349
10
430
5
315
12
253
2
194
10
X
220
8
26
14
204
8
13
13
413
19
357
1
144
10
242
6
80
8
T
220
15
339
13
443
10
227
14
197
6
379
1
264
6
185
9
333
11
352
14
472
0
210
0
312
12
25
0
353
9
219
8
L
320
15
435
16
200
15
360
13
186
7
380
16
465
0
97
1
92
8
47
21
451
7
362
3
389
2
334
21
391
0
281
8
D
340
12
490
26
283
13
318
0
330
24
453
15
445
6
368
19
49
11
493
27
258
18
319
28
309
5
U
280
1
46
1
E
360
5
455
41
454
66
183
53
193
52
101
12
P
380
7
294
12
189
2
222
39
132
34
108
37
422
19
377
25
M
260
17
375
7
160
7
12
3
103
6
404
9
69
4
98
6
461
1
163
2
331
7
9
4
464
2
199
7
414
3
421
14
3
7
351
15
1
