1
6
M
260
17
165
15
377
14
431
15
277
12
84
13
166
9
23
15
435
6
341
0
472
5
420
8
125
15
203
12
477
1
5
11
129
14
229
0
E
320
11
51
7
167
14
300
17
375
18
258
26
99
29
153
29
0
24
146
11
59
19
196
0
Y
160
3
460
15
152
0
275
2
Z
260
15
227
4
393
16
33
11
443
5
95
3
441
4
465
11
173
5
31
15
132
2
68
10
354
3
3
3
360
15
66
17
T
220
19
67
3
63
4
473
5
46
7
262
7
358
2
208
5
64
0
17
3
363
0
293
11
391
1
440
7
205
7
404
9
464
1
215
3
456
8
298
1
P
340
0
1
