1
23
R
200
9
263
1
442
1
150
12
325
9
360
20
245
8
33
11
163
18
376
16
S
100
12
386
8
368
3
102
6
2
7
478
8
239
4
319
4
5
7
81
0
133
2
335
1
9
3
D
280
3
305
64
185
39
291
86
W
380
5
260
13
387
19
281
37
29
36
439
52
K
140
14
399
4
269
7
326
2
209
1
219
4
355
0
343
0
443
7
294
9
468
8
371
7
1
1
196
0
246
3
A
100
12
43
3
72
0
173
8
175
0
31
8
473
3
339
0
334
3
58
0
114
0
435
8
85
0
G
140
9
50
14
297
5
310
1
453
8
434
12
193
2
84
0
295
7
190
1
T
320
2
471
32
129
104
Q
260
13
203
5
77
5
445
7
98
1
336
3
318
20
257
14
429
20
217
3
73
20
132
11
388
15
152
0
J
220
17
101
5
64
8
314
1
164
6
290
2
253
10
324
5
201
6
229
11
348
3
470
0
47
4
237
7
266
2
287
11
166
1
255
10
C
280
7
265
3
385
19
289
31
366
39
494
9
256
7
396
25
H
120
10
402
7
142
10
222
11
400
6
390
0
251
2
12
0
357
11
249
11
207
2
P
200
11
467
7
124
10
168
17
211
0
422
11
238
1
48
12
145
1
306
0
262
8
32
6
E
240
8
352
25
188
22
189
23
80
26
391
11
206
24
7
18
493
19
V
340
12
36
25
49
21
497
11
320
18
495
1
224
5
151
13
298
19
96
17
227
10
258
13
197
13
B
120
9
109
9
483
5
172
0
106
1
182
13
68
12
200
0
143
0
489
7
F
100
16
270
6
236
6
455
0
17
0
479
4
198
2
186
5
449
2
148
1
212
0
472
4
456
0
37
6
499
1
264
0
394
0
Y
180
0
N
260
11
411
13
426
18
377
9
194
17
108
4
277
2
52
17
430
20
24
1
250
11
90
5
I
320
18
21
4
353
16
419
6
322
0
392
2
120
4
457
13
492
5
78
1
271
9
69
15
88
13
475
17
323
3
254
9
39
5
110
16
480
3
L
380
5
53
1
179
66
425
17
397
1
367
27
Z
220
9
301
23
233
17
54
18
158
13
361
8
365
18
232
19
331
4
71
16
U
260
17
427
3
405
3
131
3
157
10
139
8
174
15
342
8
363
0
231
6
459
3
170
3
383
12
11
11
312
3
481
15
424
12
444
7
22
