1
11
P
140
7
100
12
193
8
26
12
356
10
264
6
383
11
164
14
H
300
17
185
3
166
6
433
10
219
4
180
9
296
7
474
10
231
3
102
14
469
1
386
17
72
7
201
0
409
9
323
0
179
2
18
10
J
100
7
488
0
387
2
410
9
194
4
361
13
95
10
353
1
U
140
8
14
16
373
17
36
13
157
13
191
16
109
15
220
8
463
7
S
340
14
397
12
441
0
479
2
106
15
379
16
158
8
212
20
341
16
477
1
47
23
204
24
135
0
315
22
417
20
F
100
17
82
2
482
0
88
2
122
1
163
5
255
2
85
3
129
2
294
3
21
5
290
3
151
5
5
4
162
4
321
2
1
1
346
1
A
240
5
493
48
28
9
251
21
124
22
490
8
E
200
8
8
4
440
6
39
12
284
11
427
6
210
6
311
15
445
18
V
380
2
65
160
10
45
Q
340
6
496
18
43
35
63
20
435
55
266
14
117
43
Z
380
9
466
2
368
26
277
15
401
37
412
5
404
24
189
13
371
23
359
41
5
