1
22
R
380
8
179
6
80
41
401
13
345
33
467
41
307
2
317
31
301
18
B
320
19
121
12
198
12
343
6
371
1
346
0
153
6
175
14
297
8
308
14
71
15
197
2
353
13
421
2
39
5
31
0
5
8
414
6
181
6
49
10
Y
200
8
315
0
336
1
449
17
496
19
325
23
227
16
434
10
178
20
P
240
14
81
11
193
7
46
15
105
7
110
3
146
1
368
11
314
16
4
0
56
2
440
7
365
0
120
17
186
4
W
320
15
270
3
491
15
29
15
432
9
288
10
207
16
135
21
6
16
52
5
28
18
125
17
266
20
498
15
456
14
158
21
C
300
7
259
24
329
21
447
16
224
19
113
9
347
29
303
40
O
140
17
399
7
102
4
479
2
192
6
286
2
474
8
386
3
379
0
284
0
273
2
340
2
74
0
33
0
443
4
229
7
381
8
494
4
Q
100
15
130
2
141
1
489
2
183
5
34
2
349
3
264
5
309
4
136
0
206
4
162
2
390
3
408
5
209
6
424
2
H
180
3
248
12
84
45
354
9
D
220
3
161
25
388
2
499
50
Z
140
14
235
1
461
2
104
4
459
6
18
4
53
3
79
8
351
10
469
1
15
10
228
2
68
0
231
3
223
9
S
380
3
137
15
246
4
245
23
J
260
12
118
1
148
13
111
1
24
2
313
5
9
12
395
17
0
4
458
11
334
17
465
14
160
13
G
240
6
70
18
219
19
444
23
330
0
466
13
93
12
A
200
2
37
44
402
56
T
220
18
239
3
191
10
97
6
255
7
372
1
16
9
355
12
426
7
423
2
304
3
134
0
170
10
128
6
26
0
249
3
163
7
254
4
257
5
E
100
11
214
4
38
1
472
6
154
1
187
5
490
8
36
4
142
8
204
7
200
6
241
2
K
140
17
473
1
87
6
62
7
43
6
290
8
27
2
480
0
180
6
335
0
404
5
151
5
357
2
88
5
446
1
478
7
403
1
492
8
F
100
9
213
5
96
1
72
4
282
1
476
3
91
2
226
6
292
3
60
6
N
140
18
201
7
429
1
287
7
425
3
291
6
493
7
169
7
100
5
174
6
272
7
393
5
391
4
455
7
25
3
57
6
380
5
278
5
41
0
V
200
16
324
12
143
11
114
4
99
2
418
6
328
10
94
3
271
10
394
10
279
7
189
2
318
8
283
0
280
12
477
7
58
0
I
280
5
69
33
483
44
326
36
431
51
73
7
16
