1
7
I
280
13
183
20
74
14
106
19
309
7
455
14
275
19
281
2
412
2
390
6
270
16
151
7
135
2
399
15
J
200
11
206
4
200
8
369
9
138
5
354
0
124
15
16
1
496
15
398
5
75
11
35
9
N
160
0
D
220
5
492
12
462
41
37
23
304
12
140
32
V
320
13
303
15
12
17
451
9
445
11
237
0
305
14
105
11
495
9
276
18
102
6
143
20
233
3
31
3
G
280
7
226
5
387
40
186
36
110
17
64
17
321
5
150
2
H
140
11
92
6
416
4
178
6
487
2
36
1
130
1
166
9
480
3
432
10
407
12
342
8
4
