1
6
A
180
8
363
11
177
5
158
10
91
7
276
16
78
8
496
18
489
18
U
200
16
393
4
353
4
152
10
24
7
443
0
142
1
354
2
204
7
291
1
436
5
225
4
335
4
409
9
1
1
417
1
381
8
W
340
12
484
23
318
23
184
21
398
27
80
28
58
20
289
13
392
13
94
20
119
23
39
17
478
0
N
100
15
129
2
269
6
193
4
189
4
48
5
76
2
64
1
454
6
326
1
455
4
147
6
459
4
93
3
38
1
329
6
H
200
8
378
15
388
14
9
3
267
9
242
1
416
2
104
1
108
18
R
340
6
342
13
149
18
407
7
349
31
179
52
228
16
0
