6
17
P
320
11
247
20
73
25
21
2
251
29
216
15
284
29
263
12
268
7
225
13
316
6
213
14
D
300
7
281
29
300
17
432
5
400
40
303
34
230
42
262
13
X
260
16
314
7
476
13
371
9
223
4
257
9
10
5
222
11
320
2
12
5
90
10
89
11
379
13
11
14
338
10
362
5
201
15
C
320
11
203
7
261
15
396
14
209
9
290
21
153
18
96
1
308
10
484
11
293
2
180
14
E
380
13
398
26
127
12
53
24
402
8
404
6
265
1
470
11
390
14
347
25
340
10
115
17
368
20
192
0
B
240
19
420
12
235
6
370
3
364
3
408
11
317
2
463
9
208
12
63
1
351
8
385
10
414
8
167
12
131
11
319
0
172
7
80
9
224
2
64
5
Y
240
18
292
9
419
0
150
9
280
5
29
9
437
2
47
13
175
7
140
12
163
8
433
12
318
8
447
0
68
8
148
13
246
4
32
13
426
12
T
320
15
48
14
307
9
392
11
489
13
391
3
65
5
20
9
448
14
373
2
415
2
472
8
95
19
328
5
157
21
359
20
G
140
10
399
7
116
4
77
4
217
10
345
9
220
12
241
13
358
9
129
8
204
3
U
380
11
244
2
456
28
227
28
377
11
162
15
185
32
219
8
125
0
138
27
482
15
234
28
M
340
9
92
7
446
34
462
24
62
37
294
23
243
2
276
11
139
9
369
13
Q
220
4
112
35
260
36
499
33
122
13
O
180
19
13
1
14
7
169
5
279
7
99
2
236
0
475
9
75
8
282
7
9
0
324
3
45
7
123
6
7
9
254
8
154
5
198
4
121
4
17
6
J
360
16
301
8
34
10
113
10
435
20
488
0
231
14
259
11
111
1
360
20
430
17
51
1
375
2
93
8
26
11
0
7
335
9
N
120
3
179
3
16
24
103
31
L
160
6
114
16
186
24
323
3
394
18
466
14
299
20
S
380
8
155
28
274
25
354
42
342
16
143
38
56
42
197
5
353
36
Q
O
