6
10
Y
340
18
236
8
269
8
56
8
499
0
165
13
313
9
67
7
259
2
255
5
178
7
453
5
244
18
350
12
283
8
494
9
79
3
257
18
394
0
X
220
16
376
5
17
13
388
3
478
9
116
6
315
3
333
7
205
11
188
3
471
10
138
1
157
11
472
5
213
4
334
6
189
3
A
320
15
206
13
216
3
12
18
203
16
208
9
407
4
409
21
135
18
232
20
252
5
144
18
383
1
27
18
418
18
207
5
Z
340
18
123
16
119
16
180
13
335
8
330
13
230
7
219
0
131
17
215
6
117
7
150
18
490
15
293
14
1
8
233
16
187
3
316
2
35
10
O
100
3
249
32
414
26
184
26
J
160
6
170
13
9
23
382
0
280
15
306
26
220
24
H
320
7
137
44
197
7
14
4
276
42
229
24
384
2
59
14
Q
240
12
271
3
256
12
10
14
364
5
281
12
158
11
297
17
348
20
452
4
254
3
140
3
139
10
B
300
8
465
37
57
3
11
29
482
31
339
28
459
12
392
13
76
31
G
280
12
426
14
89
7
386
22
214
21
41
17
60
5
128
21
381
8
279
6
367
4
419
23
114
22
G
B
