6
24
P
240
15
498
3
171
14
339
16
58
4
126
9
23
3
494
9
445
2
73
13
282
4
393
2
139
2
323
9
137
8
357
8
X
200
12
32
0
190
16
3
13
470
13
237
12
264
16
230
11
484
2
437
6
136
3
200
9
98
4
R
360
14
115
18
202
11
481
23
192
13
147
24
392
22
363
14
194
8
62
24
479
6
294
13
471
0
286
17
260
4
N
200
7
172
20
335
10
240
2
94
26
409
0
20
2
383
26
H
180
6
93
15
483
20
229
20
299
9
231
16
81
5
I
160
16
418
0
114
0
119
4
440
1
198
4
387
7
404
8
366
1
399
3
279
9
84
6
405
9
218
5
329
8
150
9
438
0
T
300
13
206
21
480
6
223
8
302
16
177
20
236
10
70
19
491
9
89
18
246
11
337
20
391
16
452
4
S
160
6
308
3
275
16
435
12
40
5
187
24
420
19
B
100
3
215
6
247
6
67
33
A
120
4
344
20
178
6
475
23
108
16
O
160
6
406
25
78
1
271
14
467
11
97
8
293
9
F
200
18
107
8
320
11
121
8
191
3
278
10
482
4
201
8
425
8
305
11
306
4
303
1
349
3
319
6
144
10
116
0
42
4
64
11
33
9
Z
140
7
412
10
232
5
292
20
103
0
407
17
14
20
204
13
Y
160
5
290
5
55
17
375
19
441
11
321
29
K
220
14
28
3
156
4
365
12
245
11
354
3
66
15
477
7
346
10
486
11
355
3
24
5
6
8
182
10
403
5
V
140
8
318
14
41
17
149
1
487
16
436
12
328
5
352
17
381
10
D
120
14
152
4
96
5
330
3
310
0
25
3
43
7
304
7
74
5
274
3
457
4
180
1
27
4
268
5
309
2
G
340
9
53
15
31
19
195
11
228
20
49
23
401
12
430
29
209
1
334
32
C
160
11
469
9
343
3
301
2
142
14
90
5
163
11
87
8
317
3
371
3
262
1
373
12
W
300
13
132
11
316
17
297
16
129
16
442
5
208
15
255
1
360
7
472
21
385
23
265
8
211
23
376
21
Q
280
7
36
25
239
25
408
35
162
1
465
28
45
29
402
38
L
280
8
167
34
1
9
44
20
358
4
389
21
448
34
280
6
234
27
U
200
6
219
19
57
31
214
27
277
4
263
29
92
12
J
200
17
105
10
464
8
0
2
26
8
455
3
4
3
476
8
417
1
160
5
111
7
131
10
342
2
244
10
65
0
413
5
109
11
338
0
V
A
