6
11
N
100
3
49
30
357
12
298
0
U
160
19
193
7
342
1
368
5
380
7
459
7
465
4
386
1
344
0
453
2
53
6
404
2
7
7
181
1
224
5
205
6
179
7
281
4
433
6
328
4
W
380
13
206
1
107
2
92
24
171
20
144
29
435
29
216
24
469
4
46
20
156
15
488
28
295
23
485
15
Q
180
16
198
7
41
0
225
9
350
1
220
0
381
9
389
7
162
4
237
0
327
4
35
1
325
1
302
11
160
0
391
4
303
2
A
340
10
234
3
431
9
149
34
246
33
287
28
340
18
476
19
299
0
111
13
339
16
K
280
11
436
14
64
20
255
23
42
3
369
15
127
9
110
8
265
14
399
24
115
4
226
21
Z
200
18
259
11
99
6
138
9
362
8
172
2
375
5
48
4
83
11
24
9
487
1
493
4
462
9
460
5
356
3
315
3
461
11
147
9
106
5
T
300
5
210
19
260
28
376
35
430
42
146
0
P
240
10
58
11
365
16
61
18
483
19
416
9
13
21
18
20
450
15
358
13
456
3
X
340
19
75
12
130
17
3
12
213
7
439
5
219
3
32
12
54
1
241
13
77
8
270
2
222
7
294
17
423
7
124
15
429
16
0
3
45
9
215
3
L
300
6
495
24
297
9
81
22
2
10
333
9
372
42
W
X
