6
9
J
360
9
464
6
246
27
378
13
37
15
392
14
430
10
101
16
389
5
480
14
E
200
18
239
9
414
8
428
3
215
10
182
3
397
8
83
7
298
1
145
10
135
5
336
0
311
11
87
0
416
3
371
2
465
6
216
1
186
9
N
360
5
153
0
331
58
1
42
257
13
432
69
P
320
10
222
28
60
11
73
19
139
14
453
22
190
18
241
12
314
16
342
25
47
5
V
100
3
170
15
103
31
129
33
A
260
16
356
0
65
2
340
10
258
14
120
7
128
12
471
6
475
11
43
2
323
14
309
12
221
2
425
16
455
7
107
6
494
1
L
140
17
134
0
301
8
141
8
438
7
467
5
456
8
396
5
59
2
6
3
319
1
284
6
496
7
39
3
276
3
256
3
8
0
417
8
G
140
12
33
3
379
8
484
9
237
6
327
10
200
3
224
2
326
5
92
9
267
5
29
10
360
10
Y
340
5
113
54
31
35
233
37
446
46
23
14
E
E
