6
5
H
220
5
281
3
97
31
62
22
174
36
320
11
D
180
10
134
15
188
17
32
2
432
9
372
7
373
0
371
16
473
14
302
0
291
10
U
340
19
465
13
362
7
18
17
403
5
123
17
356
9
294
3
462
14
96
13
471
0
290
3
443
6
492
14
167
12
246
6
127
16
407
9
343
11
312
1
G
220
15
145
9
347
13
385
12
102
1
137
14
280
10
201
8
259
7
217
12
352
0
381
8
244
6
277
9
231
12
349
2
M
140
5
300
27
449
28
21
25
279
0
153
27
G
H
