6
17
P
120
3
92
15
488
0
64
35
Y
380
19
20
20
284
7
397
13
103
18
224
11
157
14
363
10
100
19
169
8
207
1
331
15
33
11
153
15
235
14
178
15
347
0
145
18
282
8
300
9
B
340
15
264
13
227
16
113
13
86
19
253
15
36
4
292
15
251
1
6
9
317
18
168
10
481
20
38
0
22
18
159
6
Z
200
15
386
1
454
11
411
8
223
6
160
1
102
7
12
7
205
3
134
11
289
5
39
5
444
4
258
0
69
11
287
3
M
300
14
104
11
406
15
393
2
10
15
54
16
489
6
455
11
295
3
467
7
75
19
461
14
152
7
217
19
206
0
K
320
9
323
22
200
29
349
2
82
7
180
9
279
8
321
20
319
22
359
13
N
160
6
285
15
56
0
499
25
294
3
395
25
43
3
V
320
14
404
13
21
20
260
9
68
19
105
22
297
21
432
17
371
5
89
0
125
21
41
3
378
1
320
4
60
12
T
380
15
419
24
59
1
3
25
124
4
403
11
30
12
442
11
140
2
123
5
408
24
373
8
84
19
388
25
350
18
129
13
S
200
6
252
33
249
7
2
24
479
17
202
11
118
12
L
300
3
156
57
469
23
126
91
X
360
4
88
79
463
44
308
70
237
50
D
300
3
414
48
196
25
387
43
A
220
16
429
9
425
9
165
12
28
7
110
8
34
0
15
13
398
12
121
11
462
11
459
11
376
5
443
11
368
3
8
2
265
8
E
180
14
471
6
241
10
338
1
184
6
23
8
440
10
195
9
305
2
78
12
426
10
272
9
117
8
436
12
213
3
O
180
16
208
4
335
11
189
4
369
3
468
11
475
1
409
8
13
11
166
9
428
11
45
6
374
3
132
4
494
3
209
1
366
4
I
120
15
307
4
119
4
483
0
394
0
439
2
269
4
48
4
17
3
343
0
83
3
14
0
193
8
173
3
470
5
290
5
Y
S
