6
21
D
180
13
197
13
287
8
38
9
130
10
236
6
304
8
415
13
274
7
399
11
199
7
397
3
335
7
394
11
N
120
4
34
8
477
24
275
28
76
18
A
360
3
230
47
17
72
451
14
B
300
5
464
52
202
26
200
28
490
17
134
52
C
200
19
430
2
15
7
475
0
411
6
164
3
390
0
284
7
113
6
214
9
58
0
68
7
44
4
213
10
54
8
11
3
211
10
455
4
180
3
244
3
O
280
11
348
5
51
8
121
18
155
14
177
10
256
12
219
20
92
1
317
2
283
24
479
5
W
240
14
65
4
13
1
162
4
171
0
496
7
232
17
452
7
389
11
289
17
279
8
305
1
356
16
237
0
66
5
E
340
10
87
11
362
0
126
12
107
25
418
13
482
33
360
23
144
3
24
26
64
7
M
380
9
119
10
97
2
363
15
242
11
253
38
40
29
57
1
457
3
361
36
L
200
14
229
11
272
4
483
3
312
3
86
5
493
4
322
4
165
6
276
14
215
2
269
8
400
10
33
1
142
3
U
320
18
263
17
120
5
328
6
41
12
188
11
85
15
80
17
175
6
48
10
131
9
67
9
480
12
337
2
108
0
207
1
308
14
384
11
71
11
H
260
3
245
46
62
33
218
44
X
380
5
135
13
449
21
446
46
315
37
297
76
V
320
5
70
34
282
47
96
59
181
19
210
31
G
300
11
176
27
278
3
489
2
148
6
409
8
234
5
9
13
93
21
172
4
209
0
422
1
Q
140
9
461
12
292
7
413
1
221
11
47
1
484
15
178
12
147
2
330
3
Z
260
10
271
19
309
10
116
19
32
18
438
2
159
21
396
21
470
14
259
19
235
26
I
140
10
250
4
152
10
194
7
445
14
139
6
157
9
286
0
150
3
327
0
437
9
P
160
16
294
10
266
1
344
8
474
7
145
9
485
0
110
10
74
2
481
7
462
8
124
9
69
6
28
2
220
9
2
0
466
10
Y
320
6
406
8
53
26
351
46
488
17
320
3
345
25
T
280
8
90
24
89
22
184
18
492
21
442
3
115
22
167
9
299
22
G
Y
