6
23
A
140
8
415
2
72
9
346
2
20
1
374
17
227
15
307
17
391
12
Z
300
14
68
12
31
3
5
8
53
4
247
9
302
1
334
11
297
8
121
9
61
3
419
2
209
8
355
16
467
14
L
360
5
285
30
126
72
143
34
35
12
85
60
T
120
14
268
3
56
0
382
0
436
4
98
3
4
1
286
6
182
8
10
6
152
6
195
1
375
1
428
3
254
5
K
240
11
497
14
234
4
410
0
28
5
388
17
16
16
429
12
105
17
228
21
313
16
267
13
G
320
13
461
3
276
21
443
24
252
22
485
14
450
6
183
15
266
3
163
6
76
7
324
19
389
21
398
17
Y
360
15
194
6
47
22
3
19
321
4
39
11
215
8
468
8
447
3
424
19
243
23
111
0
43
10
322
18
350
14
29
12
I
180
9
150
3
84
4
282
11
34
5
435
10
305
15
238
3
274
14
390
13
E
260
9
60
4
378
14
440
20
259
17
453
0
439
18
206
20
24
12
304
19
M
100
14
15
2
36
3
341
0
99
6
372
7
67
4
483
1
363
3
425
0
351
2
426
2
379
5
95
3
284
4
R
200
16
173
2
2
7
191
1
157
12
118
0
87
6
79
11
399
11
199
7
104
7
430
2
488
3
273
1
339
11
292
3
287
0
B
260
8
270
30
499
15
280
26
464
11
93
4
146
13
299
29
242
10
F
220
4
298
30
371
21
420
27
356
15
H
360
15
368
2
63
2
403
9
69
20
423
2
362
16
365
22
352
15
165
3
187
17
437
5
86
3
177
8
258
8
137
23
V
180
19
239
5
296
8
366
3
154
6
26
4
55
5
46
2
344
7
131
1
190
1
13
4
417
8
384
0
434
8
140
9
156
6
18
1
103
0
337
0
P
140
13
462
4
141
9
116
2
19
9
88
1
147
8
120
5
136
8
235
8
0
3
359
1
207
4
64
0
U
320
15
283
9
264
2
360
8
281
19
401
1
21
18
400
3
153
7
127
3
70
16
189
14
353
8
90
1
414
19
377
5
S
380
8
445
5
210
47
256
31
303
2
405
28
345
18
201
15
342
45
W
240
5
164
3
311
23
381
6
237
26
213
31
O
180
15
295
9
263
2
482
3
486
10
484
9
409
1
340
9
271
1
162
9
472
12
100
4
166
4
181
2
50
4
262
2
N
380
10
493
38
314
21
221
26
418
38
354
0
65
4
198
28
477
30
211
14
158
25
Q
120
15
387
2
208
6
23
5
310
1
223
5
411
4
433
6
144
0
197
0
369
5
277
7
496
1
32
6
335
3
343
6
J
260
17
336
3
132
15
432
11
33
10
318
2
62
10
230
1
448
15
326
6
478
15
240
9
185
7
42
4
171
4
11
15
383
5
58
2
N
J
