6
18
S
260
18
494
1
320
2
469
7
250
10
370
7
184
4
49
9
379
4
482
1
1
3
145
1
311
11
210
13
81
7
331
3
476
3
417
3
446
8
D
340
3
202
44
115
41
93
30
O
240
16
11
3
196
11
164
12
429
3
113
9
316
3
452
12
22
10
176
3
371
8
154
7
194
14
334
3
259
14
126
14
325
3
Q
260
9
292
23
112
26
231
5
443
3
17
2
344
14
248
17
33
8
403
16
E
240
6
182
30
4
10
356
15
165
5
492
1
28
24
A
280
16
358
3
89
17
423
3
173
0
393
9
134
10
190
5
64
17
255
10
206
3
70
6
107
13
199
17
108
6
340
0
430
3
Y
180
10
392
2
41
17
122
5
172
10
151
15
280
6
401
12
360
18
496
9
278
17
Z
300
12
141
16
69
3
279
7
163
21
303
24
274
2
300
3
445
20
229
23
213
20
219
22
354
10
U
140
15
284
2
283
0
407
0
481
6
121
9
386
5
124
8
421
6
110
3
309
2
342
9
84
4
483
2
86
7
139
7
V
320
3
289
58
495
25
120
52
X
220
12
413
16
450
6
243
17
211
13
0
11
405
8
406
16
435
12
456
11
281
0
333
6
140
13
T
340
11
150
26
216
26
485
18
276
10
264
19
53
0
367
24
313
18
83
11
94
17
329
5
R
100
15
187
1
357
0
161
4
381
6
152
1
57
4
398
2
133
2
193
5
114
2
478
5
155
1
31
1
464
3
144
1
L
100
9
444
2
265
10
21
7
218
3
75
10
245
2
497
1
355
7
148
9
H
380
19
185
6
372
18
169
11
119
1
138
7
394
12
24
0
420
9
234
17
461
0
491
1
147
16
240
1
447
13
68
16
232
20
29
8
241
3
359
2
J
320
9
212
17
143
17
470
21
418
13
132
1
294
21
362
27
223
32
149
4
F
300
11
26
8
318
1
52
0
39
2
256
26
376
2
389
2
424
17
288
20
209
12
20
14
M
380
8
347
5
9
23
142
40
46
21
228
2
136
40
66
12
349
17
D
X
