6
9
Q
100
6
285
6
138
9
96
6
307
16
30
0
3
4
G
340
17
402
15
190
6
389
19
179
17
288
13
319
3
26
19
277
2
261
10
496
7
15
3
188
12
234
11
61
6
127
2
407
6
193
20
W
300
3
462
76
197
13
18
75
M
300
6
425
38
156
45
350
31
112
6
144
34
472
16
P
260
14
477
0
142
6
299
15
78
10
278
7
203
6
327
17
259
17
304
11
157
1
187
1
181
11
282
16
225
11
L
260
18
39
0
154
7
300
14
448
9
256
4
237
0
291
3
226
11
287
5
214
2
169
7
424
7
377
11
245
9
440
5
121
10
161
9
243
13
S
300
18
221
9
354
13
403
0
330
12
265
13
332
0
280
8
439
0
44
10
24
13
499
13
8
16
139
11
194
1
449
14
463
1
483
7
374
1
K
140
4
430
15
266
11
267
5
459
0
C
220
10
338
17
481
4
478
21
446
12
218
12
235
21
208
22
118
7
23
16
380
2
S
K
