6
22
B
140
18
407
7
248
6
308
6
199
2
117
4
136
6
137
1
341
6
58
2
318
0
72
2
45
7
354
2
291
5
188
7
148
5
345
1
212
1
S
300
15
258
18
331
18
192
2
167
18
169
16
213
8
400
3
362
2
359
2
74
14
448
7
35
10
18
18
3
12
275
18
V
200
16
461
4
40
11
344
8
428
7
218
3
451
8
495
4
351
5
269
2
233
12
426
4
418
11
205
3
486
5
25
11
240
7
P
340
16
314
1
12
10
411
9
263
4
21
2
153
15
497
11
286
5
161
14
127
13
452
20
229
20
149
15
112
13
26
12
235
17
M
220
10
453
18
408
14
323
15
76
2
202
9
459
9
183
15
191
22
336
4
99
9
O
240
12
271
3
245
14
405
20
125
8
262
10
128
12
289
2
221
14
147
19
62
8
368
6
227
18
D
340
8
109
5
100
24
384
2
193
5
44
27
295
38
454
34
139
28
H
260
4
37
25
398
6
447
35
324
13
R
300
13
126
22
71
1
392
4
150
17
203
15
329
15
79
5
73
8
156
19
219
2
181
4
222
19
264
6
F
340
5
361
9
216
8
88
31
429
43
190
15
T
100
11
372
9
363
7
174
6
391
6
252
2
217
2
16
1
214
1
94
7
339
2
56
4
X
300
3
20
12
36
52
438
24
J
320
19
376
15
475
10
371
12
377
2
19
0
173
6
430
12
27
11
261
7
420
11
292
15
456
15
422
8
397
13
0
14
223
15
259
10
206
12
265
13
G
240
7
404
1
189
8
385
5
493
13
234
33
198
0
39
12
Y
380
16
380
8
122
4
257
16
129
18
157
21
440
11
346
22
278
1
15
6
132
5
113
11
142
5
201
17
179
15
434
20
337
20
Z
280
15
238
15
104
6
473
8
53
2
340
15
480
17
296
10
91
12
63
0
42
2
330
0
431
11
57
8
144
11
466
7
C
300
7
32
24
232
6
419
41
66
22
474
22
300
5
268
23
N
180
8
46
19
159
15
272
3
389
20
477
10
387
9
124
4
267
0
E
320
4
415
28
409
13
106
33
444
69
Q
100
4
450
20
246
17
38
0
107
22
K
340
11
138
21
485
5
325
11
256
23
260
27
6
27
427
17
350
0
274
26
367
14
77
1
L
200
12
78
11
4
8
1
12
276
2
417
5
386
3
355
14
14
10
364
5
118
1
488
9
433
3
O
D
