6
8
X
340
19
77
5
277
15
23
13
150
4
331
4
304
4
371
7
410
13
14
10
236
7
286
9
383
4
130
4
132
0
239
17
417
6
15
12
428
14
27
11
P
320
5
105
23
179
43
466
34
373
23
497
17
E
120
13
484
6
114
3
191
3
197
0
491
5
263
9
435
3
12
1
318
8
250
0
235
0
61
8
385
5
A
260
12
406
8
401
11
359
20
316
11
456
4
51
16
323
20
370
21
483
18
498
4
252
9
157
4
O
340
9
21
28
281
34
481
2
93
25
198
5
154
4
10
10
215
3
187
13
J
120
11
278
5
291
2
52
2
395
5
295
2
123
9
325
6
470
3
332
2
287
9
81
0
T
260
6
285
7
45
17
282
25
1
18
284
14
76
40
R
280
6
451
22
274
24
78
40
102
27
408
20
194
23
E
T
