6
15
Z
260
9
172
23
357
12
113
3
494
14
321
8
361
12
65
12
238
2
425
7
U
320
10
91
32
473
30
457
20
367
17
188
7
407
32
299
26
5
29
430
5
186
14
H
380
7
452
51
176
47
429
42
163
29
152
50
497
15
372
32
O
320
18
484
15
455
16
436
4
309
3
125
2
417
11
207
17
108
5
199
3
156
2
297
10
41
6
23
3
93
13
434
4
313
5
148
14
61
0
A
240
9
36
8
411
10
28
11
102
13
345
0
114
14
319
4
346
14
253
8
I
140
16
290
0
390
4
211
5
251
2
8
4
177
4
276
2
103
8
416
3
377
4
259
5
229
0
310
8
284
0
264
8
232
1
D
300
3
154
63
272
47
106
77
K
160
5
69
14
89
32
410
14
464
23
13
13
N
220
18
0
10
205
12
139
6
447
1
26
2
189
7
422
5
158
3
166
4
17
11
37
5
241
6
252
5
412
1
230
5
143
4
3
12
388
5
B
300
10
262
25
418
18
495
12
151
9
137
18
287
6
247
18
398
0
58
29
453
23
V
180
14
184
12
404
9
88
10
312
0
318
10
150
10
179
3
274
0
350
7
63
6
395
8
83
1
39
1
140
3
C
220
14
265
5
67
6
185
14
360
8
477
1
382
10
315
15
201
2
228
0
341
8
35
15
149
9
155
5
7
2
T
380
19
147
19
190
12
300
3
223
19
496
18
292
18
57
4
256
5
141
14
351
14
488
7
20
2
474
17
76
13
336
3
255
1
449
15
130
16
71
4
P
140
12
6
0
31
4
349
9
471
10
427
0
368
9
14
8
34
8
326
5
363
5
138
4
206
6
Q
340
12
234
11
389
13
24
24
187
9
479
24
196
15
324
6
111
26
406
14
171
22
51
7
182
24
P
Q
