6
13
T
200
19
473
2
192
0
134
4
285
1
388
10
446
8
280
5
44
9
317
8
375
6
67
10
295
9
168
2
249
9
277
9
385
2
305
9
35
4
341
9
B
280
7
88
32
145
13
65
31
342
5
336
29
292
25
453
35
N
300
11
200
17
491
19
401
26
123
24
86
3
204
23
463
9
310
8
243
20
211
0
29
5
Z
300
18
389
3
432
1
314
16
202
12
414
13
436
4
236
1
267
16
95
0
207
14
232
15
155
16
52
16
351
10
396
13
276
14
433
0
188
3
C
300
4
58
4
443
32
186
49
307
13
L
220
5
479
44
23
39
228
28
45
27
130
11
G
300
19
459
0
15
15
358
4
326
4
128
1
10
5
423
12
182
7
1
12
448
3
486
6
465
7
166
15
212
2
302
11
259
10
328
1
410
15
309
7
F
280
13
439
21
318
13
470
12
403
16
225
3
160
9
34
21
144
20
415
4
141
7
38
12
205
9
101
0
O
280
5
195
15
51
30
263
16
177
11
79
39
Q
260
6
323
33
367
17
181
29
346
31
100
19
92
41
Y
340
5
53
26
274
59
49
42
343
64
386
27
P
240
4
378
15
198
15
301
46
119
6
M
200
18
19
3
230
10
488
4
381
5
70
3
286
8
156
7
333
8
447
7
83
3
271
1
492
7
14
11
308
1
203
6
55
10
313
8
239
10
M
Q
