6
20
D
160
12
177
2
226
9
182
8
385
0
236
2
463
12
25
6
239
6
87
9
52
7
342
2
56
12
C
140
4
187
18
225
8
142
28
90
1
A
160
5
264
13
309
1
114
18
215
8
307
30
M
300
17
495
13
317
16
380
0
452
1
60
16
332
1
65
11
252
17
388
16
159
0
217
12
123
14
329
13
91
14
14
17
314
5
224
15
Z
360
13
345
26
154
3
74
10
5
24
21
9
66
3
350
9
387
2
100
1
192
13
130
2
414
24
189
6
F
300
11
72
10
125
5
92
8
0
10
326
0
183
20
279
16
248
22
335
13
444
25
99
9
O
100
11
254
5
126
3
347
8
475
9
158
0
258
7
443
5
250
2
172
1
316
8
299
7
K
280
19
311
8
320
11
476
4
137
8
351
9
472
10
115
11
135
0
93
1
409
10
467
12
38
11
181
4
440
4
107
13
119
3
381
7
458
4
213
11
Y
260
12
191
4
338
8
277
3
242
1
196
21
312
19
22
19
395
3
146
17
49
13
489
14
83
3
V
160
4
166
16
365
24
428
12
418
33
L
340
9
379
18
199
18
432
11
375
0
76
21
147
3
499
11
322
28
4
0
Q
360
17
163
19
417
15
28
8
54
14
251
1
331
0
442
8
157
16
386
7
97
19
445
15
267
5
249
16
290
20
96
3
281
0
310
1
U
300
17
359
3
43
6
383
2
460
3
286
15
1
7
464
16
33
2
122
11
40
10
315
7
454
3
241
9
205
1
103
4
334
16
482
16
E
240
8
328
5
204
16
222
2
268
16
313
24
481
5
257
12
408
22
W
340
14
323
20
246
15
20
20
180
8
88
10
8
1
235
5
227
17
129
4
297
23
221
6
429
16
457
17
360
14
S
280
12
29
17
200
6
133
17
368
11
487
20
53
3
491
14
433
18
80
17
266
15
485
4
209
18
P
380
11
193
16
140
0
369
28
101
22
340
23
410
18
197
31
488
14
272
23
186
16
256
8
B
380
9
288
10
282
1
453
39
152
34
389
6
11
3
449
26
102
4
151
8
G
220
19
156
7
438
9
237
3
30
6
240
5
373
11
480
8
59
1
462
8
372
4
143
7
106
10
118
8
486
1
300
9
346
4
292
6
330
11
175
7
J
100
6
233
0
419
6
308
10
18
0
456
3
378
5
J
Y
