6
13
J
300
5
49
16
346
42
60
21
416
0
94
14
G
100
14
283
5
134
4
241
2
121
2
360
2
255
5
200
1
258
7
362
1
394
6
424
4
143
6
162
5
375
2
B
160
17
68
9
407
4
231
1
207
4
451
0
480
5
461
8
315
2
330
3
91
8
395
8
227
9
421
3
409
8
150
4
306
0
494
3
R
360
14
88
20
343
11
14
12
453
6
352
17
171
12
363
9
474
5
472
19
40
10
169
5
198
3
29
0
67
14
H
260
19
102
0
486
9
64
5
300
7
358
1
141
0
5
6
364
1
491
12
417
3
328
0
55
11
403
12
170
3
119
10
140
13
96
13
445
8
378
3
E
280
13
297
20
262
9
303
1
425
16
260
15
142
2
1
8
221
20
25
14
226
4
26
16
466
17
75
20
Z
360
7
485
31
477
23
396
26
342
1
44
6
423
51
281
11
N
220
19
337
3
2
9
238
3
36
8
107
1
253
1
391
2
426
7
293
9
175
6
104
8
305
7
185
9
236
1
47
2
61
0
440
9
21
1
418
8
F
220
15
376
9
478
8
312
1
182
12
216
6
112
4
33
10
380
6
229
14
497
13
196
9
35
6
125
12
20
5
367
11
O
160
17
448
7
111
6
23
9
269
6
97
2
462
8
366
9
90
9
331
8
79
5
385
2
249
4
374
7
201
8
437
2
291
2
214
1
L
220
19
138
8
419
6
93
1
18
11
398
3
218
9
430
10
197
4
99
4
383
4
458
8
157
4
80
6
405
2
210
9
211
4
411
4
187
10
412
8
W
120
19
275
6
431
1
191
0
302
3
168
6
164
2
173
2
148
1
447
2
167
1
264
1
86
0
149
6
62
2
257
1
131
2
181
4
100
2
420
6
S
360
13
72
6
473
7
133
22
488
3
296
24
349
24
242
12
452
26
139
27
123
0
13
19
404
24
234
10
E
H
