6
17
D
360
7
118
9
239
41
373
21
29
29
156
6
306
33
120
47
R
160
9
113
16
290
11
381
11
376
1
348
14
51
15
491
11
477
16
133
16
E
160
4
195
24
236
27
241
18
378
1
X
200
17
208
11
281
4
130
11
362
11
478
3
204
6
421
8
401
3
419
5
246
6
145
10
312
9
384
0
331
1
2
2
166
6
258
6
Q
100
3
300
0
295
23
474
26
W
140
6
252
4
311
3
72
8
198
8
406
16
125
18
G
320
11
151
17
495
8
142
17
146
23
344
28
50
29
140
24
59
20
185
29
16
16
389
5
Y
220
5
169
7
271
7
23
0
363
17
304
42
H
280
19
176
14
426
6
422
12
168
0
121
5
461
4
129
8
158
5
49
10
454
4
40
12
294
12
216
7
418
2
79
1
460
10
359
4
229
7
455
10
C
220
16
70
0
337
6
291
3
55
3
330
0
372
12
159
12
276
4
322
5
66
1
88
2
35
5
463
5
328
12
484
8
436
8
A
360
4
171
29
254
45
13
49
38
30
V
220
18
128
6
450
11
56
6
105
12
297
0
498
0
190
9
207
5
138
1
416
1
95
2
106
8
250
12
413
0
101
12
167
7
224
3
47
8
F
120
9
28
13
19
2
487
8
341
9
26
10
400
10
441
11
343
3
361
4
S
360
15
366
18
123
5
447
10
52
2
99
12
54
10
488
24
147
21
57
22
391
10
368
11
210
1
186
3
248
21
213
9
T
200
19
6
4
12
9
25
8
437
7
206
4
80
2
183
0
489
5
199
6
398
4
136
0
262
5
480
5
289
5
332
7
333
1
479
7
399
5
84
8
I
160
17
117
3
170
8
122
3
388
7
244
9
473
6
124
9
325
5
46
9
411
2
466
1
92
1
177
5
64
1
496
9
424
0
320
4
J
380
13
251
13
41
6
131
23
202
13
410
11
234
9
24
19
3
0
220
28
139
5
268
13
247
29
182
6
X
Q
