6
25
K
120
15
109
3
133
3
297
0
8
8
466
5
220
8
275
4
120
5
114
2
378
7
157
0
360
7
107
2
113
5
354
7
I
160
12
267
0
104
4
319
3
421
11
494
9
481
9
399
1
123
0
425
6
153
11
477
0
370
13
L
260
17
317
13
315
8
331
1
274
5
424
8
498
5
18
5
143
2
351
0
344
14
78
2
436
12
339
4
359
10
401
4
440
11
479
6
D
220
8
202
25
228
22
244
21
449
21
186
17
286
1
172
0
72
6
G
120
16
75
5
65
6
305
5
493
5
33
0
223
5
310
1
197
1
209
5
170
5
29
3
488
2
364
0
343
2
108
0
152
0
E
280
18
178
4
44
0
407
3
167
9
332
2
242
12
382
11
87
10
337
14
457
8
121
4
74
3
187
2
450
7
50
6
486
2
460
0
62
0
N
340
3
66
95
415
46
54
112
B
160
15
395
0
465
2
12
7
125
9
89
9
386
8
129
8
139
3
345
6
169
6
328
0
234
10
112
5
148
8
368
1
X
120
17
373
5
184
1
19
2
499
6
124
6
358
7
203
5
412
5
447
5
102
3
127
2
458
2
400
1
90
6
438
4
352
3
154
2
O
380
5
256
54
478
26
206
71
39
16
198
76
Q
180
13
248
6
484
3
163
0
367
8
227
13
455
11
398
10
408
7
161
7
427
10
95
1
417
10
369
3
W
320
9
279
3
99
23
155
12
36
29
61
0
260
23
483
31
41
17
21
4
C
240
10
420
20
323
8
299
13
434
3
393
11
387
21
376
13
252
2
320
20
335
19
M
320
16
468
1
357
13
346
17
126
13
289
0
35
17
482
4
377
4
24
19
334
4
448
0
333
11
214
17
470
19
454
17
385
15
U
100
14
303
0
173
1
196
6
240
4
2
3
222
6
390
7
128
5
49
6
383
7
355
3
475
2
301
4
471
7
F
240
4
269
44
451
15
140
33
462
26
P
280
15
261
5
321
13
472
7
353
4
327
8
160
3
3
17
69
13
93
15
443
16
419
5
168
9
394
12
51
14
356
3
Y
300
6
201
29
142
24
363
9
185
18
249
33
497
28
T
180
16
137
7
135
4
211
7
200
9
307
10
7
9
246
9
422
9
235
5
414
2
375
11
48
9
381
7
98
6
461
9
217
6
V
140
8
219
12
73
1
446
4
330
5
349
16
254
10
147
0
314
10
H
100
9
347
10
138
1
322
9
485
6
380
6
27
8
239
9
232
4
452
3
J
100
12
253
1
40
4
361
1
304
7
166
6
82
5
37
5
101
1
42
5
188
2
313
0
116
4
R
100
6
410
2
177
1
476
13
288
3
218
8
272
9
A
340
15
207
22
428
2
136
18
409
15
141
16
426
6
444
0
179
7
182
20
10
13
362
18
38
3
238
14
263
19
404
15
Z
180
18
57
10
273
10
418
0
221
6
324
2
311
2
204
8
284
10
396
7
379
3
298
10
176
10
292
7
282
9
156
3
435
1
67
6
231
4
X
N
