6
7
O
220
17
286
1
32
11
263
2
313
11
402
3
462
10
259
11
261
4
306
0
389
1
352
8
331
0
410
10
44
12
231
4
384
6
305
12
W
100
9
181
1
161
6
319
2
214
0
140
4
360
9
361
5
480
1
318
4
C
340
6
283
33
479
55
471
14
99
52
156
36
24
29
P
320
17
280
11
442
6
204
1
324
13
3
4
403
8
456
14
455
1
262
16
43
9
17
2
119
3
492
10
222
2
377
2
219
17
415
13
G
360
12
372
22
211
13
71
3
271
25
218
28
126
28
317
8
270
5
426
2
493
21
429
25
248
2
D
100
8
196
6
440
5
419
12
301
11
251
11
76
0
354
3
19
3
L
220
5
365
19
29
41
125
34
106
7
447
38
O
L
