6
13
Z
160
18
330
4
499
4
478
8
182
5
42
3
497
5
108
0
351
2
467
4
12
3
373
3
392
2
22
4
414
2
449
6
2
4
136
5
154
2
W
200
6
178
27
417
7
476
29
233
3
258
23
293
14
Q
280
3
361
9
160
50
159
55
P
380
9
213
32
444
7
466
22
231
4
81
34
177
20
313
22
44
41
487
27
B
280
15
368
15
489
12
320
11
278
2
296
11
37
6
196
5
206
11
6
13
227
6
464
17
180
1
207
8
40
7
408
11
N
340
11
432
20
481
7
14
7
162
6
147
11
91
27
143
0
465
18
346
24
181
18
448
11
S
300
3
222
0
456
94
168
46
H
380
8
232
43
249
26
86
8
149
32
253
9
156
30
386
37
184
16
R
100
16
250
4
337
3
237
3
76
6
422
6
21
2
35
1
99
3
95
2
53
5
84
0
336
3
215
6
57
4
7
4
25
1
T
160
9
450
17
142
8
13
1
471
14
308
10
176
9
331
16
443
7
483
17
I
300
6
69
39
263
11
229
50
161
4
398
10
435
28
J
120
19
299
6
100
5
103
1
245
6
60
2
205
6
116
6
332
3
440
1
217
6
370
3
279
2
118
1
175
0
234
1
179
5
473
2
447
6
452
4
M
100
13
307
0
38
2
54
3
11
4
51
3
61
6
485
0
403
5
496
0
246
2
343
1
75
0
345
5
J
T
