6
22
R
320
15
61
5
334
15
237
18
252
13
156
8
123
7
63
5
286
11
355
11
386
14
462
5
481
2
390
7
460
0
226
16
A
260
10
158
13
258
17
295
11
71
20
310
7
162
22
28
25
84
18
121
18
145
5
P
100
8
413
6
195
4
197
4
475
2
45
11
242
0
480
10
78
1
T
380
7
33
20
97
29
278
26
405
42
382
28
92
3
130
14
C
360
4
219
80
463
40
235
74
363
36
K
360
18
393
12
353
12
149
0
114
2
36
6
345
5
32
17
229
11
311
20
244
5
441
15
132
5
120
7
483
15
389
7
37
5
65
17
200
11
V
160
11
291
5
98
12
116
8
384
0
222
11
275
0
232
3
143
3
315
5
17
14
396
2
H
160
6
19
12
371
10
264
16
155
17
344
11
474
7
I
180
14
204
4
179
11
279
8
471
3
397
2
260
9
359
12
479
9
100
11
196
5
440
0
194
10
290
2
277
11
O
140
18
458
1
293
0
58
2
288
4
289
1
117
1
362
4
168
3
241
7
354
6
448
0
446
4
26
0
250
7
401
2
228
4
95
0
379
2
N
140
6
322
18
456
5
53
19
364
1
122
13
305
12
G
340
12
125
6
166
2
266
22
180
13
23
20
101
19
412
7
442
6
377
9
62
24
238
13
192
2
F
140
13
79
2
434
9
406
2
190
6
108
10
128
5
86
7
56
8
16
4
300
6
227
7
38
2
106
1
J
260
4
358
13
499
6
338
13
392
61
W
280
14
77
6
236
11
432
6
131
19
265
5
304
15
257
17
320
16
127
12
87
6
59
6
224
15
209
9
50
6
U
120
15
126
2
493
4
70
1
199
3
459
8
112
4
287
8
415
8
435
6
429
1
491
1
90
1
248
8
282
2
318
2
Y
320
16
451
4
223
4
104
7
395
11
173
0
439
9
495
17
89
3
212
9
348
2
457
15
321
6
150
20
427
6
438
19
147
16
E
240
6
249
7
467
10
400
28
142
8
220
37
153
8
B
160
15
312
1
239
7
414
5
157
1
80
4
352
3
35
6
419
5
215
8
333
7
319
5
12
8
494
10
326
3
455
4
Z
360
8
187
39
44
25
498
37
365
7
492
43
367
40
91
34
25
6
D
260
18
461
13
68
14
420
14
214
1
119
0
360
12
103
8
148
10
111
8
64
12
394
6
261
9
464
6
306
6
436
12
182
10
303
8
416
1
S
320
9
183
5
331
8
1
31
325
20
484
16
46
15
366
15
339
13
99
5
K
H
