6
20
R
380
14
137
3
331
9
357
4
86
14
129
5
279
1
463
23
406
0
44
21
47
12
255
20
169
3
65
20
466
16
I
300
19
419
13
274
4
277
8
354
3
308
4
388
11
439
15
134
7
422
9
343
0
473
10
384
11
499
4
448
5
185
11
431
6
7
8
455
13
45
12
V
100
13
443
4
464
3
226
5
148
1
214
1
104
2
98
4
207
6
89
3
172
0
2
3
257
5
397
2
M
200
19
221
2
372
4
328
3
273
0
163
10
259
4
213
9
262
9
322
3
131
7
61
10
174
0
183
1
269
2
410
5
483
1
446
7
437
2
423
5
F
340
18
122
11
281
17
91
5
495
11
365
1
454
1
110
15
192
13
407
14
198
16
6
10
339
10
438
15
346
3
25
4
149
16
315
15
190
0
J
140
17
305
8
162
5
12
5
82
6
0
0
92
2
330
2
453
5
71
6
480
2
321
6
178
6
96
6
283
4
117
1
188
8
402
8
O
140
4
152
7
295
4
268
15
217
1
T
360
4
458
8
118
52
94
6
415
16
E
140
17
267
4
56
4
375
8
490
7
345
7
52
2
282
1
496
4
36
0
442
5
340
5
293
8
93
0
366
4
449
6
67
7
286
1
N
280
18
385
4
87
14
191
15
113
15
224
5
374
2
41
4
434
14
380
1
32
3
251
12
323
1
476
1
242
2
299
4
106
9
391
0
139
8
B
280
7
156
18
35
3
157
34
390
37
361
5
100
23
430
16
D
340
6
189
21
329
13
66
52
216
23
182
15
215
35
G
200
8
109
14
494
18
64
22
272
22
287
9
228
18
409
19
350
11
L
120
9
405
12
222
0
414
5
381
8
488
8
88
3
460
11
105
7
416
6
S
220
18
197
11
158
12
5
11
392
0
413
1
275
5
298
8
194
4
15
11
482
3
424
10
358
9
238
6
170
10
426
7
461
4
324
10
205
2
X
300
6
193
21
301
14
11
12
175
36
303
18
465
0
Q
280
3
108
2
124
6
69
33
P
120
10
116
8
433
9
33
5
284
11
186
10
459
9
338
12
472
9
325
7
1
3
U
380
3
393
126
103
101
474
64
Y
100
5
187
18
376
16
457
8
16
11
276
15
V
F
