6
15
R
180
8
236
2
250
3
19
3
59
10
375
4
190
2
352
17
485
2
S
180
14
67
2
470
2
411
2
182
3
420
6
184
5
232
2
341
10
62
5
495
11
332
3
228
3
312
4
159
1
L
180
7
385
16
391
16
265
8
44
10
213
17
178
17
302
14
H
180
14
333
0
94
12
410
0
119
9
201
7
216
4
263
6
83
1
313
9
496
4
322
5
169
1
364
10
491
4
X
280
6
272
18
64
32
286
9
196
40
4
44
281
36
Y
280
9
291
1
20
25
68
8
223
26
172
19
349
29
293
22
122
22
105
30
T
100
7
49
0
269
3
141
10
166
10
155
14
419
10
435
10
U
320
13
197
10
430
11
143
2
130
8
52
19
308
14
338
2
138
17
243
0
414
10
353
15
51
9
82
9
B
280
5
220
34
45
37
482
19
53
18
149
11
E
220
3
339
46
96
18
285
39
M
180
7
323
12
397
19
327
18
458
11
217
2
256
14
416
1
F
300
16
428
8
219
5
244
13
95
15
46
0
77
2
179
2
173
9
372
9
124
4
321
13
86
3
238
9
18
13
292
6
297
8
G
380
15
247
23
389
0
174
24
476
18
225
11
382
2
395
20
37
6
191
9
34
9
270
20
69
10
324
3
133
8
32
9
O
200
8
296
10
383
20
70
2
427
25
248
5
237
6
362
19
242
1
J
180
6
91
24
181
26
233
17
115
24
113
22
469
7
Y
U
