6
16
V
340
18
210
6
114
13
406
3
288
16
107
10
286
9
318
14
431
1
8
8
205
15
41
0
328
12
31
8
264
1
469
6
235
6
50
11
9
1
N
120
13
374
1
218
2
99
9
12
5
446
9
454
0
76
4
254
0
263
6
181
8
61
7
472
5
423
9
Z
200
19
435
7
267
10
22
10
237
9
492
9
269
1
165
4
104
7
444
4
132
6
140
0
16
2
256
3
223
3
341
4
185
4
79
5
245
7
368
5
X
380
14
440
10
112
20
220
5
247
5
96
14
144
23
55
6
86
6
424
2
350
0
497
25
473
21
162
4
258
11
L
200
3
90
8
23
56
428
0
T
320
4
110
79
152
48
493
9
14
39
F
160
14
203
9
232
11
349
0
106
2
372
7
129
8
134
11
408
4
320
10
189
6
412
4
351
1
324
7
369
3
S
320
14
202
5
28
11
337
8
6
7
164
15
401
2
158
19
476
9
230
3
225
2
57
3
373
16
47
22
381
0
Y
200
12
293
11
383
13
83
7
10
12
56
7
193
4
465
0
92
3
357
15
116
15
282
15
366
14
P
240
7
51
4
445
32
226
20
430
32
289
0
253
14
18
33
H
320
7
452
30
91
6
395
43
317
9
461
13
456
5
489
25
M
100
5
95
3
319
1
192
20
71
13
322
6
K
200
11
65
8
153
12
60
14
68
0
236
15
486
9
251
1
314
17
390
13
494
15
17
12
O
100
19
163
4
359
0
3
2
437
2
339
0
491
5
75
3
89
1
217
4
281
1
151
1
37
4
425
3
449
0
54
0
471
0
310
0
118
2
182
0
E
140
19
15
0
249
7
427
0
127
1
43
1
405
2
481
7
496
2
67
2
433
4
277
7
260
0
270
6
147
1
117
2
485
2
208
3
378
4
126
1
D
320
11
392
27
399
7
335
23
495
13
143
14
332
2
64
29
113
3
213
2
234
26
411
20
D
V
