6
22
E
160
7
479
17
261
14
180
11
203
4
63
20
92
1
293
19
G
160
18
344
2
44
2
477
1
88
2
292
8
371
6
231
3
14
0
287
0
333
2
214
3
364
8
390
1
213
3
335
6
18
0
306
6
181
4
H
180
11
372
14
325
7
123
15
136
5
235
7
357
8
159
14
239
13
152
16
399
5
84
0
U
200
12
150
3
485
2
113
10
415
13
111
5
206
6
219
3
461
2
87
11
258
5
408
15
413
6
O
220
7
147
13
184
4
267
27
411
25
85
19
345
6
190
12
T
260
12
83
9
12
21
340
9
4
7
77
20
426
12
223
0
157
19
288
21
45
21
156
7
294
7
C
140
14
429
3
322
1
264
0
299
5
291
4
73
5
453
6
301
3
498
5
285
4
405
4
398
6
61
7
341
9
F
140
6
122
0
101
19
272
6
23
16
155
12
458
8
R
300
3
286
85
5
70
353
18
S
280
10
199
20
134
8
356
24
205
21
192
23
367
26
69
23
392
25
427
22
403
9
J
100
12
99
4
149
7
109
7
307
4
255
6
268
5
110
3
463
3
130
1
221
3
263
1
15
0
M
280
10
436
15
250
8
158
8
97
2
245
7
204
16
9
5
41
20
188
9
30
22
K
340
19
382
12
473
15
387
6
80
3
183
3
476
14
491
4
368
11
249
0
253
3
148
7
297
2
282
8
22
12
343
17
295
11
6
9
68
17
106
14
L
380
13
27
6
304
15
430
11
490
13
66
19
464
15
328
29
260
18
407
10
425
7
487
27
483
5
91
11
A
240
4
178
36
319
51
393
15
428
11
Q
300
14
161
10
480
19
375
15
166
0
354
6
132
4
242
4
370
4
24
16
7
13
228
0
251
12
175
18
32
1
W
300
13
55
11
197
13
338
2
397
23
303
21
53
11
441
20
145
5
276
6
448
17
140
15
176
16
336
15
N
340
3
212
111
104
14
262
18
B
220
6
327
30
314
6
289
4
467
31
86
35
93
2
Z
200
4
189
44
51
25
208
31
366
32
I
300
18
248
14
233
4
337
12
482
14
478
7
35
10
424
14
243
4
252
8
271
1
313
13
449
9
460
11
459
16
386
9
167
16
347
4
119
14
V
240
11
499
7
234
20
339
16
300
10
435
15
305
16
497
17
445
0
202
20
224
15
114
2
A
F
