6
5
W
220
18
146
11
430
6
63
2
175
3
108
1
413
6
25
12
70
5
305
12
351
3
92
7
101
12
235
9
193
12
291
9
103
3
330
12
342
3
A
360
15
279
24
491
15
471
20
324
20
93
18
402
19
479
0
89
24
385
3
254
5
216
10
293
4
138
3
156
17
42
1
E
180
8
497
9
321
10
398
14
10
20
341
3
407
0
284
16
334
0
B
300
18
99
2
184
11
247
14
109
3
373
15
310
7
44
5
403
4
139
10
48
2
179
1
405
0
217
13
36
1
205
15
356
5
481
11
496
4
Q
100
10
265
9
152
10
166
0
38
7
80
2
252
1
214
8
304
8
457
1
137
6
B
W
