6
25
W
200
13
289
2
32
9
108
9
23
15
292
11
47
8
326
9
34
4
299
3
219
1
389
11
197
8
446
14
L
340
17
408
15
121
6
314
8
365
15
120
15
456
15
192
14
207
1
385
13
263
16
302
11
117
13
272
15
215
18
245
18
363
15
400
15
Y
300
10
327
22
103
10
493
17
156
28
267
6
149
22
25
19
416
2
147
2
420
21
I
160
7
478
3
448
21
229
20
3
16
467
19
469
14
470
8
Q
200
3
234
11
432
15
41
65
C
260
15
320
3
361
1
225
12
92
8
18
2
104
2
447
10
78
14
35
4
43
17
172
12
14
12
324
0
488
10
201
10
P
300
12
437
12
79
13
376
11
274
1
124
1
451
13
74
7
269
8
24
12
453
0
247
22
128
7
R
320
11
496
19
81
7
352
18
492
4
118
25
319
16
230
9
445
29
204
19
163
1
382
6
E
180
7
260
15
330
8
184
16
130
20
237
7
466
3
438
8
O
120
19
71
6
436
0
409
2
353
5
153
4
484
5
358
3
194
2
48
5
414
3
282
4
422
2
36
1
9
0
479
2
397
4
298
4
208
2
340
5
D
360
16
450
17
325
15
188
20
441
2
95
0
44
17
203
9
305
7
196
5
257
13
273
16
485
15
418
14
77
6
189
4
76
15
M
200
12
109
16
251
16
308
11
7
6
410
9
334
5
232
12
111
6
52
4
250
16
255
3
477
4
Z
360
6
407
46
286
34
317
58
442
11
148
40
364
40
S
180
12
158
14
168
10
480
10
435
1
449
15
100
10
393
5
312
11
13
12
146
6
315
7
366
14
H
280
10
356
14
49
7
460
12
386
23
72
25
198
17
403
7
20
18
224
25
276
4
J
200
14
368
10
483
12
231
13
200
9
174
9
236
12
258
4
167
1
106
11
357
6
83
4
346
11
205
6
295
6
N
220
13
372
13
486
16
379
7
29
2
498
13
38
7
42
10
322
5
275
16
425
14
373
13
144
1
473
15
V
220
19
265
2
417
10
119
3
94
6
220
8
401
7
283
9
85
1
244
9
150
6
359
4
246
5
227
4
256
9
395
3
177
8
143
8
309
5
17
1
A
160
10
383
2
402
13
235
12
367
13
28
11
375
5
8
6
371
3
300
4
45
14
B
280
13
293
11
59
7
277
21
290
7
380
21
427
3
404
14
291
11
159
9
82
13
68
6
175
17
285
21
K
140
14
211
1
426
9
151
3
476
4
303
7
145
3
140
5
30
6
87
9
116
10
323
0
139
2
452
4
482
0
T
260
8
347
6
112
7
336
28
423
11
164
17
170
12
328
11
396
22
F
160
9
84
0
429
8
253
12
252
3
495
1
392
4
296
12
173
15
10
3
U
260
9
490
18
433
13
471
8
280
7
58
28
261
25
350
25
411
18
6
15
G
140
9
101
14
332
6
136
5
481
15
233
12
191
1
240
6
129
15
424
6
V
O
