6
15
U
240
13
398
2
198
3
377
10
148
17
433
1
309
16
195
5
223
15
133
2
367
16
280
13
119
5
486
6
B
260
5
12
47
224
30
283
29
492
8
187
27
M
240
4
237
3
403
5
241
21
323
4
W
360
6
360
11
279
56
423
52
157
22
393
0
219
42
T
140
15
44
8
336
6
382
5
422
2
204
3
357
1
158
1
467
0
484
3
22
5
418
8
391
2
449
0
43
2
160
2
N
220
18
120
6
290
10
229
3
226
7
214
6
429
1
164
9
491
5
380
11
156
10
343
11
407
10
258
11
300
8
233
10
145
2
443
3
149
7
K
300
6
7
34
127
16
116
36
419
13
474
32
321
4
G
220
13
304
5
111
8
213
12
268
16
20
6
155
16
379
11
485
12
277
3
159
6
376
3
441
0
302
12
L
160
8
37
4
320
9
202
16
47
11
110
12
144
3
490
19
85
3
P
200
9
86
22
113
14
167
11
80
11
40
14
206
7
301
2
96
14
87
11
D
180
7
294
6
139
3
39
17
408
8
10
18
135
18
35
24
Z
180
9
337
19
448
8
395
17
476
10
270
16
100
20
179
2
88
20
232
6
V
300
12
303
2
271
0
74
20
358
10
239
15
250
25
435
8
24
13
193
13
106
19
91
10
49
1
I
180
17
220
1
161
6
59
6
228
10
77
9
126
5
458
8
470
9
311
3
256
7
114
2
355
4
479
10
150
5
242
6
64
10
1
5
X
320
16
15
0
457
6
255
16
178
11
314
7
354
20
481
8
83
13
231
16
445
7
356
20
463
12
13
11
218
8
455
10
289
5
V
K
