6
10
I
320
4
492
53
377
57
362
18
321
29
E
340
14
394
7
305
23
51
0
170
20
290
1
223
8
53
24
315
14
420
3
250
16
187
17
62
24
210
5
59
22
Y
360
15
204
23
318
9
8
10
13
17
317
14
400
14
488
13
269
10
247
16
431
7
266
24
288
18
404
21
126
3
43
12
G
160
14
252
11
9
0
425
7
474
6
450
0
114
0
387
10
297
2
52
1
332
0
224
11
37
7
153
3
356
8
D
240
9
93
12
475
1
464
23
389
10
179
15
186
12
462
23
465
26
140
24
J
340
10
368
15
30
33
322
19
284
16
226
16
78
6
242
17
463
27
0
23
85
10
S
160
15
372
9
219
1
230
2
71
2
437
10
487
2
191
6
180
0
151
3
347
8
264
7
50
10
286
6
163
8
287
1
K
320
18
489
17
461
1
196
12
422
10
17
2
320
17
84
14
244
12
496
5
14
15
360
7
87
7
354
4
23
14
211
16
324
7
277
7
293
3
W
320
4
457
2
12
63
378
36
184
62
N
220
4
171
5
136
41
350
21
214
2
N
S
