6
22
D
260
9
91
12
458
21
20
28
271
16
490
25
449
6
345
5
450
25
443
25
N
220
9
303
19
326
0
336
22
117
2
215
11
233
19
68
1
28
9
70
10
M
240
11
487
1
209
17
423
20
203
21
49
9
108
14
457
1
304
7
333
9
160
4
301
4
X
100
10
164
0
179
8
80
8
393
0
107
4
451
3
352
7
410
9
77
9
62
0
P
180
3
481
48
470
0
346
7
L
100
14
252
7
194
2
53
0
377
2
235
2
263
6
223
2
354
4
480
5
118
4
314
7
227
5
166
2
455
0
Y
340
5
199
64
158
44
431
39
269
55
411
16
C
280
4
11
22
31
65
259
65
356
47
V
140
18
452
7
483
2
246
2
75
7
102
7
195
1
187
5
33
2
71
1
420
4
270
3
196
2
180
0
272
3
256
2
63
5
206
2
221
6
K
280
17
390
6
145
4
338
16
382
1
115
6
104
7
273
5
46
0
369
10
29
3
124
10
461
3
388
10
213
5
353
1
331
13
184
3
A
180
12
26
12
152
13
116
5
439
7
173
13
321
7
59
10
309
10
34
13
162
15
132
6
350
1
R
360
12
149
3
171
8
35
4
212
28
178
18
153
0
167
15
169
13
78
10
112
5
492
19
264
17
Z
300
18
27
8
250
14
204
6
32
11
340
10
283
15
161
3
278
9
379
0
392
6
424
4
266
15
261
7
300
3
478
13
47
15
292
0
7
6
J
220
5
341
3
128
6
307
4
159
33
236
38
I
300
17
440
15
348
1
368
8
121
6
253
13
110
10
240
6
376
9
436
4
15
9
425
6
101
12
83
10
373
2
498
12
10
8
468
15
U
280
9
22
3
441
14
413
9
135
6
316
9
493
24
140
13
249
16
337
26
G
180
11
247
11
134
12
401
3
25
12
357
1
165
16
214
14
239
3
319
13
473
9
188
14
F
320
16
380
13
400
19
155
12
279
7
90
1
109
4
482
7
176
16
55
10
445
7
50
19
248
10
224
13
43
16
409
1
375
10
S
120
9
274
9
39
2
428
9
56
2
207
13
73
7
394
12
299
3
229
7
B
380
5
277
29
359
10
16
60
327
71
79
37
Q
340
12
150
9
5
11
294
3
491
28
241
0
429
15
220
4
268
28
288
21
267
22
226
26
230
2
H
160
6
310
0
325
9
295
15
45
5
137
15
286
0
N
U
