6
10
Y
260
9
480
2
147
8
6
17
189
21
315
12
354
14
246
19
431
8
126
27
J
160
18
45
0
164
3
119
1
293
0
175
0
287
0
203
7
221
5
398
1
365
2
200
8
38
7
225
3
93
8
130
2
316
4
396
8
125
0
O
200
3
81
64
387
50
64
34
D
280
5
3
43
294
42
68
41
370
48
98
38
G
200
19
34
9
157
10
72
5
346
6
54
6
261
0
60
10
392
3
290
4
342
1
2
2
372
2
499
8
159
3
436
10
85
9
209
1
447
4
132
5
A
100
6
384
14
460
13
217
14
86
0
390
16
394
0
I
220
8
195
9
145
26
182
13
62
19
355
3
148
23
227
25
319
0
T
300
6
193
28
334
35
312
27
327
8
252
42
96
38
K
300
16
214
0
305
7
331
16
433
10
265
10
231
9
44
17
186
10
325
5
481
7
48
13
110
15
453
6
17
15
313
6
318
2
X
260
14
258
0
89
11
487
5
174
2
183
16
103
0
326
10
244
17
228
3
30
14
412
3
226
2
204
15
207
18
O
A
