6
10
G
120
11
219
9
267
9
91
5
13
5
274
9
211
9
360
5
186
6
378
4
312
9
369
5
J
220
17
111
3
486
11
209
8
417
2
158
11
432
6
4
2
377
2
139
8
313
1
349
2
115
10
225
1
55
6
394
7
404
6
324
4
T
240
17
413
1
48
7
284
12
78
9
447
12
489
13
317
3
458
7
334
5
118
4
162
0
418
6
193
12
329
6
441
5
84
12
74
4
V
160
16
288
8
141
7
286
4
39
8
461
10
121
0
60
2
383
7
492
6
416
2
473
0
251
10
346
4
41
3
454
4
178
2
Q
120
7
80
3
180
4
62
16
214
0
212
13
227
3
221
3
I
260
12
8
7
153
12
470
16
88
2
159
6
271
4
338
18
421
16
305
0
409
12
73
16
403
9
F
180
11
325
1
352
4
281
1
291
10
21
5
183
1
410
9
107
7
46
12
59
9
364
0
D
220
15
179
1
260
10
350
6
151
9
344
4
270
13
42
4
412
4
101
7
204
6
98
0
197
1
471
7
16
10
293
11
L
120
9
10
2
52
1
402
6
184
3
142
7
467
0
250
6
234
9
456
2
U
160
7
203
20
430
0
229
19
335
13
485
9
300
5
86
19
D
Q
