6
19
X
140
16
133
7
463
6
17
1
128
2
479
6
377
3
197
2
374
8
134
5
279
2
203
2
91
3
324
3
192
8
169
3
118
3
S
260
8
89
22
493
23
82
9
170
26
403
26
141
18
103
30
420
8
Z
240
4
275
21
423
16
402
59
266
54
G
160
6
48
10
176
24
147
5
201
6
56
15
23
3
O
340
13
281
9
32
8
303
2
250
15
20
25
442
16
395
15
316
14
475
1
425
3
27
3
106
18
46
26
T
380
18
180
6
72
6
371
17
422
19
31
16
451
5
114
4
367
13
467
15
286
2
317
18
193
3
256
3
380
10
283
4
205
18
354
15
43
13
C
380
9
174
21
59
18
476
3
162
29
466
1
315
15
351
33
47
7
165
17
I
120
19
77
2
407
5
253
3
495
2
211
0
416
0
357
4
399
0
108
2
428
4
408
3
243
1
127
1
69
5
318
6
144
6
411
6
336
0
155
4
Y
100
14
129
3
282
7
121
3
456
4
86
3
431
2
305
0
294
7
349
3
120
5
439
2
1
5
434
5
84
5
H
180
15
352
12
219
11
142
7
389
8
178
10
102
0
90
8
240
10
314
11
313
6
415
1
246
8
341
11
365
1
368
10
A
160
9
158
5
309
17
45
15
204
5
212
5
348
17
427
4
345
3
338
8
B
200
12
95
13
450
4
112
10
3
6
207
2
30
15
79
3
477
0
148
15
260
14
209
15
228
8
J
240
11
280
14
44
21
299
21
308
0
400
10
21
17
24
15
438
4
206
6
310
11
340
20
F
100
6
26
10
332
8
215
7
231
5
183
12
149
9
R
260
17
5
6
343
14
63
7
258
1
424
6
290
6
22
1
107
9
57
3
480
13
39
9
262
6
73
5
175
8
117
6
394
3
101
9
L
200
3
85
17
292
36
499
19
P
280
5
8
39
200
3
137
55
485
8
67
23
Q
200
16
278
3
190
11
322
2
298
7
447
9
469
5
224
7
350
1
248
6
448
7
239
1
276
9
433
9
140
5
458
11
179
6
U
120
10
157
1
277
4
38
5
94
5
227
3
235
6
66
10
486
10
65
9
189
6
T
B
