6
8
T
240
11
234
20
147
15
455
2
447
6
4
21
185
18
79
13
254
15
338
15
6
15
180
10
G
360
7
289
46
148
34
322
11
3
19
448
6
446
48
211
34
S
280
5
153
35
294
55
335
53
106
21
298
56
N
160
3
483
2
225
4
432
34
D
340
17
163
12
251
15
340
5
22
8
257
8
170
1
396
7
419
5
439
3
182
19
137
6
278
5
318
19
5
5
114
18
187
14
307
3
H
120
10
26
7
291
12
177
5
261
6
480
7
36
10
96
1
479
6
158
0
149
12
F
380
6
344
28
181
47
95
51
178
17
236
30
310
50
X
260
19
285
6
372
9
369
4
28
13
454
9
375
2
176
8
121
10
103
8
58
3
445
1
85
0
152
10
272
8
486
3
19
3
159
8
80
5
288
1
D
G
