6
15
P
260
18
105
14
400
7
123
11
399
1
117
10
272
5
258
14
65
3
379
13
95
6
332
1
130
1
71
0
480
14
135
6
273
14
197
11
157
9
M
220
13
80
8
139
2
55
13
398
7
485
0
377
16
337
0
177
14
386
14
159
1
256
10
45
0
35
3
J
360
17
199
2
417
9
344
13
311
17
368
6
24
4
375
0
178
6
308
14
115
21
251
12
432
12
420
18
336
10
427
16
171
18
62
6
V
180
15
283
2
195
6
165
3
150
9
144
4
459
8
194
0
376
12
63
2
286
12
64
1
433
3
42
1
437
6
345
10
Y
100
12
44
4
422
8
324
8
469
7
222
4
179
1
470
0
193
2
191
0
467
2
423
2
349
7
S
320
17
83
0
107
7
70
0
89
5
163
12
262
18
363
11
204
0
434
15
57
15
250
5
185
15
397
4
260
9
382
6
482
10
402
9
C
180
6
219
19
103
14
217
3
53
20
233
0
207
22
B
120
19
119
4
497
5
116
0
23
5
413
2
238
1
160
4
132
4
455
3
176
5
471
6
418
3
11
3
224
5
113
6
141
5
460
3
307
3
319
3
X
380
11
481
30
214
2
493
8
425
10
415
32
241
12
478
4
448
13
145
12
338
28
325
14
A
300
14
85
13
147
9
411
21
369
9
6
21
77
19
334
7
326
6
352
14
320
9
293
21
168
12
494
18
154
21
U
360
10
489
21
364
19
361
24
365
22
92
25
257
29
406
24
322
18
443
1
330
29
Z
260
10
318
1
304
10
498
22
225
10
81
17
429
21
66
13
125
10
31
13
58
15
G
140
11
161
6
149
12
252
6
428
11
242
4
14
0
121
7
409
1
276
2
465
12
67
8
R
160
6
476
2
174
0
454
26
72
14
388
10
133
16
I
200
14
461
0
34
0
269
5
303
5
254
14
419
9
300
14
453
5
279
0
416
5
275
12
380
13
235
2
12
4
B
M
