6
22
F
220
8
437
13
391
19
420
20
153
27
435
17
312
17
159
10
216
24
S
360
17
394
9
29
1
449
0
123
2
171
21
170
6
397
19
121
19
215
7
460
9
320
0
183
19
68
14
442
4
151
18
436
7
404
5
V
320
15
128
8
335
4
191
21
11
6
1
7
5
18
349
2
421
8
334
8
201
10
160
16
99
16
203
14
498
14
96
0
J
280
7
217
29
179
22
127
29
51
20
138
15
457
38
139
36
D
320
17
132
4
296
9
388
13
7
18
256
4
9
6
499
4
273
3
26
18
192
9
432
5
321
15
182
7
13
11
195
15
294
4
430
11
I
340
15
274
2
75
2
380
12
429
10
382
15
467
20
370
6
154
11
280
2
451
20
230
13
34
17
438
22
407
0
403
9
T
280
12
52
20
130
6
453
4
393
22
351
18
458
19
375
18
91
17
137
3
417
12
143
15
144
4
O
100
11
264
5
57
3
200
9
142
2
355
7
204
5
286
5
197
6
22
7
456
2
482
7
Q
100
14
240
3
381
2
145
2
101
0
237
7
38
0
152
5
364
7
347
2
360
5
24
4
377
4
100
6
190
7
A
220
9
402
1
35
8
289
20
97
14
373
13
188
2
332
17
267
24
122
21
Y
240
17
463
2
232
0
40
7
19
0
206
10
287
14
285
7
90
6
424
2
469
4
205
2
325
4
120
9
497
7
493
2
368
6
284
4
N
220
14
251
11
141
9
473
2
6
2
302
5
343
2
175
10
242
0
415
6
102
4
125
3
486
3
395
8
207
5
L
180
19
15
9
319
8
94
3
481
6
222
0
485
6
293
8
361
6
305
2
483
2
330
3
84
5
62
5
109
6
0
2
478
3
221
6
165
7
484
4
M
380
11
177
4
298
5
452
30
260
20
226
2
422
28
259
19
95
24
8
33
474
1
98
18
U
340
6
331
40
113
23
386
30
410
55
275
31
214
12
C
320
5
155
63
428
59
124
31
164
50
472
15
Z
160
6
194
0
466
19
163
11
323
15
336
20
477
16
X
140
5
352
13
59
20
475
0
278
15
115
25
P
360
13
41
19
348
14
425
8
209
6
385
26
196
21
309
0
173
21
345
17
54
20
252
14
399
9
235
12
G
380
5
411
66
150
6
69
8
47
50
261
12
K
180
8
55
15
317
10
487
16
454
8
117
18
65
22
378
20
365
5
W
220
17
211
7
327
8
134
5
189
7
108
5
248
6
338
12
297
3
111
3
480
5
3
0
488
6
146
2
66
8
292
11
318
7
140
1
Z
P
