6
14
J
380
7
338
44
233
49
456
7
80
1
145
10
71
47
1
2
G
320
7
241
8
274
40
144
5
19
27
402
19
493
1
357
21
Q
300
5
186
30
441
54
65
10
299
35
250
40
E
200
9
26
7
396
8
308
3
375
8
196
3
390
18
43
17
30
21
213
18
T
280
11
135
0
462
17
322
20
103
9
342
9
276
15
224
12
370
14
293
15
471
16
312
6
W
140
11
13
2
181
7
258
12
372
2
131
0
194
11
74
1
415
10
389
9
98
12
50
5
U
180
7
229
25
64
21
17
17
420
7
6
22
430
0
68
11
F
300
17
317
9
260
13
130
0
54
14
38
3
306
6
176
13
365
14
7
17
160
9
91
13
202
6
304
4
208
15
142
5
111
0
58
16
O
160
11
335
8
255
13
136
8
411
8
198
6
265
7
52
10
391
13
319
11
158
7
9
11
M
280
17
108
15
53
7
46
11
191
8
315
5
399
8
280
3
82
1
209
13
206
9
138
12
156
1
461
4
3
14
343
2
287
11
101
0
N
120
9
164
2
353
5
451
1
427
6
182
8
234
1
78
0
249
5
185
0
R
220
9
177
17
479
22
84
20
273
15
437
20
115
9
477
17
352
22
489
24
B
380
17
118
14
121
15
254
2
432
8
155
20
473
22
307
18
251
21
33
2
368
9
272
14
165
22
480
20
0
11
106
1
467
0
314
12
D
360
9
484
23
154
5
494
25
174
26
246
9
284
16
245
15
459
5
116
12
M
M
