6
6
Z
180
9
78
1
335
6
355
18
168
13
466
1
94
6
177
5
495
2
176
15
J
360
10
36
11
82
23
343
26
397
34
282
10
388
10
138
25
324
15
451
18
228
6
Y
340
13
72
21
132
26
384
20
341
18
314
18
64
11
459
0
477
7
468
14
334
16
478
4
85
17
1
11
N
340
5
71
36
77
33
385
40
224
65
160
25
U
340
10
321
20
88
10
381
27
205
25
405
25
98
13
68
6
275
5
416
33
65
23
S
320
15
252
6
133
18
409
11
21
17
208
18
312
7
165
0
130
20
2
19
316
3
256
6
374
12
80
11
363
20
269
8
N
Z
