6
23
Y
160
6
399
16
412
24
344
0
166
25
441
13
477
10
G
220
13
209
4
286
6
462
9
91
2
280
8
413
16
45
16
199
5
89
16
254
3
219
6
346
9
211
10
E
280
15
32
10
372
18
154
13
291
18
339
6
427
7
424
9
100
14
436
13
212
18
366
11
465
18
414
6
196
2
0
2
F
120
16
305
4
274
0
389
0
408
3
466
2
222
1
283
2
128
0
57
2
328
4
258
3
221
4
34
4
178
7
298
0
481
3
P
120
19
49
6
191
6
278
5
129
0
472
5
80
6
10
3
456
1
301
2
333
0
151
4
146
4
252
5
277
0
347
0
125
1
378
5
26
2
494
0
Z
240
14
450
13
381
6
36
1
119
4
362
6
72
4
268
17
437
3
354
16
440
2
223
10
326
5
167
1
374
6
O
200
10
316
17
245
16
25
16
44
20
490
13
142
0
81
3
380
7
421
4
64
19
Q
280
11
460
1
200
0
114
8
62
9
41
25
158
6
83
17
471
1
337
1
165
16
61
3
N
280
16
104
14
290
16
393
16
447
4
229
7
453
9
334
7
247
1
185
12
409
5
42
0
30
0
433
1
68
9
181
0
150
2
C
140
13
285
4
261
2
410
3
214
2
111
5
442
3
434
9
192
1
444
2
77
2
256
9
78
5
289
10
V
160
14
495
8
429
7
87
4
218
0
205
4
319
5
197
10
360
0
54
5
386
6
488
4
251
2
473
4
179
6
D
180
3
364
12
246
13
133
36
J
100
11
5
0
376
8
423
2
349
5
445
7
299
8
335
3
388
7
135
1
371
0
60
7
H
260
4
383
60
141
47
155
20
156
53
L
340
4
449
53
315
60
318
30
322
29
R
200
4
458
4
231
22
175
43
435
44
S
100
9
84
2
474
1
233
5
355
3
340
6
236
9
310
10
132
8
92
11
W
340
15
109
4
71
2
418
22
419
21
358
8
351
21
126
11
194
8
46
19
467
12
348
18
187
12
323
18
498
15
303
16
I
160
16
144
0
262
0
122
8
105
7
272
5
50
6
483
2
47
2
267
10
451
8
420
8
257
10
475
10
403
3
9
7
368
0
U
100
15
352
4
48
0
405
5
232
3
55
3
469
2
88
4
426
3
82
5
15
1
341
6
275
6
385
2
160
5
74
6
B
240
18
417
11
137
0
397
11
182
8
304
11
164
5
452
4
487
9
240
13
157
12
496
2
228
6
224
5
392
10
180
5
107
12
248
9
201
0
A
220
11
480
11
170
15
343
2
281
9
294
10
38
5
296
2
112
16
446
19
342
0
171
6
K
260
15
259
4
430
17
353
9
226
5
384
10
279
0
136
12
213
7
270
3
210
8
484
8
127
5
263
12
204
6
350
13
P
W
