6
9
J
340
4
109
71
161
73
438
18
181
75
L
240
17
158
6
26
3
31
6
439
10
365
3
467
14
404
3
215
2
324
3
498
14
472
12
110
12
98
12
38
8
143
3
370
7
291
13
B
220
11
13
19
174
4
184
19
430
4
408
9
269
16
385
18
318
19
444
17
39
16
348
9
C
240
19
464
2
428
9
139
11
491
0
362
4
122
9
241
12
213
4
420
6
244
8
86
9
225
4
218
8
191
12
481
7
343
11
421
8
231
1
64
8
R
140
13
73
3
493
5
2
9
18
3
360
7
409
5
495
8
125
7
479
5
379
10
275
4
333
9
452
3
P
180
4
383
9
264
41
146
34
173
18
I
160
3
342
36
474
2
47
11
X
300
16
59
3
337
15
411
1
293
4
303
13
459
15
280
4
163
16
94
3
168
10
389
3
221
1
402
5
267
13
17
1
406
16
H
300
18
235
15
295
1
378
16
359
4
307
10
273
2
170
4
162
5
115
8
363
6
250
10
317
4
416
15
79
2
199
15
121
4
339
2
43
2
C
I
