6
18
B
100
12
448
0
106
4
43
3
452
4
52
7
180
8
365
8
464
4
435
6
330
7
378
0
41
5
P
100
14
401
0
383
3
343
2
162
1
149
5
26
0
456
3
136
6
474
0
370
3
42
1
249
0
44
3
307
3
A
320
7
374
18
447
12
279
2
20
4
167
5
334
23
109
11
N
280
14
226
20
465
15
251
12
339
0
137
15
104
9
54
12
390
11
23
0
389
16
498
4
418
4
113
2
283
1
M
280
15
241
7
265
17
105
9
164
11
387
6
421
11
34
0
186
0
178
14
225
14
166
7
53
11
219
7
478
0
445
16
H
320
11
87
24
40
3
253
23
455
10
228
13
129
26
290
4
412
25
308
21
84
9
427
11
G
100
6
395
6
116
4
275
12
7
0
321
0
489
14
C
340
17
12
8
481
12
316
11
89
9
394
6
353
9
39
1
121
5
189
6
352
9
404
18
494
12
224
12
218
11
165
3
91
8
47
14
Z
240
14
482
7
172
12
181
4
10
6
495
7
277
5
196
8
410
4
138
3
313
11
139
0
122
7
386
3
173
13
O
220
7
102
30
337
29
285
1
107
2
234
24
360
9
406
28
I
180
16
18
0
201
2
278
8
358
3
351
2
4
6
223
0
468
8
431
3
350
3
123
5
438
9
154
0
217
8
35
0
83
8
L
100
4
415
19
469
7
13
6
314
23
D
120
9
346
7
286
3
82
6
65
9
499
1
287
9
461
5
344
10
266
9
Y
100
7
303
0
38
14
86
8
46
3
380
9
242
2
78
13
T
240
14
108
6
163
4
477
17
75
12
24
9
222
7
135
17
117
14
57
0
376
13
255
11
372
6
388
7
187
12
V
280
6
239
42
190
5
281
28
407
43
92
27
63
16
K
140
14
403
10
268
8
420
5
243
0
49
8
69
1
130
1
419
4
229
6
488
0
27
10
327
3
95
6
143
4
Q
180
16
282
5
133
5
451
0
323
8
64
1
320
5
51
10
2
8
152
4
493
7
354
0
68
4
58
6
203
4
486
10
151
10
D
Z
