6
22
N
120
12
219
7
36
4
490
2
445
1
23
7
211
0
275
2
24
0
0
3
418
8
332
8
482
1
O
140
5
356
8
87
14
398
1
369
14
136
21
S
180
7
412
24
424
21
386
22
479
12
122
4
286
4
380
4
F
200
4
347
20
308
14
481
33
344
3
J
100
6
237
13
420
3
319
6
155
2
430
1
235
13
X
200
14
483
1
104
8
120
7
353
0
310
12
494
11
10
5
493
9
71
2
434
8
143
3
44
10
105
3
389
9
E
280
19
151
6
432
7
261
11
336
4
5
11
74
5
328
3
459
14
270
1
274
13
12
5
498
2
260
6
99
5
471
10
142
8
3
10
112
11
221
4
Z
140
15
60
5
338
5
339
1
186
7
262
2
364
9
128
0
299
0
333
3
132
2
126
4
63
9
205
0
306
4
456
5
A
220
17
78
12
313
9
157
5
86
12
368
11
113
7
187
11
201
1
290
3
48
5
83
3
65
5
222
12
480
12
337
10
411
12
458
8
Q
160
9
358
16
7
17
1
2
419
11
98
2
470
5
280
12
11
11
388
11
H
160
17
376
7
426
8
27
2
416
6
94
4
73
9
325
5
72
7
6
1
199
0
39
3
38
6
158
4
461
3
239
1
427
7
140
0
I
320
9
194
31
193
32
404
5
93
34
351
18
384
25
203
23
374
21
228
1
C
240
11
204
15
425
19
114
6
161
9
67
17
341
12
453
2
305
10
292
3
279
7
147
5
K
380
3
181
69
110
70
85
76
M
260
7
391
12
217
1
233
26
349
7
59
36
294
22
257
21
R
160
13
159
2
236
7
285
10
271
5
312
8
433
6
90
10
451
12
396
12
395
8
247
9
283
8
97
5
U
160
18
408
2
121
7
77
5
177
4
49
7
69
1
107
5
17
3
45
1
34
8
123
7
229
3
464
8
230
4
399
0
417
6
32
5
102
6
V
320
13
372
21
265
13
410
17
439
4
484
20
184
6
66
15
33
3
281
23
56
16
431
0
423
21
314
21
Y
220
7
277
7
444
20
296
27
441
19
322
21
40
31
138
21
L
300
5
450
36
448
6
171
15
329
12
469
48
W
280
14
457
7
35
2
165
18
251
10
474
19
254
15
170
7
442
18
100
2
365
7
64
11
248
17
178
16
234
19
G
320
13
455
23
134
14
366
12
377
19
463
1
95
9
202
16
264
2
153
13
304
15
169
8
79
23
256
10
L
V
