6
14
H
340
17
488
9
258
16
289
2
115
8
276
15
158
19
334
13
446
9
422
19
314
15
257
16
227
1
262
14
435
16
49
9
72
20
146
17
R
140
15
350
8
339
1
239
9
420
5
341
8
150
6
467
8
308
6
421
7
271
0
465
8
479
9
60
1
303
1
256
0
E
380
19
496
0
343
8
445
13
230
6
431
7
254
15
485
8
24
13
263
13
65
7
291
19
32
18
132
7
194
9
349
3
377
9
492
12
10
13
203
9
W
380
11
295
4
186
33
51
3
281
33
26
0
135
8
9
3
127
28
432
26
56
14
138
2
N
360
18
133
11
484
6
126
9
82
9
436
3
78
4
466
12
238
17
79
16
483
16
331
11
447
11
342
10
393
8
99
2
371
18
36
6
139
17
S
280
10
104
20
481
11
300
9
490
11
345
12
70
24
285
0
175
10
147
20
21
4
K
220
4
153
36
159
2
427
51
53
8
F
200
4
401
13
332
21
123
12
191
14
U
320
9
88
21
137
22
414
25
164
18
282
25
37
5
234
8
136
21
225
20
B
300
15
199
14
235
4
192
12
149
3
213
4
103
16
333
15
398
5
161
12
182
18
259
9
326
18
102
16
145
18
430
0
J
200
14
219
11
90
7
71
0
304
8
195
8
93
8
156
13
321
5
376
12
246
12
252
4
405
7
374
12
452
13
Y
160
19
75
2
15
7
0
3
77
5
266
1
148
0
359
6
45
3
2
6
52
7
152
6
491
4
469
4
260
7
25
7
180
8
287
6
309
1
179
4
X
140
7
1
13
499
18
448
18
160
20
329
17
390
13
324
7
C
320
10
253
9
328
13
360
31
208
13
413
21
386
32
177
24
129
9
249
16
61
16
Y
K
