6
23
W
200
16
451
5
113
10
458
9
326
5
293
10
442
4
343
12
468
12
311
5
186
7
246
10
494
12
409
3
199
1
150
1
297
6
D
120
5
168
13
9
2
22
21
234
7
472
9
Z
240
7
390
19
101
26
64
17
210
11
276
6
1
31
173
11
E
340
5
104
40
97
62
321
33
410
59
461
48
B
380
8
406
33
102
31
215
44
195
43
317
46
327
42
197
16
280
47
I
360
12
376
28
436
27
19
19
141
22
155
17
49
26
132
18
422
30
67
28
445
15
387
23
34
29
Q
240
4
134
60
257
23
201
27
214
43
K
200
12
204
15
452
13
439
11
394
10
435
15
126
15
273
6
68
1
219
1
110
10
94
15
462
3
M
320
18
12
17
323
2
208
16
346
16
408
11
473
4
495
8
146
4
265
5
115
2
386
8
172
6
360
13
315
7
144
14
351
9
47
17
370
17
N
360
12
432
20
138
14
389
20
270
22
202
22
375
5
254
25
174
30
91
7
348
25
281
30
240
9
F
320
3
480
100
203
35
162
15
U
260
11
156
3
183
4
4
12
100
22
5
4
17
3
127
0
429
7
218
15
368
19
93
2
X
100
10
15
3
286
7
82
0
358
5
76
10
92
8
217
4
169
9
59
8
493
1
C
180
16
306
6
454
8
292
5
154
11
391
0
415
5
147
1
229
2
356
9
245
2
57
0
26
5
479
5
211
0
231
4
108
5
Y
260
18
482
5
288
12
121
11
227
14
373
12
13
7
50
14
44
2
119
7
0
6
353
14
136
13
220
12
129
1
130
11
339
1
367
11
295
1
J
160
5
55
0
300
3
478
30
20
30
216
2
R
200
5
70
39
330
37
371
16
332
24
459
3
V
240
17
242
0
114
0
124
4
118
6
388
7
157
9
364
12
499
2
54
7
269
2
496
13
329
13
413
0
125
9
418
2
65
12
378
3
H
260
11
448
14
416
5
178
14
87
16
424
8
331
19
142
3
111
2
56
18
81
0
52
8
S
300
19
228
11
284
6
247
9
308
2
232
11
207
12
21
4
481
9
221
15
137
1
344
5
261
6
347
15
18
0
349
15
7
5
255
11
45
6
98
3
P
360
3
423
12
324
77
366
89
O
380
16
145
14
392
18
159
1
362
19
190
14
278
20
29
21
407
21
279
13
456
22
395
23
42
18
106
0
318
7
62
19
466
15
T
220
17
444
1
161
2
333
3
123
0
258
4
259
7
490
9
365
5
176
11
433
9
198
0
299
0
41
4
414
12
83
5
112
7
277
6
S
U
