6
19
B
240
11
11
10
305
14
39
3
16
10
43
0
318
6
463
6
151
8
64
0
136
13
447
5
S
320
6
81
29
0
28
321
16
297
31
364
9
284
13
H
340
12
92
14
57
0
279
19
457
14
400
13
388
14
184
25
354
1
41
1
77
3
282
28
252
18
T
280
15
166
10
87
14
210
2
309
14
291
13
459
4
37
3
195
17
496
13
110
15
407
12
172
1
120
9
425
9
387
14
J
380
5
206
72
114
38
410
6
234
37
324
58
O
160
9
479
1
35
13
180
10
171
14
213
7
405
16
73
6
149
1
221
12
E
200
14
347
0
237
5
371
2
283
4
108
13
466
13
95
13
55
3
223
1
360
7
301
2
380
12
188
0
216
13
Z
320
7
353
31
313
0
352
4
254
20
133
24
146
38
94
44
X
360
8
437
26
5
14
312
25
390
35
124
9
185
9
473
18
62
24
D
320
17
280
4
181
5
428
5
192
11
454
8
173
18
399
10
326
10
329
6
231
10
69
11
292
11
281
10
187
3
467
2
340
18
127
13
L
200
6
145
31
464
13
478
9
494
14
100
8
286
6
M
260
9
403
21
63
24
121
27
168
19
386
1
112
24
45
13
325
27
169
19
N
360
16
319
14
433
5
78
17
243
8
162
20
446
2
445
14
42
15
218
17
240
0
189
4
201
22
493
6
265
21
193
8
414
14
U
180
6
480
3
194
20
222
9
116
4
65
15
109
13
P
160
5
20
21
348
0
148
5
54
4
203
4
K
200
9
96
11
198
17
113
20
98
7
56
11
499
22
435
13
23
14
271
15
R
200
18
82
0
58
6
397
9
66
11
3
2
420
2
491
0
29
4
328
7
330
0
487
11
492
6
310
1
125
10
60
3
91
6
68
1
276
4
G
220
12
59
18
4
7
159
16
490
18
2
17
434
16
27
7
202
3
51
8
220
1
212
2
346
3
W
100
6
85
9
383
8
370
12
332
2
359
8
268
6
R
P
