6
18
C
220
16
474
0
221
11
112
8
197
5
138
10
371
11
456
10
305
9
77
13
64
13
223
7
298
10
243
0
3
11
180
3
484
13
E
180
5
76
4
414
20
492
5
445
19
97
30
I
220
3
300
16
16
28
65
41
P
380
12
393
7
207
22
309
8
283
12
209
18
363
21
438
18
122
28
465
26
173
7
154
3
133
0
W
100
3
158
10
284
10
478
6
Z
220
4
109
39
254
19
121
30
302
44
R
120
8
218
14
0
3
289
3
398
6
355
11
47
7
276
3
432
1
G
320
6
251
39
311
22
56
40
461
35
213
14
175
15
Y
380
16
118
10
152
2
103
17
179
13
131
3
332
10
493
10
399
16
486
23
342
3
335
17
373
18
132
6
424
13
330
22
320
14
L
320
16
108
7
323
5
201
11
216
13
416
5
376
0
48
14
442
7
6
0
239
19
489
18
406
1
83
9
113
8
264
1
275
14
X
380
14
368
16
142
17
37
11
450
2
294
25
214
13
93
27
164
26
272
5
165
24
234
23
196
11
192
4
15
15
O
140
14
265
3
17
2
443
8
347
2
51
0
274
4
333
10
382
0
468
9
22
7
72
10
12
10
107
1
452
4
B
260
12
32
0
404
14
448
4
230
3
471
13
403
20
11
20
400
5
455
3
86
19
467
10
39
4
V
180
5
457
32
344
21
352
17
27
32
483
17
A
340
16
435
7
94
7
69
18
240
19
361
13
157
0
466
7
351
21
28
17
306
12
405
4
464
17
4
16
236
21
295
17
388
20
K
220
3
2
73
232
18
389
42
Q
360
4
475
88
190
2
408
9
394
57
M
160
10
378
5
377
12
95
5
71
10
222
11
68
0
126
13
252
15
338
14
288
8
Y
C
