6
9
P
160
16
70
8
375
4
256
0
302
5
360
1
236
8
378
6
235
2
178
5
435
10
471
9
191
10
208
5
450
3
13
8
161
9
J
340
15
401
22
247
9
486
4
213
17
114
11
205
2
408
15
394
16
155
14
297
22
237
10
71
11
421
14
341
0
176
21
I
260
16
284
12
35
12
210
10
19
11
229
4
55
8
255
3
342
8
463
14
322
12
347
5
192
16
444
11
203
16
49
9
92
13
A
180
9
391
8
445
13
102
18
182
2
172
3
440
2
376
20
47
6
315
1
L
140
17
352
4
326
0
287
6
439
2
301
8
434
6
334
1
144
8
108
8
187
8
452
3
95
3
293
8
165
5
26
5
227
8
241
8
Y
140
13
335
10
412
2
273
5
260
10
125
9
21
5
264
1
242
9
99
2
115
2
497
5
111
0
206
0
Q
240
12
331
8
300
10
167
20
194
5
489
2
98
1
399
1
82
20
219
8
353
8
279
12
199
3
C
360
16
119
0
61
0
57
13
288
8
65
9
397
4
151
0
318
12
475
13
267
15
88
4
320
6
214
9
365
18
495
17
224
3
N
180
6
404
27
490
2
250
27
346
25
339
14
481
21
A
P
