6
15
E
320
5
195
37
309
37
435
29
416
25
233
9
V
320
3
311
57
373
84
384
87
M
300
16
308
14
249
7
69
13
62
9
405
3
374
7
206
1
346
15
27
0
227
7
231
16
75
1
127
16
408
0
305
9
43
9
P
260
9
132
6
425
16
432
23
427
6
412
16
344
24
203
9
280
13
409
5
N
300
3
41
18
135
81
253
64
U
160
12
245
6
303
8
236
5
377
13
4
0
219
10
56
11
42
12
418
8
78
13
93
9
322
4
I
280
4
251
50
3
34
88
11
447
51
T
380
7
48
48
347
30
493
42
312
26
270
43
28
11
434
25
G
100
9
31
7
198
1
481
11
330
10
156
3
53
7
464
9
238
6
239
1
C
360
10
144
6
95
6
368
6
274
3
12
19
496
8
355
9
194
3
393
18
294
0
F
260
10
86
11
467
11
185
22
55
24
256
15
470
10
66
0
212
22
154
4
471
10
R
380
4
287
16
112
51
57
74
428
56
B
340
17
354
13
24
12
477
13
494
10
333
5
332
8
492
10
469
18
116
11
315
20
449
12
288
8
399
2
461
4
421
20
133
19
356
16
W
200
15
137
9
221
3
158
13
105
0
283
2
335
9
159
0
91
6
338
2
457
10
433
10
188
2
380
5
275
2
173
2
S
140
9
215
2
340
10
351
5
474
1
202
2
192
4
124
15
126
9
147
13
E
S
