6
23
K
180
15
57
4
46
1
62
6
149
8
159
11
306
11
6
3
231
10
325
0
380
2
54
2
273
7
103
8
91
11
228
0
J
180
6
467
18
132
18
20
23
304
0
393
18
102
22
M
100
18
457
3
148
2
448
4
379
2
294
5
264
0
193
1
301
4
450
5
30
3
117
0
492
1
127
1
12
0
332
5
414
4
460
2
90
2
C
180
13
167
9
495
12
246
1
70
3
272
5
213
7
56
10
124
3
470
2
129
1
474
2
113
1
251
4
E
220
8
327
1
86
5
286
0
232
4
242
11
98
7
344
27
253
13
A
160
8
215
9
366
16
471
8
400
1
183
10
430
9
293
6
438
3
P
100
5
150
1
256
9
49
7
195
8
94
8
D
340
19
412
13
476
2
496
12
296
12
66
13
36
8
169
11
247
11
465
6
182
15
74
11
358
8
151
6
305
2
357
12
319
11
420
10
291
1
337
1
Z
280
5
101
30
466
42
200
12
370
47
28
0
B
300
11
60
7
493
11
342
4
376
21
451
11
280
10
95
23
423
19
317
18
207
26
447
13
Q
120
11
424
6
398
2
459
1
486
5
59
6
160
9
45
2
415
9
437
5
51
5
77
2
L
200
3
138
12
245
41
311
65
T
360
12
394
0
389
23
135
2
257
5
55
24
22
30
477
8
196
11
302
16
478
13
115
21
278
24
G
300
11
165
8
321
16
128
22
479
6
497
23
324
11
432
20
456
23
237
4
362
11
288
20
N
260
18
223
11
144
13
334
2
401
3
436
10
217
13
449
10
131
13
118
7
190
10
47
0
75
6
0
8
168
6
354
14
120
12
154
11
248
6
F
380
15
58
16
282
6
87
20
25
3
121
1
152
4
145
18
440
15
297
0
41
14
308
8
338
9
313
20
174
15
107
16
S
160
15
191
3
453
9
314
9
147
7
483
4
31
5
391
9
16
7
263
1
349
1
82
5
274
4
206
7
315
10
328
3
O
180
5
413
33
409
36
27
31
472
7
299
12
Y
380
10
411
23
298
11
225
10
11
6
250
25
172
20
110
28
268
10
50
14
39
38
H
200
15
320
2
481
5
364
13
381
9
262
11
181
2
24
12
292
2
185
3
359
1
220
5
348
1
244
6
386
9
339
6
R
200
9
76
2
388
19
361
21
270
6
35
1
482
13
309
11
23
10
92
21
I
100
9
161
0
71
0
48
7
230
2
204
10
85
10
347
11
40
1
201
8
V
120
6
67
20
371
10
428
8
350
1
444
10
210
9
E
Q
