6
16
N
180
7
56
18
211
9
400
15
65
13
335
25
103
9
153
8
R
120
3
210
14
432
9
130
29
B
380
12
87
16
355
9
425
14
111
0
288
6
255
11
385
3
95
19
434
5
85
13
362
30
347
9
Z
260
6
42
16
98
15
494
2
272
42
399
15
386
9
Y
160
3
64
19
367
43
71
8
M
360
7
411
36
406
44
195
34
318
11
256
31
376
42
361
7
Q
300
13
442
16
86
1
137
3
310
4
225
0
258
2
5
17
173
7
390
2
423
12
189
22
326
7
227
15
I
120
18
344
3
300
1
233
1
441
5
252
3
280
0
201
0
52
0
336
0
320
0
47
4
155
5
117
1
166
2
206
3
170
2
75
6
438
5
D
280
17
394
9
10
8
102
3
415
5
104
8
439
3
490
3
485
11
270
1
333
5
125
0
180
12
20
7
164
12
499
4
430
3
51
16
W
320
18
82
14
76
8
248
17
45
9
395
17
124
8
221
5
49
10
370
7
408
13
274
8
410
3
467
0
436
7
78
14
260
5
364
3
205
15
K
380
9
365
27
387
40
378
18
177
8
200
22
375
12
366
28
7
7
245
18
J
280
11
298
25
218
5
185
11
491
18
405
13
178
10
457
3
346
17
13
4
271
18
107
14
O
380
3
356
39
315
105
197
14
G
200
8
21
2
152
19
422
21
212
21
236
24
187
25
154
25
292
7
A
300
4
174
24
403
37
250
49
191
56
H
360
11
398
18
488
3
216
22
363
20
265
2
452
24
289
16
338
12
35
13
393
30
148
7
H
W
