6
19
R
320
4
423
34
253
44
278
40
231
54
M
140
6
499
2
184
15
173
18
285
15
74
3
308
1
N
160
14
494
10
220
10
312
11
28
10
81
4
224
3
344
3
171
9
273
8
269
9
247
10
272
8
131
5
372
10
S
240
8
18
9
60
1
321
19
225
24
181
2
169
12
33
15
52
14
V
160
11
16
3
143
8
148
0
324
0
123
3
97
0
436
1
176
7
13
12
46
1
206
9
W
200
3
347
41
440
45
335
61
H
360
4
368
7
22
54
215
72
389
5
O
240
13
199
6
357
10
401
2
405
4
325
5
330
2
432
12
192
5
353
7
451
7
334
17
210
8
146
10
G
260
19
318
1
17
1
212
6
232
6
107
9
486
12
92
3
306
13
159
12
102
10
54
4
434
10
468
10
369
10
378
13
274
8
477
8
498
6
351
7
A
380
7
103
35
11
40
295
40
411
37
170
43
316
23
161
1
Z
120
19
250
5
58
3
24
2
387
0
350
0
297
1
115
0
217
6
118
1
496
3
150
6
427
6
419
3
370
5
458
4
450
0
408
1
491
3
29
0
L
300
10
200
13
182
14
473
3
392
16
465
29
263
1
376
10
277
8
187
1
294
19
E
300
3
259
98
8
100
238
78
F
200
17
128
4
165
6
4
4
109
1
377
8
333
2
177
7
163
5
255
4
203
10
262
8
449
6
19
8
36
0
56
0
426
4
413
4
K
240
4
337
46
398
18
457
22
435
35
I
320
3
489
101
303
57
43
92
C
160
10
425
14
386
6
104
12
437
1
114
1
428
8
129
4
241
16
149
9
352
9
Y
200
6
207
8
322
14
91
22
2
19
240
23
358
18
D
160
3
375
18
145
25
142
27
K
I
