6
23
C
300
13
255
4
207
8
92
13
130
11
20
1
206
10
235
5
153
0
429
17
490
3
402
22
230
2
386
10
S
200
12
477
12
365
0
69
1
445
2
151
1
317
8
391
3
177
16
341
16
123
5
325
4
327
4
U
200
11
300
11
467
17
356
18
299
7
318
17
340
10
181
11
329
8
240
17
180
10
427
7
A
300
16
262
7
471
17
331
4
359
11
395
9
323
9
221
16
35
10
335
11
420
4
409
11
270
16
476
11
388
14
103
18
385
12
Y
100
11
312
7
100
6
392
9
0
6
12
3
295
6
95
1
339
4
173
9
492
7
268
8
J
200
19
447
1
170
7
187
10
232
8
354
5
178
3
205
6
362
0
487
1
162
1
30
2
50
5
126
0
322
1
346
10
494
4
220
6
247
3
236
7
F
300
14
2
18
157
1
64
2
145
16
326
0
368
6
213
10
423
11
389
21
77
20
244
18
89
11
201
21
479
10
T
280
17
380
1
393
4
115
15
484
16
171
11
192
12
143
7
491
15
211
14
282
12
290
6
485
13
455
8
292
8
316
16
353
16
149
4
M
340
15
182
17
86
13
3
18
352
14
474
18
401
10
41
6
349
19
167
15
9
16
19
5
489
6
72
11
44
2
497
0
O
120
10
435
0
452
9
54
4
65
0
229
2
272
8
137
0
184
9
105
5
245
2
I
300
19
52
13
108
15
136
9
219
8
49
2
154
0
4
11
168
4
399
6
27
10
164
10
31
13
266
5
131
13
475
7
76
11
239
10
140
5
379
3
N
320
15
113
8
397
7
71
16
293
17
414
11
209
2
188
3
163
19
101
9
350
5
382
6
118
11
158
3
302
20
253
18
V
180
4
360
15
488
16
109
23
367
35
E
360
3
378
14
62
32
237
116
R
200
7
364
1
337
17
434
28
473
7
28
2
225
5
411
15
H
220
5
88
42
499
29
129
1
214
17
93
42
W
100
11
36
7
347
9
58
4
150
0
141
4
117
4
26
3
457
6
144
7
260
9
261
8
L
360
19
324
9
198
7
256
5
193
8
278
2
334
11
287
9
305
2
134
13
383
7
47
16
120
16
466
5
486
8
97
6
274
8
483
2
73
13
29
10
X
140
4
280
21
13
17
252
27
37
33
Z
220
6
459
22
448
6
169
14
257
1
132
31
139
24
G
220
18
56
5
307
0
74
2
377
4
6
8
63
11
228
11
343
9
461
9
384
3
289
9
231
3
210
5
412
4
366
1
348
11
421
10
10
0
D
300
6
112
16
199
20
406
11
176
14
446
35
304
44
K
100
9
449
4
249
6
38
11
15
4
283
5
273
7
186
5
407
5
286
6
Z
O
