6
23
J
380
10
412
21
345
32
338
27
166
4
84
13
119
12
433
15
143
14
113
10
368
30
M
300
14
32
19
469
7
58
13
141
0
67
13
53
11
3
1
373
2
268
0
164
13
217
8
262
9
23
1
13
9
T
280
14
1
9
418
12
273
3
498
13
316
16
97
10
302
8
88
12
124
17
219
20
290
3
322
14
490
18
211
18
C
280
8
385
25
244
18
233
28
60
31
148
19
93
15
155
6
406
17
I
340
9
306
3
420
32
481
18
264
8
223
19
452
32
246
9
278
7
216
24
A
120
15
34
7
321
8
459
8
423
7
145
3
227
5
207
7
170
0
344
0
242
2
210
1
220
7
96
0
57
8
218
5
H
120
19
257
0
314
2
424
4
65
3
397
5
276
4
361
0
159
6
381
6
404
5
140
5
10
0
163
6
172
6
188
0
251
3
274
3
372
0
351
3
X
160
15
352
5
54
1
486
10
81
6
400
1
36
4
204
9
133
4
439
9
271
8
392
7
407
1
413
3
366
8
342
9
K
380
6
100
45
489
14
231
48
450
29
147
30
441
55
B
120
11
359
1
363
1
144
0
202
4
341
7
108
9
329
4
74
5
294
9
425
7
45
6
Z
280
10
135
28
158
18
252
14
156
27
109
24
327
11
161
13
66
1
347
11
83
18
W
220
5
440
24
462
32
68
29
328
0
493
5
Q
260
9
43
11
443
26
197
16
255
9
130
17
286
18
429
7
80
22
377
5
Y
240
16
430
1
226
15
20
1
249
8
473
14
205
9
39
11
421
6
129
3
177
5
453
1
63
15
102
1
200
3
260
6
30
12
S
360
3
422
15
269
29
213
2
P
200
9
194
6
162
5
69
21
104
0
419
10
114
5
310
17
103
10
478
13
U
200
17
154
4
192
7
442
1
206
3
333
2
305
2
253
1
279
4
477
6
126
3
309
11
198
7
56
10
283
5
485
7
370
2
196
0
D
380
4
229
33
315
47
275
75
151
59
F
220
5
22
37
365
21
5
24
285
1
482
44
O
200
16
21
0
62
10
142
4
12
2
298
5
340
2
480
12
2
9
4
11
265
7
136
12
228
10
457
8
118
1
247
12
258
1
R
240
5
47
34
382
25
15
10
78
13
438
12
N
180
16
92
3
474
10
165
0
307
0
411
10
358
8
160
1
367
9
44
11
464
9
169
0
193
5
374
5
208
3
437
6
152
0
L
220
3
259
29
396
48
379
36
U
J
