6
20
G
340
13
418
7
315
20
121
9
157
6
171
11
310
10
200
12
390
12
104
15
445
8
301
17
82
26
263
24
C
100
15
88
2
75
3
99
3
458
2
176
2
441
2
0
5
493
0
467
2
190
2
320
1
345
0
294
6
153
2
324
0
K
340
13
398
2
202
20
314
21
199
10
437
2
120
24
38
17
435
4
183
0
205
2
431
16
227
4
165
26
Z
380
11
58
33
358
15
475
8
297
27
271
24
34
29
149
28
452
30
373
23
457
19
243
10
E
280
4
159
69
15
13
419
8
188
60
D
180
10
113
7
281
12
208
18
304
5
31
15
225
16
214
6
19
6
382
14
211
7
V
120
6
230
0
122
3
276
7
424
20
140
2
222
16
X
280
4
374
28
307
50
28
64
87
33
L
320
3
346
80
3
50
235
99
Y
220
8
172
21
412
5
253
8
378
10
91
4
361
25
487
0
306
15
Q
180
12
449
13
240
9
241
11
481
12
1
1
56
11
371
7
336
9
145
11
89
8
278
10
62
11
F
140
17
112
2
353
5
490
6
262
7
141
0
461
4
317
4
478
3
181
3
416
7
212
1
268
2
286
7
201
7
168
3
132
3
357
3
I
100
5
354
14
116
12
10
19
428
11
283
3
O
360
7
40
2
257
11
311
36
32
46
495
9
328
30
422
15
S
340
16
152
19
409
18
17
12
420
0
287
10
410
9
36
7
203
12
386
2
9
15
54
18
46
3
210
17
477
18
260
21
429
19
W
120
5
16
12
209
22
453
24
362
20
192
4
A
320
10
137
18
411
23
218
4
14
18
195
1
22
16
86
22
388
11
352
4
360
9
U
340
15
102
8
462
17
106
1
343
2
351
2
78
2
404
1
464
8
160
8
204
17
207
21
265
17
29
4
365
0
334
17
H
220
13
372
1
213
13
215
12
53
3
233
2
308
15
285
11
164
12
322
6
250
13
47
11
391
6
108
13
R
360
5
323
33
280
50
23
5
421
18
5
2
A
E
