6
12
P
360
11
426
9
145
22
97
14
13
22
342
9
358
26
383
13
49
8
444
14
127
9
316
29
E
340
12
176
11
99
21
491
21
69
26
46
1
433
24
490
10
117
10
472
21
41
13
416
6
93
19
I
120
14
50
3
381
1
25
7
452
5
151
1
191
0
115
5
414
5
48
4
12
8
301
7
19
5
35
4
451
4
V
240
10
481
1
436
1
0
8
272
10
101
13
260
2
194
13
331
15
228
5
283
8
X
160
18
486
0
469
3
375
0
321
7
285
4
34
2
371
7
109
8
129
3
15
6
418
0
95
4
374
3
76
1
344
7
409
8
403
0
423
0
F
260
11
136
15
264
16
261
17
98
15
499
11
315
17
326
19
62
0
110
4
20
12
419
13
J
340
17
406
15
210
1
412
14
404
19
180
16
102
5
73
6
163
12
173
18
235
6
432
6
437
2
132
1
455
5
162
19
329
15
236
13
D
120
9
77
8
318
13
238
11
1
10
422
7
57
4
353
12
200
7
122
6
Y
180
7
212
20
259
24
119
21
497
20
266
13
189
12
492
16
M
160
16
458
2
113
8
441
1
40
10
424
1
339
1
85
0
471
7
345
7
65
8
292
0
302
7
182
10
347
3
71
9
8
10
Q
200
10
475
9
405
17
211
4
257
4
45
4
24
9
479
4
408
19
337
5
478
7
W
280
11
224
7
174
7
120
12
124
9
442
17
287
21
10
13
130
5
363
25
229
4
359
25
D
F
