6
19
V
220
9
348
19
444
13
124
13
308
1
108
5
454
15
416
12
132
17
417
5
J
260
11
174
8
393
17
311
5
423
16
153
8
391
23
356
23
45
15
42
11
442
14
369
6
W
340
4
319
63
256
58
8
23
130
40
F
140
17
1
0
403
8
485
0
385
3
210
6
50
5
267
2
183
4
49
6
190
3
450
0
213
2
428
6
0
0
239
4
373
8
283
1
E
380
9
181
26
358
11
151
25
483
6
397
27
273
29
113
36
76
25
119
23
D
180
10
20
9
461
12
196
15
160
13
435
7
64
1
260
12
396
11
59
7
284
3
O
140
5
329
1
18
27
476
6
167
3
475
9
H
360
10
241
1
272
30
297
0
328
35
81
2
279
16
225
16
238
15
480
35
83
14
Z
160
14
492
8
44
10
109
5
264
11
192
2
188
9
207
3
30
10
350
10
65
5
429
4
86
0
61
4
236
9
R
100
10
12
3
21
3
144
10
494
3
28
10
438
5
67
4
116
2
68
3
351
1
L
260
8
491
5
221
14
405
30
372
2
228
17
62
14
247
12
341
26
X
340
7
317
12
296
38
422
35
6
19
149
9
158
40
409
45
N
360
4
276
11
102
9
169
35
14
10
C
120
17
2
2
395
3
490
7
270
4
324
0
53
2
495
5
361
6
467
6
66
1
141
0
377
3
4
6
478
2
249
7
85
2
231
3
T
140
13
93
7
488
10
299
2
347
9
84
6
122
9
246
6
445
4
164
7
70
1
191
9
35
3
310
2
Q
120
19
31
3
419
1
198
6
106
2
29
3
215
1
418
2
214
3
125
2
173
1
370
6
389
1
57
4
493
4
176
1
219
3
89
2
41
5
381
5
I
240
9
376
12
266
14
38
19
240
19
298
3
374
14
439
3
58
19
112
6
S
220
9
69
23
115
7
334
21
208
13
335
10
484
5
261
2
366
10
114
18
B
100
18
268
0
197
5
234
0
368
4
300
2
443
4
222
1
155
4
90
4
230
0
91
5
426
3
352
2
229
0
51
2
412
5
411
3
75
0
O
I
