6
21
Q
100
4
278
13
381
19
491
20
141
15
B
220
8
85
19
287
25
344
12
276
8
433
5
19
21
269
10
156
9
J
360
6
339
30
371
6
429
44
325
31
382
45
64
23
P
220
14
110
3
39
11
284
6
157
6
20
9
470
13
465
6
359
6
82
1
68
1
103
11
316
14
466
4
213
14
Y
260
10
235
7
173
7
246
10
356
2
494
14
216
1
379
8
273
5
477
4
447
0
E
380
14
207
0
228
19
302
2
197
7
446
4
368
27
259
8
255
27
427
2
390
8
159
14
334
16
154
16
364
19
D
340
12
354
14
190
9
178
17
349
27
101
10
336
13
124
4
67
1
122
23
498
17
7
14
478
16
C
360
8
487
21
328
22
97
7
407
12
113
31
171
27
59
39
293
13
U
280
14
394
16
289
19
108
18
388
14
242
4
240
8
120
3
185
15
335
7
31
2
132
18
183
0
24
11
147
14
G
260
9
92
17
492
10
51
28
337
7
182
5
65
2
239
11
47
18
403
25
F
140
3
352
30
362
5
264
31
S
280
11
315
5
12
7
490
7
63
4
199
23
372
13
281
23
411
0
307
3
150
21
290
2
T
280
13
231
12
202
9
121
12
391
1
463
20
373
5
251
0
378
7
155
16
232
3
257
3
144
1
363
4
O
200
19
225
10
166
4
282
5
106
5
219
10
200
6
16
3
261
5
404
1
346
2
195
0
479
6
303
2
480
4
434
4
72
5
210
10
1
6
414
4
K
200
11
329
6
6
10
365
18
52
5
488
12
167
18
350
14
25
18
78
6
4
3
100
5
H
120
10
57
4
109
5
180
0
484
3
262
2
299
0
423
3
186
8
0
9
203
4
Z
260
8
60
8
386
16
33
15
286
13
151
11
449
13
401
30
419
28
W
140
8
410
7
297
16
21
3
90
6
308
10
305
13
467
11
439
8
X
260
19
62
9
8
10
469
13
26
1
11
7
233
11
458
13
104
11
443
11
323
5
426
8
133
8
184
3
194
1
17
3
317
6
204
10
249
6
88
11
R
320
9
268
21
409
29
56
26
318
10
119
6
366
21
74
2
331
21
438
31
A
120
12
45
9
418
8
193
10
473
5
445
1
70
2
198
5
37
2
395
7
149
4
301
6
271
7
T
B
