6
17
F
380
19
187
1
40
11
6
1
218
4
75
12
159
12
226
17
48
16
260
3
184
1
220
1
201
10
459
1
143
14
179
18
262
19
419
2
88
7
401
5
A
360
8
460
36
291
14
146
27
418
1
140
14
329
8
490
19
352
8
V
300
17
227
8
264
17
174
0
387
7
317
10
388
14
247
11
474
11
231
5
219
1
79
4
22
17
13
14
482
6
442
11
52
1
29
10
G
360
16
462
14
109
11
295
19
423
12
399
22
72
19
392
11
468
4
34
12
408
9
37
4
3
4
161
9
214
6
480
7
2
3
M
200
11
76
15
294
10
98
8
339
3
390
9
205
6
461
3
195
4
321
4
478
6
202
16
P
140
18
499
3
89
7
82
1
128
1
203
6
449
2
208
6
315
5
299
7
57
3
190
5
466
3
422
1
56
3
440
7
471
7
311
6
281
1
X
180
18
451
1
245
2
280
3
66
7
438
9
426
3
31
2
197
5
368
8
125
9
319
8
155
6
287
1
206
9
316
9
157
9
277
5
412
3
B
100
15
163
3
95
1
91
3
19
3
198
6
46
3
283
0
63
4
325
0
286
0
386
1
133
6
130
1
36
2
30
0
L
240
18
278
3
15
5
90
12
365
10
433
8
300
4
177
2
305
5
338
0
259
4
207
2
484
8
116
9
354
1
472
8
308
12
25
0
270
9
Q
160
3
274
39
327
26
446
7
N
180
10
114
6
425
1
217
5
222
2
216
7
376
10
441
10
41
17
39
3
345
18
T
200
12
458
12
488
11
186
9
87
15
385
5
58
16
215
7
473
9
235
6
415
11
361
6
275
8
K
380
12
454
14
381
4
166
19
237
23
156
2
389
26
384
12
430
15
92
13
469
18
448
5
318
9
H
180
6
136
0
382
5
434
14
258
28
273
23
229
15
J
260
18
9
13
334
0
427
12
348
8
405
11
108
1
61
0
290
7
106
7
107
0
16
7
435
10
351
9
86
6
120
0
303
0
428
13
145
4
I
360
8
230
25
495
31
242
44
71
29
323
36
269
22
481
34
126
24
S
140
14
379
5
168
9
479
4
85
6
297
9
359
10
60
6
312
4
443
8
494
9
115
5
358
8
254
10
375
4
S
K
