6
15
K
260
13
300
3
237
3
22
9
34
10
477
12
2
2
418
13
31
13
127
9
412
17
136
0
381
10
322
9
N
120
7
89
7
248
5
267
1
213
11
334
15
193
7
326
2
A
320
14
285
18
358
4
256
5
42
2
433
14
284
2
128
13
456
15
404
7
26
13
227
4
38
0
195
16
292
22
I
100
3
223
20
370
15
10
15
F
280
4
250
6
29
54
277
21
259
17
U
160
3
49
32
9
32
354
53
J
280
19
109
5
272
5
325
6
83
10
187
4
55
12
243
2
57
10
40
13
62
1
51
13
158
9
111
12
357
11
399
10
301
13
239
1
317
6
27
5
O
180
9
252
12
499
1
436
14
182
1
124
6
420
8
99
1
279
15
458
2
E
140
3
198
14
481
2
25
18
Q
340
11
174
1
452
7
356
11
93
18
263
7
166
27
486
20
395
13
293
3
336
24
106
2
D
320
4
414
3
1
72
3
31
335
52
H
180
18
4
9
36
9
194
0
97
0
122
2
0
9
68
6
199
2
257
1
238
10
140
1
81
1
47
3
246
0
313
7
476
7
288
2
183
2
M
360
10
268
34
56
35
444
35
360
4
345
25
235
21
428
11
156
16
289
11
410
34
X
380
9
37
9
75
39
154
8
361
18
320
34
229
7
230
15
373
25
159
35
W
220
7
466
30
167
24
50
15
379
7
425
5
472
22
315
26
X
W
