6
13
R
180
7
194
1
408
13
350
24
103
11
314
22
107
18
99
13
N
320
12
328
11
137
24
372
23
58
4
217
0
141
23
394
18
20
6
165
6
5
10
331
12
162
18
P
360
17
40
21
467
16
386
1
98
3
3
14
354
12
313
6
330
3
119
6
214
2
60
1
151
2
456
9
79
20
487
21
131
11
409
11
J
100
19
402
2
404
4
10
4
439
5
64
1
47
1
422
5
355
0
89
3
182
3
92
5
163
5
341
2
418
0
271
0
169
1
213
4
94
1
375
4
E
280
9
74
30
283
13
123
12
225
26
461
11
295
6
224
30
75
19
159
10
Y
140
11
440
5
67
11
288
1
210
5
73
7
282
4
347
2
212
12
429
7
306
5
457
9
O
140
11
88
8
374
5
68
0
411
0
178
4
4
12
266
3
388
8
108
12
70
6
499
6
M
100
6
29
3
327
8
479
3
466
0
261
2
209
2
G
240
7
419
13
0
18
229
33
81
23
54
21
287
17
134
19
H
260
3
423
7
426
56
38
35
S
100
4
420
25
265
6
215
1
254
14
V
240
8
109
6
117
6
473
26
272
3
130
25
424
25
190
15
260
10
Z
320
18
101
0
24
3
475
7
303
3
83
10
412
0
369
6
27
0
80
4
274
3
490
4
203
10
127
5
166
10
116
3
455
7
335
4
91
10
M
Z
