6
23
Y
240
14
239
11
217
0
288
6
95
12
149
16
200
15
54
6
405
5
205
3
315
9
212
15
32
3
93
0
184
6
T
280
16
163
9
267
5
490
1
382
2
111
14
359
13
156
9
376
11
430
8
11
15
102
15
73
0
27
13
458
17
287
16
169
12
M
160
12
395
1
96
2
213
6
62
7
264
6
394
1
248
11
251
13
28
2
120
10
303
10
34
9
C
380
19
182
0
58
13
374
12
168
18
296
13
82
0
455
9
99
16
206
1
94
11
72
11
488
13
269
8
207
9
354
1
492
13
158
1
152
0
487
7
W
380
4
47
5
252
1
337
36
326
91
F
240
4
402
17
344
55
328
50
30
41
K
220
4
463
27
81
39
140
12
450
44
E
220
13
246
7
66
3
190
2
244
5
35
11
16
1
289
12
381
12
318
6
482
16
116
14
226
15
13
5
H
240
19
122
1
356
10
64
2
343
1
263
0
125
7
377
7
80
6
259
7
121
12
320
1
67
2
162
2
8
4
416
4
229
9
442
9
38
1
183
12
J
220
11
266
7
396
18
86
8
431
1
422
15
211
3
194
6
164
6
223
2
438
11
222
8
V
160
3
305
30
295
47
51
24
U
360
6
91
34
355
21
171
23
418
10
496
28
221
22
D
120
4
136
6
44
6
258
24
41
24
S
360
4
425
37
361
75
187
59
456
89
X
180
16
104
0
375
1
262
4
310
1
364
8
114
0
299
9
9
7
312
8
282
8
103
8
209
3
43
10
372
11
278
8
138
11
R
340
3
367
91
46
31
107
54
B
380
15
143
18
432
3
191
25
232
5
154
12
298
9
18
12
281
16
75
23
50
11
321
10
245
13
462
19
224
13
353
8
A
100
12
155
5
167
2
342
5
146
1
420
3
188
7
176
7
293
1
479
5
20
0
470
0
468
5
N
320
6
433
52
7
50
166
27
177
36
179
25
379
25
I
260
10
331
24
347
10
454
0
161
3
78
17
240
3
478
11
349
9
341
17
279
19
P
300
10
409
2
443
7
365
4
459
16
220
12
236
12
23
19
256
6
60
9
413
22
G
380
9
335
19
210
5
0
30
465
3
113
33
339
36
59
14
380
41
271
15
O
100
13
477
5
165
4
363
2
22
3
189
0
434
5
126
6
391
0
132
1
250
5
2
0
471
4
197
2
X
T
