6
6
I
380
10
181
19
347
32
154
26
158
22
337
2
468
34
12
3
20
0
121
6
159
27
C
300
19
325
8
31
6
54
15
157
5
331
13
433
5
184
10
3
13
445
1
169
8
382
12
377
5
339
9
29
15
241
8
21
8
283
7
160
14
201
6
B
200
16
220
6
9
10
317
7
336
2
243
11
288
11
455
10
386
7
84
6
354
7
125
11
193
9
48
12
473
4
61
9
290
5
K
200
5
376
16
466
16
69
7
332
11
231
6
N
180
10
215
4
380
0
188
18
424
3
156
13
234
17
459
15
192
2
49
0
369
3
U
140
9
55
8
281
8
216
15
164
7
437
14
340
12
162
9
224
1
355
11
U
U
