6
14
F
380
4
298
57
365
38
312
35
264
90
N
160
4
368
6
484
31
189
35
62
7
G
380
6
111
29
275
39
353
17
243
13
459
61
227
56
H
360
4
309
55
307
84
445
13
290
52
A
220
13
277
5
235
5
383
5
273
7
375
16
143
6
455
14
265
5
160
4
82
1
316
3
28
2
396
9
B
220
14
202
5
234
5
49
0
314
11
485
6
90
5
499
4
246
5
50
8
249
0
100
5
125
8
444
12
132
0
L
380
4
166
72
138
0
251
48
401
84
M
300
14
39
2
122
7
250
9
292
20
64
6
40
3
179
6
456
8
372
5
406
21
470
6
204
12
186
14
422
12
Q
100
12
9
1
415
4
73
0
101
2
331
0
330
6
222
0
272
7
392
3
154
0
257
4
214
5
X
220
9
135
24
218
10
48
17
348
23
146
16
280
17
127
15
41
20
26
20
O
220
4
347
15
33
15
151
22
175
24
U
120
4
416
0
197
23
322
20
362
28
W
380
10
199
20
157
13
113
22
287
16
258
2
386
25
158
33
426
24
242
3
98
0
Y
100
16
193
5
440
6
86
4
360
1
88
6
471
6
216
1
84
2
477
2
297
1
196
6
395
2
433
0
150
5
431
6
78
2
B
Q
