6
11
L
200
9
35
9
82
16
226
16
58
12
244
12
97
1
326
0
363
5
87
1
D
160
4
225
19
164
3
230
9
348
11
M
380
8
86
27
122
19
404
14
395
35
431
19
291
47
359
29
447
4
G
120
6
394
3
346
6
252
1
118
5
477
16
475
13
S
300
19
62
15
267
7
338
3
405
4
64
13
375
15
438
10
69
11
196
2
107
9
335
1
299
12
44
3
217
11
139
8
163
8
301
8
264
1
195
13
C
320
13
384
21
234
22
419
23
192
13
133
16
222
0
187
8
321
24
260
19
130
1
294
23
112
7
371
7
Y
200
13
93
2
490
8
421
0
282
4
209
11
186
11
33
12
124
6
165
8
135
2
158
8
401
5
432
1
B
260
19
458
12
361
4
34
12
121
8
161
0
439
6
487
3
12
6
340
11
142
0
399
12
22
6
199
13
278
4
207
6
141
1
396
10
79
9
48
5
P
320
12
341
0
393
3
287
21
81
16
41
26
39
15
156
0
42
18
100
19
181
0
409
7
333
18
X
340
4
55
28
193
72
325
39
47
52
T
340
3
422
88
160
96
74
2
X
C
