6
9
G
240
10
420
18
83
4
325
7
124
16
303
18
188
3
367
11
121
5
50
13
11
15
X
120
14
332
8
268
3
375
8
127
2
464
6
180
5
265
8
3
1
425
0
445
7
474
8
349
3
379
4
8
8
J
200
7
293
18
410
4
313
15
196
28
241
24
301
2
64
1
Q
100
9
275
2
481
7
65
10
46
6
42
11
184
10
250
8
49
9
22
4
Z
240
16
438
0
219
6
67
1
135
11
321
6
139
15
407
14
80
9
89
10
97
1
449
12
279
6
10
1
86
4
227
12
45
10
M
220
17
371
10
254
4
483
2
142
10
273
2
27
5
92
5
216
4
108
6
306
3
329
10
335
5
29
2
246
12
376
12
211
6
280
12
I
240
14
356
5
468
12
165
6
155
17
117
15
259
3
63
16
432
2
221
12
91
3
189
5
473
14
151
7
58
1
P
240
14
377
10
422
15
297
14
183
6
57
13
318
14
154
13
391
8
412
14
225
16
111
6
345
4
307
10
229
11
T
300
12
69
20
230
13
215
12
476
15
202
9
220
14
465
6
347
16
118
10
156
5
378
19
400
21
J
T
