6
7
J
300
4
376
31
478
69
69
47
244
59
K
240
13
347
13
17
12
95
18
423
15
212
8
422
10
217
18
316
0
7
18
389
14
166
7
402
14
83
7
H
280
4
91
38
369
34
334
46
100
9
W
240
4
414
13
498
57
180
52
468
19
U
340
9
208
8
87
13
311
2
160
36
92
16
21
28
195
26
280
36
52
27
P
240
17
398
6
278
14
267
10
46
14
65
14
459
14
298
2
449
9
436
11
367
7
446
13
384
4
210
12
44
12
111
10
4
6
292
4
A
220
5
106
41
358
42
62
12
289
37
143
37
W
K
