6
18
V
140
18
476
6
71
3
267
1
30
7
87
0
356
3
167
0
170
7
475
1
207
7
353
1
0
0
340
1
227
0
276
0
208
7
280
7
357
2
L
340
12
278
13
40
26
200
16
225
14
34
4
359
21
433
8
1
4
137
24
412
3
274
8
338
21
A
360
13
47
3
213
26
114
9
129
17
4
16
369
16
286
4
188
16
145
0
202
12
63
18
251
18
482
7
F
360
11
305
14
413
9
243
12
206
26
133
15
236
10
450
27
354
3
399
19
498
17
299
1
P
380
14
198
18
136
21
339
23
53
17
312
0
98
6
485
12
306
0
102
0
159
7
362
16
94
14
387
20
13
2
C
200
4
355
14
462
0
461
36
448
8
G
360
9
363
15
52
40
179
5
62
27
282
37
212
15
406
33
333
36
216
4
S
120
13
199
0
260
0
155
3
241
3
374
9
264
1
162
3
398
9
453
0
479
3
351
8
146
7
428
6
D
260
14
27
10
454
6
148
7
103
17
12
3
320
6
76
7
111
2
92
16
165
4
489
16
56
7
293
13
426
0
J
380
17
336
8
388
14
255
1
96
20
44
14
158
22
469
9
446
12
69
2
294
3
358
21
270
0
64
12
180
16
178
1
25
17
119
3
Y
100
12
313
2
332
8
328
5
240
1
263
4
376
3
2
2
80
0
284
5
397
8
51
5
75
2
U
300
15
281
5
287
10
100
2
344
13
29
4
172
11
384
11
99
13
220
0
11
16
239
17
452
18
210
15
370
7
329
3
Q
220
8
45
23
403
8
171
9
89
23
17
25
78
2
321
18
494
24
R
120
16
285
2
144
7
48
5
258
4
375
5
124
2
189
0
417
6
185
1
196
5
138
1
160
0
431
1
177
3
297
7
238
3
B
120
9
335
12
341
5
22
3
411
5
82
0
205
12
419
12
429
9
300
1
Z
360
16
117
7
42
12
91
4
348
22
481
2
466
19
237
11
33
22
35
22
327
18
432
18
204
22
325
19
15
8
131
13
230
13
W
340
10
122
6
36
21
195
0
107
31
289
10
232
1
275
32
88
12
266
22
154
4
N
200
9
422
7
173
19
109
3
395
5
181
0
190
9
394
3
58
3
31
18
B
N
