6
20
O
300
16
15
15
470
9
71
15
295
17
382
3
354
9
333
0
432
12
169
10
308
18
1
7
78
17
415
14
42
14
197
14
236
5
Q
140
12
380
5
491
6
183
4
6
0
227
8
389
0
344
3
54
5
407
7
452
10
457
9
272
9
Y
260
15
437
0
301
4
404
6
118
12
422
3
171
13
124
4
245
14
343
3
294
2
44
5
57
11
414
5
5
12
283
1
P
260
16
113
0
490
10
52
12
107
7
28
3
200
16
100
3
496
15
462
3
91
5
285
1
318
7
328
2
476
14
321
5
479
7
L
280
12
23
2
175
18
34
22
188
8
160
18
198
2
429
4
84
1
147
23
12
14
459
9
327
18
D
300
11
340
4
246
6
374
2
402
15
158
13
173
8
8
1
411
24
349
27
387
17
18
9
U
280
6
428
35
341
1
68
12
453
0
317
1
83
43
G
320
4
192
12
208
36
157
5
30
57
I
340
14
41
10
316
14
366
17
478
18
241
15
300
7
477
22
284
9
152
18
133
18
228
15
3
10
106
9
37
10
E
120
15
109
6
319
1
112
0
122
6
299
2
163
8
142
5
336
2
10
6
379
1
74
5
92
8
150
8
435
8
76
2
K
180
3
320
60
497
5
388
37
T
360
6
385
42
193
46
426
49
13
54
484
35
390
5
Z
140
17
27
8
335
8
47
7
237
1
458
8
89
0
460
1
288
7
291
3
310
0
210
3
410
2
359
0
488
4
297
0
287
4
25
4
N
380
17
211
3
217
6
95
19
268
18
4
22
472
12
88
14
314
0
219
18
281
17
22
11
480
20
378
21
486
11
137
13
260
19
11
14
J
120
8
43
13
307
15
381
14
40
13
140
1
26
11
261
11
229
15
H
100
14
345
1
360
2
97
1
277
0
231
5
278
4
400
2
213
3
369
3
130
5
19
5
265
2
201
7
49
2
F
160
19
60
8
276
4
135
5
190
6
235
3
164
0
487
4
103
3
134
6
98
1
51
5
116
7
63
3
69
0
430
5
234
1
204
3
244
3
463
8
S
140
5
275
27
264
17
358
25
139
25
431
5
M
180
15
166
6
230
8
7
9
353
10
455
4
159
10
440
10
263
8
114
2
252
8
212
0
81
11
465
6
154
3
473
6
A
240
8
376
24
262
18
77
3
104
19
302
14
90
2
55
18
32
30
L
Y
