6
5
A
180
7
152
11
387
15
129
9
297
18
471
4
192
18
464
20
J
320
14
231
8
173
0
438
13
427
7
402
20
429
10
426
9
490
5
55
12
393
19
312
18
349
20
324
0
421
21
Z
340
6
306
21
226
32
320
2
11
17
50
46
42
55
Q
380
11
441
6
396
17
287
4
436
4
90
27
276
31
126
28
148
19
221
10
456
14
210
1
V
220
16
151
9
265
2
390
2
341
3
499
11
161
12
414
2
459
10
68
11
191
1
229
9
81
5
283
9
130
1
329
3
379
7
V
J
