6
10
M
380
14
82
27
291
0
361
25
81
7
219
7
87
21
29
4
362
0
479
19
94
26
45
16
9
6
450
1
308
14
R
120
8
162
5
17
4
304
15
144
12
476
1
91
1
341
13
413
4
N
380
19
56
1
145
5
480
5
337
18
204
7
385
13
393
14
428
14
106
12
403
6
447
11
485
8
107
17
299
9
181
15
382
14
43
3
211
10
110
14
Q
160
11
273
0
463
0
142
7
307
2
173
0
176
4
445
2
61
7
242
14
332
8
111
13
X
300
8
367
37
198
27
342
22
243
17
437
34
164
21
21
12
356
6
D
320
7
209
23
214
29
75
43
235
32
193
4
253
30
161
15
W
200
16
425
12
471
3
349
10
93
4
454
6
495
0
228
4
184
5
276
10
279
0
196
8
395
4
478
1
290
9
313
8
221
9
O
100
17
39
0
122
3
415
5
383
3
269
0
494
4
302
5
252
3
229
4
163
0
208
3
79
5
194
1
292
5
182
1
448
3
65
3
P
240
11
487
7
8
17
46
8
472
12
408
16
399
15
247
16
312
9
388
6
266
5
68
5
V
160
12
414
6
89
4
427
9
497
10
189
9
419
2
143
2
23
10
96
7
6
10
152
7
116
8
P
R
