6
20
N
340
8
191
12
117
5
38
29
197
38
417
23
455
10
13
6
338
33
S
280
18
132
10
144
13
396
7
346
12
137
1
489
6
371
15
218
0
51
1
64
10
1
5
388
3
484
3
454
5
17
1
341
10
373
8
464
6
F
300
10
453
14
355
14
356
12
87
11
449
26
195
2
19
13
85
24
375
16
127
21
Q
100
5
83
14
423
12
437
7
266
11
217
0
B
260
5
428
21
118
43
253
23
72
1
350
49
T
280
17
110
13
75
4
162
16
153
2
307
3
327
6
78
1
233
5
303
16
65
4
430
2
418
0
188
8
221
7
45
0
91
2
325
14
H
140
15
243
5
412
3
35
4
359
8
90
9
332
7
492
8
296
3
486
5
107
0
368
8
204
8
9
2
29
9
8
9
L
120
19
201
4
136
5
27
3
46
1
133
2
459
5
74
0
410
0
421
4
434
3
56
5
172
5
312
2
26
3
167
0
32
5
248
4
5
4
268
5
Y
220
9
488
12
135
22
457
5
125
7
152
12
71
19
475
3
424
24
319
16
J
180
16
120
6
324
6
339
10
30
6
99
5
405
10
24
6
157
1
308
7
474
9
121
5
161
6
109
10
280
0
216
5
496
3
D
280
19
111
14
147
3
345
14
442
0
369
7
81
9
306
8
223
13
462
13
151
1
286
0
377
7
156
10
40
13
363
4
108
6
60
11
390
0
129
3
Z
220
14
41
15
354
1
481
7
47
14
42
12
209
9
61
11
10
10
80
1
179
13
275
8
200
6
229
11
116
1
A
260
3
98
27
236
79
365
33
R
240
4
399
12
177
31
334
30
166
57
V
380
8
322
12
158
37
473
38
28
18
255
19
333
32
387
39
397
9
X
200
6
494
32
220
3
159
31
50
25
269
23
295
29
E
360
11
122
20
362
19
69
6
170
23
43
20
320
29
245
26
447
14
310
31
208
15
284
12
O
120
10
331
3
342
9
340
10
403
11
444
11
130
2
33
11
192
3
203
11
54
8
K
120
18
246
3
337
4
219
5
374
0
297
2
461
6
196
2
114
6
145
1
261
5
174
2
413
6
499
1
426
3
262
5
443
2
498
3
25
3
C
280
13
163
15
211
3
112
16
128
14
44
7
180
14
466
1
79
18
94
6
289
15
96
8
106
5
14
8
X
A
