6
23
G
300
4
407
28
213
66
122
75
272
33
T
120
9
331
8
284
0
93
2
287
13
425
2
264
3
176
8
160
12
118
12
F
300
10
16
24
240
1
443
4
133
12
34
17
261
3
419
16
445
20
54
28
294
21
X
240
17
478
6
247
9
46
14
111
8
378
11
64
0
379
4
207
8
324
8
464
0
301
7
383
5
468
8
406
11
371
9
369
10
480
10
O
220
15
199
14
108
13
106
2
126
13
171
10
87
8
390
6
109
6
75
9
180
11
431
9
48
9
440
14
376
14
411
5
N
120
18
239
2
306
0
204
2
471
3
474
4
300
2
387
6
252
3
225
0
222
4
205
1
9
0
496
4
258
4
488
0
296
5
114
0
12
5
J
340
7
35
2
132
30
218
36
469
9
60
8
354
37
172
0
B
180
19
308
9
66
5
151
2
105
7
288
6
384
0
231
4
43
7
188
1
473
7
154
0
256
4
325
2
315
6
386
9
51
4
208
4
0
6
434
6
M
160
11
498
9
36
0
414
12
353
9
116
4
161
8
391
7
289
1
269
4
228
13
70
3
A
320
12
265
14
282
5
45
18
181
8
78
22
439
26
76
1
198
11
291
19
399
8
276
8
72
8
Y
140
7
243
17
128
14
26
0
186
6
139
4
182
15
224
8
S
100
7
121
5
479
13
156
8
202
7
27
14
259
11
100
3
H
340
13
417
2
427
14
211
3
238
24
174
26
99
25
279
6
328
0
84
18
144
5
131
6
472
9
4
1
U
160
5
237
32
422
6
221
0
28
24
249
17
R
360
15
14
18
138
12
492
21
465
21
490
6
79
12
25
1
295
4
250
6
457
0
405
16
38
12
69
22
307
16
234
21
V
300
19
117
10
212
13
304
13
58
13
146
5
232
3
322
1
255
3
19
10
415
0
299
2
142
1
403
9
152
0
381
5
497
9
90
2
17
1
162
14
E
180
7
102
6
216
22
119
23
55
24
166
8
423
1
253
19
C
200
7
309
9
375
27
487
3
168
13
127
17
141
26
235
11
W
260
9
424
8
65
3
98
7
92
1
495
25
251
18
80
8
5
19
432
8
I
340
13
81
15
482
11
32
9
123
25
63
1
349
16
292
25
101
14
23
24
321
21
158
12
483
10
57
8
Z
320
12
456
12
428
16
290
6
44
22
392
7
347
23
242
18
190
5
246
20
197
25
433
22
263
7
Q
360
6
178
16
352
31
42
7
187
32
330
55
189
44
P
180
14
157
2
59
4
448
6
159
9
10
0
323
11
338
8
165
9
30
6
459
1
408
10
444
7
336
7
107
10
N
F
