6
11
S
380
12
24
31
345
27
92
14
276
24
499
26
60
17
80
31
326
8
278
4
384
21
465
7
64
30
Z
240
13
5
12
459
13
70
4
193
6
408
14
307
1
18
12
47
9
127
16
322
8
471
14
383
6
52
7
X
260
17
249
0
11
3
239
5
368
7
440
2
242
6
9
12
443
14
115
5
297
6
97
0
409
0
323
7
460
9
375
6
447
1
221
6
T
360
19
143
2
19
1
376
16
107
8
174
10
479
9
217
6
227
15
82
16
336
6
196
0
445
17
436
0
122
2
290
17
463
7
36
2
482
1
325
4
H
380
12
288
9
25
19
161
9
406
23
180
24
484
10
20
28
16
20
30
31
109
24
50
6
269
1
D
100
4
61
23
470
15
79
10
154
3
O
180
10
498
2
33
7
497
17
362
7
3
13
493
16
301
15
114
14
183
12
451
8
C
200
16
42
11
257
12
410
1
317
0
366
11
433
2
299
0
337
0
14
0
466
10
113
11
76
12
331
1
341
8
185
12
166
0
V
280
10
55
12
352
27
476
27
81
13
119
14
48
12
253
17
54
0
152
20
430
15
F
180
14
295
8
284
9
137
9
417
11
464
8
156
11
354
9
153
7
468
2
342
2
444
8
360
2
380
7
149
11
L
120
5
431
1
292
21
469
11
446
13
291
18
T
L
