6
19
L
200
3
130
46
200
17
285
48
E
340
13
242
5
421
5
451
6
438
9
450
1
282
3
89
1
201
16
81
17
124
17
20
26
416
13
361
9
D
100
8
72
7
90
10
420
11
275
0
18
11
38
7
4
4
386
0
N
180
18
272
10
376
5
189
1
324
1
290
10
157
1
284
3
319
5
482
8
120
4
183
0
80
3
452
10
312
8
169
2
333
4
459
7
389
1
B
140
4
125
3
128
30
76
10
234
22
W
320
12
154
25
431
6
380
6
70
21
487
5
107
15
321
7
105
1
86
6
23
16
245
17
304
3
S
140
19
281
5
34
3
496
1
405
1
110
2
218
0
313
7
309
7
338
7
341
1
45
3
352
5
393
5
252
2
137
7
93
1
121
0
409
6
24
4
Y
320
9
106
22
27
23
46
24
277
14
475
14
5
6
370
9
44
3
462
21
G
140
7
379
2
401
8
499
18
7
15
181
16
240
10
215
12
O
380
17
310
9
112
3
373
7
349
5
210
11
75
16
141
1
283
8
257
18
79
20
103
6
156
19
224
12
117
1
26
17
303
17
29
2
M
180
10
325
17
489
14
488
18
15
4
471
2
199
1
326
0
55
2
239
1
119
14
Q
360
19
371
4
82
3
231
8
114
14
238
5
39
4
484
17
77
12
480
16
236
6
221
5
266
9
140
13
195
16
387
12
95
15
359
12
11
10
490
10
H
160
18
454
1
332
3
6
4
473
4
78
1
133
3
494
4
170
6
337
7
278
3
223
7
180
1
42
8
122
5
457
0
164
0
436
1
336
3
F
120
5
467
3
493
18
158
14
228
21
417
20
V
340
3
84
79
142
8
198
28
A
360
3
498
104
253
3
50
81
R
320
15
235
1
497
1
428
0
91
11
222
17
378
15
355
8
289
19
398
15
109
14
259
14
388
2
241
19
356
13
185
15
P
320
13
262
24
216
11
123
18
258
6
168
20
367
16
327
9
167
6
165
1
323
23
58
4
382
2
439
10
X
360
17
1
14
47
13
37
4
308
2
33
0
396
7
403
4
127
3
415
4
374
9
134
0
28
12
188
3
71
11
209
1
57
15
400
8
X
P
