6
15
R
240
3
194
5
66
80
436
30
K
240
16
480
2
392
11
19
13
77
7
169
14
297
1
331
13
343
2
459
14
33
1
304
0
79
15
472
5
399
14
199
10
220
13
T
280
7
214
24
155
2
173
5
430
21
414
8
347
26
133
31
S
380
14
29
10
449
7
195
20
483
14
111
8
269
17
405
13
92
16
228
16
490
17
135
22
484
8
294
11
492
8
U
140
16
380
3
357
3
378
3
324
0
263
3
226
5
52
6
330
4
261
8
448
3
158
8
379
0
371
0
88
5
321
3
232
4
F
260
12
452
9
455
20
303
1
175
17
150
3
107
15
171
4
2
8
187
8
120
3
37
19
225
8
I
260
4
60
6
477
23
108
40
36
14
X
140
19
30
7
211
7
496
4
408
6
16
1
299
3
259
0
11
1
119
1
355
7
83
1
397
3
451
4
293
1
370
2
482
7
81
6
248
3
151
0
L
180
16
97
11
149
7
139
3
117
0
147
5
498
11
284
2
224
10
170
9
5
6
338
5
388
0
474
4
87
6
251
2
339
6
G
360
16
463
2
427
3
469
14
368
10
245
20
433
8
416
17
239
11
109
10
207
4
89
5
51
2
487
10
14
10
300
19
437
7
Z
360
14
413
10
208
1
312
20
186
2
318
18
358
7
348
10
71
6
20
2
374
9
272
4
400
23
72
6
267
16
M
140
17
372
0
122
1
253
7
273
6
499
5
497
8
128
7
467
1
337
1
322
2
54
7
49
3
106
5
262
7
215
2
166
3
421
7
N
280
6
118
0
468
13
4
9
161
30
258
11
222
30
B
160
5
296
13
464
14
461
6
112
25
57
5
W
280
12
141
13
197
22
465
21
307
15
460
22
85
14
265
17
80
1
264
19
353
7
441
15
450
18
L
G
