6
19
E
360
6
364
18
332
50
416
43
199
58
230
0
241
6
G
340
19
164
10
387
13
419
12
97
15
314
12
440
9
425
8
130
7
349
12
421
2
67
0
181
2
490
8
357
17
481
13
81
3
396
14
273
17
254
5
U
120
14
202
2
344
8
394
8
43
4
365
6
288
2
98
7
140
3
38
2
198
3
335
7
269
6
29
7
437
4
F
300
5
249
16
69
8
371
42
54
22
178
50
J
340
13
192
22
299
19
36
8
45
21
87
2
359
25
111
6
445
14
171
15
250
9
486
24
154
17
93
12
N
180
12
155
8
471
9
434
3
39
1
228
5
412
6
74
12
402
11
302
15
308
12
352
8
318
6
M
100
8
362
10
477
8
189
4
89
3
337
11
213
9
21
6
378
11
R
380
9
197
4
329
34
358
17
79
12
18
30
388
22
496
2
10
9
429
22
H
140
16
100
6
126
3
109
2
210
6
390
3
13
8
267
1
58
8
459
2
322
5
271
6
327
6
201
7
157
4
417
5
363
0
D
240
12
458
12
491
19
303
12
347
6
150
18
386
4
9
17
176
11
236
14
319
11
291
18
316
6
T
140
19
7
4
408
0
8
4
480
2
5
3
226
1
247
3
208
7
426
5
353
2
274
2
135
3
432
6
444
0
449
5
399
1
484
4
465
5
92
3
Y
240
11
243
5
340
5
487
16
493
5
389
15
162
20
384
4
187
4
256
8
472
10
361
14
X
340
19
73
6
32
14
188
6
244
17
495
10
270
7
169
3
159
0
289
8
285
5
229
17
66
14
193
12
145
14
296
8
462
5
219
4
253
12
85
0
A
220
5
439
38
165
28
51
23
55
7
129
20
V
360
10
212
18
430
9
372
10
16
10
345
17
420
36
497
3
167
35
78
17
442
26
C
100
17
342
0
117
2
382
1
186
0
232
5
239
5
180
2
263
4
148
2
204
5
127
3
72
3
161
5
101
3
397
1
330
5
242
2
S
120
9
272
12
112
0
217
11
240
4
452
0
290
13
170
3
20
2
415
8
K
360
9
218
10
336
11
380
14
194
22
346
4
28
27
485
27
373
18
136
31
P
160
16
86
7
473
4
355
9
49
10
403
0
268
8
379
2
301
6
367
4
225
10
461
6
149
9
321
6
90
3
168
5
22
0
P
G
