6
11
U
260
18
156
12
294
9
358
14
346
0
386
3
355
11
399
9
243
4
306
3
222
14
480
3
125
5
152
12
396
0
195
9
217
13
363
11
430
7
J
240
7
8
29
68
24
208
8
329
33
182
26
451
29
71
2
F
360
16
311
10
240
19
198
9
242
20
66
12
268
11
127
11
128
15
499
20
203
7
450
21
104
22
364
8
337
6
168
10
172
4
I
180
5
313
23
324
33
110
8
76
19
177
11
M
100
14
429
6
261
2
19
4
47
0
482
1
409
3
137
0
435
6
82
1
497
7
323
2
83
5
26
5
259
4
H
100
17
166
5
390
1
74
5
144
1
266
1
330
0
381
4
309
4
103
0
143
1
6
1
55
1
484
2
64
5
405
0
370
1
0
0
B
200
10
141
1
331
18
374
2
87
7
59
16
117
8
373
9
470
1
287
9
50
15
X
320
14
449
10
180
13
487
19
70
3
441
15
186
13
317
9
402
18
395
3
213
0
34
1
442
4
336
19
123
18
V
260
4
312
27
183
4
207
20
131
50
Y
380
7
414
34
401
44
49
20
431
9
23
53
142
8
140
1
L
280
5
344
54
288
35
352
9
176
14
297
18
I
J
