6
10
X
120
8
452
3
123
5
280
8
295
4
454
12
395
5
412
4
491
7
W
120
12
420
6
432
3
287
9
277
3
423
6
235
10
252
1
162
7
495
2
112
0
170
4
330
0
H
260
7
346
14
386
36
176
15
247
16
290
12
113
19
248
32
N
320
6
29
27
315
39
184
45
245
32
276
28
8
0
G
120
10
101
1
128
7
35
11
26
9
180
12
281
5
450
1
249
3
1
0
393
2
V
100
6
0
8
250
6
456
2
431
8
213
1
329
12
A
360
18
19
10
159
17
4
0
402
9
97
2
323
14
357
10
258
12
137
19
381
5
22
11
297
1
409
12
98
1
37
17
151
3
261
3
46
2
L
360
9
472
17
165
26
490
23
136
24
158
7
185
34
460
5
9
32
383
38
Z
280
18
339
4
443
14
130
15
458
12
21
2
217
1
469
3
222
10
198
5
494
3
341
0
174
6
54
2
476
2
42
7
418
4
116
5
303
15
E
280
13
77
15
84
12
461
21
335
13
69
17
183
3
340
7
65
9
413
7
28
3
324
15
337
6
270
15
Z
L
