6
16
E
140
5
405
25
489
3
440
28
261
14
40
22
H
100
19
90
0
249
1
291
1
497
3
36
0
109
2
270
4
198
0
325
1
381
3
103
3
6
1
152
1
127
3
240
1
353
4
64
1
445
1
157
4
Q
300
13
321
8
302
12
229
1
248
1
96
6
315
1
247
16
451
10
272
16
432
17
201
20
473
2
154
10
C
240
10
207
3
399
1
472
19
258
23
113
10
170
1
307
24
400
4
98
16
120
4
J
300
12
163
5
140
21
167
10
93
7
92
12
129
9
317
8
122
25
28
11
287
22
230
5
303
9
W
180
19
176
6
115
0
495
7
57
9
51
5
233
5
20
3
464
0
194
3
244
6
375
5
13
9
4
3
252
0
75
0
1
2
377
7
104
2
133
0
A
160
7
177
4
411
21
58
14
178
6
206
16
351
16
102
22
N
360
8
68
16
421
40
341
28
220
26
439
28
320
16
39
8
293
41
M
380
4
393
4
288
25
65
65
78
87
T
120
13
43
8
142
0
316
8
53
6
278
2
151
0
486
6
471
8
373
2
263
7
185
1
323
1
467
6
D
180
9
313
0
121
0
22
18
66
12
148
17
350
11
335
8
395
19
161
15
S
240
3
234
46
448
14
461
73
L
200
17
257
5
24
6
354
2
114
2
437
3
16
7
468
11
215
0
483
0
221
5
132
7
256
8
297
1
29
3
345
11
419
6
372
4
B
120
19
95
1
427
1
368
5
298
3
363
4
262
4
105
1
458
1
447
2
289
5
85
3
358
2
134
2
417
2
166
1
333
0
52
6
454
4
305
1
R
240
16
453
6
45
3
389
11
485
3
34
4
72
10
49
14
488
13
3
4
425
0
9
4
456
10
369
12
264
8
128
6
187
9
G
360
19
349
11
295
16
477
9
348
3
434
12
100
6
338
11
59
3
259
15
319
10
382
17
73
3
304
11
366
8
403
6
337
2
359
16
110
7
470
6
G
E
