6
18
Q
380
14
412
13
202
17
241
23
227
17
398
8
143
16
23
4
304
13
308
0
323
11
123
5
215
6
252
27
11
4
J
320
9
318
11
102
8
186
22
2
6
18
16
72
14
104
34
88
12
350
0
L
140
13
443
2
314
8
81
7
401
9
170
5
271
1
488
5
172
0
280
6
10
10
339
6
471
5
376
0
G
300
10
438
13
299
18
156
19
124
16
53
19
449
23
492
9
15
7
403
5
332
26
E
340
11
190
30
315
15
70
12
479
12
103
6
407
21
267
3
87
8
154
2
77
16
232
7
U
280
15
380
10
162
14
373
5
400
17
392
9
216
0
98
6
366
3
201
16
320
0
49
11
247
4
340
3
131
14
440
4
S
260
5
356
40
26
37
132
20
342
46
34
46
K
240
17
141
1
307
5
142
5
249
2
45
6
71
11
287
10
65
10
149
3
31
12
456
2
415
9
497
10
437
0
106
6
313
14
475
6
X
300
3
219
6
351
91
78
39
F
120
15
261
5
244
3
111
6
458
6
254
6
413
6
28
6
347
3
302
8
463
4
152
6
91
0
27
4
135
2
180
8
D
120
14
246
4
414
2
273
7
167
7
436
0
197
4
24
6
457
6
496
3
397
1
384
7
253
6
79
2
279
8
A
300
19
292
9
467
8
260
1
256
4
257
15
113
7
153
15
337
12
344
2
55
2
282
4
187
1
58
4
477
15
177
8
122
8
459
12
109
2
234
10
W
280
13
425
2
223
17
188
13
193
10
258
17
441
21
473
7
353
3
435
11
349
2
284
13
476
19
21
0
O
380
17
229
15
204
9
328
6
432
5
83
10
331
1
165
0
147
22
265
21
270
11
118
1
225
20
281
17
210
4
191
12
173
1
451
11
M
200
3
361
62
469
35
42
25
B
140
10
250
1
159
2
494
13
93
0
145
0
278
12
478
14
73
0
38
1
290
4
R
340
6
387
16
178
21
445
25
296
56
82
48
327
46
T
260
3
184
59
89
61
483
18
W
U
