6
19
N
120
12
66
0
21
6
340
3
305
0
71
6
384
8
113
0
199
7
190
5
213
4
121
3
374
3
V
100
4
300
19
57
5
462
25
282
0
L
260
19
111
1
181
2
183
9
185
6
227
6
221
0
420
4
312
0
217
6
55
4
177
10
79
5
486
3
255
4
14
4
373
9
44
1
482
12
90
5
B
320
17
467
1
238
15
175
8
140
12
93
13
186
6
361
5
59
6
311
17
118
1
488
11
495
11
382
12
128
9
133
7
125
2
114
3
H
160
5
262
5
179
27
261
21
390
2
49
17
Q
280
11
215
13
319
21
273
3
151
5
245
15
82
22
244
4
388
18
346
7
154
14
80
9
M
360
12
20
27
127
16
496
17
427
22
378
5
232
2
302
3
386
15
25
30
318
29
6
21
456
3
X
240
4
425
11
408
4
170
51
166
19
C
360
10
278
20
146
10
219
8
102
16
96
5
380
6
162
13
104
11
275
24
441
9
E
340
10
247
23
463
12
225
22
451
25
360
8
189
12
330
33
274
7
37
1
234
1
K
220
6
419
11
28
28
137
30
70
31
192
9
259
4
Y
160
11
149
10
409
4
294
2
297
6
188
10
271
9
421
9
363
10
389
1
308
14
455
14
S
280
11
100
8
165
8
45
2
7
6
483
19
194
10
182
25
471
10
174
6
132
19
36
15
P
380
6
139
45
448
56
289
15
184
15
291
24
327
48
T
280
15
272
16
400
18
109
14
403
5
385
16
345
16
8
8
147
1
349
4
329
0
94
15
92
18
428
17
134
15
117
17
J
300
6
241
17
474
5
331
22
101
45
454
14
263
32
R
380
14
86
17
414
3
195
22
61
21
40
3
69
26
368
1
461
5
229
12
489
11
178
15
435
23
429
22
362
4
O
360
11
105
3
16
1
173
6
404
7
58
4
285
8
191
13
465
11
324
18
246
28
209
28
G
340
14
473
6
29
14
351
16
243
3
470
10
74
0
481
17
310
17
251
21
249
20
98
15
342
7
161
3
47
0
R
T
