6
9
Q
240
3
481
5
55
77
355
69
U
260
12
274
9
357
1
367
5
472
18
216
6
95
7
405
1
104
3
266
16
87
17
27
15
134
7
Y
120
19
332
0
63
1
45
2
88
3
251
3
444
4
14
6
115
0
384
3
331
5
360
1
97
2
343
5
454
3
261
6
470
5
198
0
285
6
191
1
X
260
8
118
19
348
28
380
27
148
27
243
10
277
7
322
19
498
12
C
260
3
21
50
362
1
17
54
V
140
6
29
5
373
4
306
7
54
1
143
15
185
18
K
340
16
139
21
334
0
271
18
192
19
156
7
189
2
418
6
207
7
396
21
129
5
259
16
69
6
24
7
181
17
288
3
324
20
W
200
13
208
1
85
13
303
3
464
12
387
10
197
5
438
10
48
10
187
1
135
10
393
1
11
1
301
4
F
280
13
82
6
180
7
237
18
318
5
311
3
408
11
278
0
177
16
152
15
170
18
341
10
434
13
490
8
F
Y
