6
18
C
380
19
4
7
305
18
474
3
258
5
241
0
143
14
210
15
356
16
162
3
246
3
9
2
411
3
463
6
483
15
465
14
63
6
466
11
436
12
353
11
I
300
15
358
1
381
18
207
18
400
1
191
8
148
0
100
19
395
12
84
0
65
6
152
10
176
18
158
15
429
10
138
7
Y
360
7
112
1
327
18
17
48
195
31
271
46
192
49
275
12
G
140
3
198
17
94
37
295
24
T
320
9
476
18
419
8
15
1
394
19
86
35
303
22
8
1
183
25
339
28
V
260
6
301
0
387
38
69
36
306
41
132
3
212
31
X
320
16
455
19
254
6
67
6
289
3
402
8
51
15
451
18
421
0
185
11
97
4
57
11
216
2
405
13
12
17
389
5
120
16
A
220
14
224
7
414
8
446
11
340
15
124
12
80
5
41
3
481
4
215
3
492
11
119
13
310
2
329
7
93
12
N
240
18
126
2
475
0
128
2
70
10
60
1
229
13
299
7
219
9
383
8
351
4
261
11
193
2
59
0
364
3
77
9
265
3
459
9
367
7
O
140
15
140
4
363
4
323
9
188
9
3
5
462
3
441
4
64
8
393
2
423
4
493
6
133
8
297
9
139
2
206
7
B
240
9
486
22
115
0
131
21
13
24
52
23
174
26
434
0
288
3
211
3
Z
200
15
39
3
262
5
122
5
260
11
409
7
322
4
66
4
308
10
2
5
79
9
379
3
282
10
255
4
253
9
137
9
J
320
18
28
9
342
7
268
2
341
13
482
2
278
9
315
7
43
9
153
6
267
17
333
1
398
14
33
5
168
2
221
10
61
9
274
6
38
12
M
200
14
388
7
357
14
150
7
287
12
205
14
424
1
458
10
352
13
160
5
151
11
228
9
316
1
257
2
346
7
K
160
17
165
3
236
1
359
5
404
1
197
3
217
0
194
5
272
9
479
2
113
7
145
0
252
0
377
0
226
3
283
8
186
6
233
8
D
160
9
440
3
350
7
450
0
328
13
220
11
478
7
49
1
331
11
237
11
S
120
7
348
2
382
5
58
7
314
1
196
10
380
14
425
12
Q
160
8
92
19
277
17
431
11
445
9
238
6
244
13
347
18
172
19
T
Y
