6
16
J
180
9
493
6
353
7
475
16
465
13
315
16
417
3
317
10
314
5
240
6
W
280
15
27
16
273
6
8
16
365
2
100
0
281
7
290
12
241
15
14
6
453
13
89
2
104
14
337
12
247
1
83
0
A
360
18
361
8
69
15
185
0
423
4
310
3
205
6
7
17
108
5
65
19
182
10
80
17
79
2
143
6
128
13
211
0
114
9
149
9
123
4
M
260
16
116
5
158
6
495
7
84
10
293
4
77
8
243
10
98
4
213
8
202
11
282
11
455
5
78
7
490
16
250
5
90
15
E
260
12
94
17
307
12
342
5
54
11
180
19
478
9
350
5
189
4
217
20
277
8
15
19
381
10
U
360
4
355
17
9
1
461
7
363
63
X
160
14
333
11
302
9
309
7
387
9
76
3
275
1
460
10
400
6
444
5
88
4
436
3
296
10
345
3
140
1
T
140
10
92
5
364
10
445
1
72
3
134
5
61
11
47
12
322
10
399
9
358
9
F
240
14
103
12
233
15
183
13
242
13
191
9
267
3
368
12
36
17
347
8
354
16
127
13
137
0
295
7
440
1
Z
300
19
429
4
167
10
110
7
457
8
383
8
253
10
287
6
284
9
6
7
23
0
334
8
231
1
147
2
16
12
219
15
96
2
441
2
228
1
155
8
C
340
11
215
17
427
20
246
1
50
19
203
0
121
21
289
1
360
18
266
1
33
6
190
10
I
300
9
412
3
390
0
422
2
141
19
372
8
160
31
304
1
485
4
292
16
H
100
17
471
4
437
2
297
2
21
1
318
0
432
2
37
1
132
5
60
2
40
4
265
1
271
4
52
3
294
1
377
3
268
5
163
3
G
120
17
157
2
407
6
207
6
497
1
41
5
491
0
408
2
405
6
326
7
70
5
394
3
152
2
199
1
373
0
195
1
30
1
194
3
P
120
6
425
1
192
6
385
13
472
13
172
15
319
14
N
320
4
101
21
435
64
252
16
53
16
T
C
