6
5
R
140
17
150
8
8
5
129
1
207
1
234
1
256
5
141
2
456
0
310
2
99
1
461
2
343
2
285
5
103
2
227
6
138
8
407
8
C
140
5
352
4
180
11
246
12
387
13
442
12
J
160
17
85
0
201
3
446
3
452
7
283
5
482
4
274
9
222
0
93
3
18
7
37
6
6
7
481
3
106
8
477
5
488
9
447
4
V
220
17
130
1
19
6
323
12
464
10
240
8
394
3
396
7
116
2
188
12
197
8
83
11
406
6
445
12
476
10
426
10
61
8
255
5
A
240
17
208
3
363
5
186
3
210
9
251
6
370
12
287
4
239
5
290
9
284
2
377
6
232
6
307
10
53
2
64
11
385
2
475
4
J
R
