6
12
V
160
8
336
6
457
12
235
1
396
13
215
0
163
3
291
3
208
12
E
340
11
224
7
391
5
189
29
127
13
310
1
329
15
387
25
328
2
210
9
38
28
252
6
P
120
10
285
5
126
8
377
5
279
6
193
2
79
2
168
1
298
0
26
8
468
6
J
300
10
483
5
131
14
147
28
124
28
251
20
10
0
122
13
205
16
419
29
29
19
H
380
3
481
20
41
31
405
79
W
120
11
316
8
449
8
412
1
281
7
74
7
115
9
497
7
240
0
392
3
326
2
242
2
A
360
10
485
16
469
14
15
27
239
3
334
14
413
6
196
28
342
29
21
34
160
11
D
100
8
271
4
148
10
80
4
62
12
277
5
461
4
209
5
489
0
B
240
15
7
10
188
16
143
10
478
0
141
9
258
2
11
11
182
16
486
12
460
10
289
4
132
7
140
14
264
7
283
11
Z
220
15
191
5
381
9
75
14
411
14
417
3
170
5
13
6
287
5
445
8
96
12
123
7
330
1
198
8
357
3
340
2
N
280
17
84
3
493
5
294
2
227
5
352
13
418
16
332
7
273
13
19
13
230
0
338
3
78
13
295
2
261
1
125
8
112
7
307
7
G
220
12
436
9
99
17
365
13
479
15
355
4
353
15
430
15
33
10
384
0
373
8
49
18
451
18
J
Z
