6
17
T
160
17
490
5
430
0
268
5
156
2
293
2
60
9
281
3
118
7
336
2
265
5
288
9
312
3
486
2
269
5
373
5
219
7
152
4
W
320
11
469
24
65
14
22
10
262
14
472
23
419
0
242
0
40
20
175
7
328
21
218
14
K
120
17
324
1
99
6
201
4
317
1
476
2
103
0
435
0
326
6
1
3
481
6
20
4
17
7
381
2
112
2
13
5
208
0
226
2
U
180
6
394
29
68
1
144
8
120
27
279
22
416
14
P
100
7
96
13
477
0
463
5
397
12
359
13
227
3
217
10
C
180
14
401
3
483
0
44
12
239
3
165
4
362
1
278
8
368
2
420
5
46
9
321
6
198
1
403
8
341
5
J
180
4
244
0
332
35
41
1
128
45
E
160
10
114
7
84
0
106
13
433
8
200
7
357
14
176
14
162
10
246
6
340
2
Y
120
8
449
10
491
10
318
12
245
4
426
12
203
6
285
15
338
12
A
120
15
100
3
116
5
429
1
149
8
302
5
379
1
12
0
382
8
482
0
171
4
169
2
475
8
386
3
375
1
253
4
I
140
10
448
11
492
5
83
5
136
3
392
7
19
1
259
5
18
0
47
13
423
2
D
380
13
163
24
364
1
178
27
66
10
57
11
408
18
150
9
97
16
101
15
316
26
124
7
470
1
110
29
H
320
9
121
18
247
10
88
15
78
34
497
0
21
25
323
15
286
19
493
22
L
200
12
126
11
113
8
444
14
424
12
240
6
471
14
432
0
52
5
51
4
154
1
479
5
211
6
X
240
12
89
1
170
9
301
3
64
9
15
13
93
17
290
7
487
0
488
16
197
9
231
2
109
17
B
320
19
351
9
210
10
36
13
146
5
350
3
230
6
5
2
307
0
453
9
378
4
199
9
95
7
241
1
27
3
256
11
234
16
111
4
287
8
443
0
M
140
4
297
29
346
11
115
30
411
23
C
A
