6
11
H
160
8
347
3
353
15
323
6
6
2
24
19
350
19
181
13
315
9
R
220
4
369
14
0
23
359
25
252
14
I
380
6
360
23
99
16
119
42
424
54
368
1
140
24
C
340
3
390
17
391
81
48
30
P
380
3
137
54
76
6
442
75
E
200
16
188
9
123
4
397
3
436
3
189
4
263
2
69
7
83
8
234
12
208
10
250
1
463
0
111
0
179
11
271
3
168
4
K
300
18
93
5
192
3
88
1
173
14
151
1
175
14
335
11
65
9
98
3
227
13
163
7
133
6
194
2
302
12
303
4
25
4
362
15
171
9
F
240
14
80
11
418
16
102
10
37
3
385
11
52
14
164
4
407
17
108
13
269
17
66
2
212
1
344
2
485
14
X
180
3
239
60
13
36
468
5
G
180
15
332
1
64
10
243
8
480
8
312
5
451
5
141
9
165
2
307
4
59
1
193
3
115
8
330
4
95
6
402
2
Q
220
19
126
1
298
3
229
10
77
4
429
5
434
10
38
10
276
2
357
10
314
5
195
10
32
4
105
5
426
9
470
5
287
1
413
0
198
9
241
3
C
G
