6
9
W
200
12
458
4
480
2
183
15
268
7
445
13
386
1
7
11
327
5
389
7
169
16
469
8
165
4
F
340
17
482
15
55
11
334
16
406
15
459
13
173
13
130
9
340
18
350
15
267
5
495
2
112
11
171
6
154
7
361
4
132
15
200
1
B
360
12
306
26
77
9
164
18
413
28
302
26
115
12
433
3
21
12
243
24
212
30
478
7
178
4
U
100
16
285
0
99
3
293
0
38
0
89
6
342
3
141
2
344
3
244
2
29
4
304
5
277
5
11
4
172
2
245
6
78
4
S
100
17
288
4
470
2
412
5
440
1
204
3
465
4
177
0
266
3
96
0
472
2
391
3
462
0
371
0
493
3
423
3
45
1
190
5
P
340
4
53
9
283
76
174
81
170
61
K
160
7
28
8
366
8
329
10
122
15
2
14
198
3
319
9
J
100
6
224
6
477
12
81
9
109
4
331
5
94
4
X
220
17
5
3
153
2
113
1
392
12
455
5
402
4
451
1
193
0
474
2
490
7
49
4
30
2
189
6
263
7
483
8
184
8
435
1
W
P
