6
20
Q
340
10
458
33
230
34
378
14
436
28
439
2
13
27
17
12
352
23
461
21
259
11
H
100
15
257
3
434
2
109
3
6
3
371
5
440
0
441
1
191
4
415
3
255
0
437
2
139
6
211
3
307
0
18
2
L
360
11
248
12
256
30
473
31
59
14
39
20
373
31
144
9
34
16
280
13
223
23
471
11
N
140
15
176
8
388
6
218
5
309
6
194
5
45
5
375
3
270
7
118
0
357
7
401
8
76
5
422
2
9
8
27
0
Z
360
4
71
58
149
19
350
4
67
36
R
200
4
266
40
207
16
203
11
260
7
S
160
19
331
0
157
6
308
8
161
4
399
3
106
7
249
8
491
0
90
5
337
7
467
6
316
0
283
2
365
2
165
2
12
2
111
3
73
4
446
3
K
120
16
363
5
311
2
454
4
55
3
431
0
376
6
312
6
127
6
30
1
104
7
91
5
50
6
386
0
240
5
216
5
40
5
Y
100
5
427
6
400
13
278
10
102
4
417
0
V
300
11
277
23
215
4
54
22
470
23
392
3
301
14
364
11
19
8
464
10
328
26
477
8
W
180
15
406
11
153
10
369
2
286
7
419
1
444
8
166
8
124
9
78
10
214
11
52
8
330
6
484
4
267
11
479
11
U
260
12
92
6
167
21
31
13
402
13
424
2
47
10
299
13
135
7
314
9
347
19
442
14
496
3
G
360
14
51
7
489
1
410
14
342
22
10
22
482
0
463
11
271
9
332
22
48
25
474
18
288
24
358
13
68
10
E
320
10
336
31
160
20
377
18
344
16
42
15
138
2
287
10
361
11
131
17
340
4
O
300
12
343
3
199
3
245
4
178
2
14
4
359
8
370
5
206
21
180
5
94
25
451
11
133
2
X
240
5
64
7
382
32
95
46
254
7
182
16
B
360
18
37
8
232
5
476
13
295
3
274
5
262
5
16
2
186
20
22
19
483
9
450
8
126
17
233
9
394
11
4
11
197
1
198
12
293
16
J
120
9
466
10
136
3
411
4
143
8
44
3
374
3
8
1
62
6
5
12
D
340
7
353
10
204
27
21
31
170
6
250
4
53
5
189
4
M
360
16
239
4
381
8
407
2
200
9
327
5
453
9
84
22
181
1
481
7
24
6
499
1
152
7
28
1
132
10
379
8
279
2
Y
O
