6
14
H
340
19
380
1
195
17
41
7
244
6
51
2
351
5
466
4
425
11
459
10
154
1
173
5
252
12
470
15
104
12
84
14
130
4
118
12
476
7
446
3
X
320
6
479
3
285
39
387
18
105
32
168
25
490
50
K
180
16
386
7
82
5
280
10
321
8
463
0
86
11
346
4
106
0
393
9
69
7
191
11
475
8
54
4
228
5
372
2
263
6
T
300
8
394
33
493
5
430
9
378
9
71
24
2
17
299
27
257
12
D
240
4
283
32
177
16
176
55
220
38
B
160
18
279
5
44
8
455
2
115
0
433
3
136
4
242
5
494
6
383
1
28
7
327
2
358
4
268
6
63
7
438
8
246
8
141
5
12
0
L
320
15
344
7
216
8
320
9
324
13
23
0
192
9
310
4
241
15
419
3
214
13
312
17
453
21
0
12
409
0
415
3
W
180
18
232
7
297
7
402
7
116
9
209
0
414
9
146
9
135
4
14
8
92
8
81
10
97
1
349
8
11
2
26
7
457
10
275
3
365
5
O
140
17
47
8
159
4
67
8
273
4
70
7
8
7
218
7
187
3
129
7
400
8
301
1
429
1
360
1
210
5
352
3
356
3
432
5
U
380
7
153
34
392
15
388
46
467
48
45
4
196
43
498
31
I
140
14
391
9
313
3
424
10
340
7
370
8
111
0
33
7
292
9
440
0
269
3
371
9
50
6
284
1
38
9
E
100
3
5
11
9
32
248
8
S
340
8
52
26
499
41
452
21
264
20
147
42
422
20
61
12
1
6
R
280
9
348
6
342
9
259
24
369
18
338
8
339
31
373
30
300
25
229
25
W
R
