6
20
D
340
7
233
11
277
12
182
46
70
2
135
29
35
10
361
2
Z
360
4
263
69
227
35
320
19
468
29
J
240
4
177
33
66
34
401
58
456
7
I
140
12
435
2
162
5
56
1
198
0
294
3
60
2
105
7
332
7
434
6
31
8
175
8
196
11
U
240
7
107
4
346
6
205
24
90
13
264
9
147
1
474
21
F
120
19
347
0
315
2
388
6
350
3
419
0
237
6
127
1
331
2
472
4
366
4
387
1
86
1
282
0
208
0
309
2
171
3
405
6
61
1
327
5
C
200
10
404
14
197
16
262
4
94
6
49
12
326
19
101
13
499
6
165
11
146
5
K
280
19
226
14
253
1
421
12
228
0
128
4
441
10
29
2
176
12
28
9
460
0
407
11
110
7
252
12
204
14
186
14
428
6
243
1
367
7
111
7
O
320
11
424
6
242
9
79
11
71
14
496
3
202
4
279
1
478
20
458
18
430
23
271
28
Q
300
8
305
1
343
10
333
28
359
3
192
29
321
32
238
9
395
25
R
260
6
287
40
222
0
15
10
301
9
292
26
459
43
Y
120
16
99
3
235
2
334
6
220
4
139
1
498
6
364
5
479
3
245
3
493
3
45
5
295
5
349
0
471
1
344
2
27
1
X
160
18
59
7
92
6
95
8
17
2
62
1
385
5
484
3
383
0
188
6
293
2
225
5
492
4
432
3
143
7
142
1
20
1
6
5
316
0
H
200
14
319
11
76
12
481
3
174
6
167
11
44
8
291
4
215
10
213
4
207
10
486
12
14
3
137
0
275
3
V
100
15
109
4
36
0
258
1
156
6
219
1
318
0
442
4
354
3
342
0
398
1
289
0
106
4
184
5
457
2
392
6
M
140
5
391
25
312
8
446
26
251
2
26
8
G
320
8
273
39
47
36
440
13
98
23
104
1
203
3
488
1
288
18
E
140
19
248
2
439
5
313
6
152
5
195
6
369
6
160
0
236
3
88
7
400
3
116
0
473
4
53
7
84
3
393
3
206
2
173
7
163
2
10
4
B
340
11
281
10
190
16
22
20
362
20
382
7
151
14
78
0
145
10
130
1
33
17
240
5
A
160
6
82
0
55
17
57
11
399
16
314
1
278
5
D
F
