6
19
X
140
11
78
6
453
2
224
6
170
12
337
3
376
9
216
8
84
10
288
6
477
4
484
1
B
360
19
100
12
198
18
353
9
480
3
200
2
80
12
344
0
91
5
75
17
144
14
107
6
342
11
363
3
160
14
0
18
289
4
309
4
111
8
466
1
Y
140
3
314
16
68
13
14
45
Z
160
15
223
1
492
3
95
6
229
6
38
0
194
10
336
9
181
4
389
6
364
7
208
9
391
3
86
5
420
7
2
0
M
180
19
301
0
355
2
444
9
271
3
156
6
384
8
345
2
405
0
333
2
154
5
461
1
28
5
401
5
4
2
102
8
62
4
61
8
214
3
245
4
T
260
8
457
30
65
3
258
7
322
26
41
30
241
28
328
26
217
32
V
180
12
346
7
30
8
402
12
114
13
442
12
305
12
147
15
83
7
483
8
423
10
339
14
162
15
E
260
19
446
6
250
4
195
1
447
5
32
8
428
11
308
13
283
9
232
10
426
2
325
9
418
12
299
11
146
11
382
6
133
1
219
1
26
13
230
7
C
360
15
39
2
164
15
278
15
119
8
23
6
203
0
390
23
6
9
499
6
109
13
57
15
392
3
417
23
321
15
460
12
W
160
16
437
10
255
6
435
7
59
1
403
4
189
4
455
4
462
0
495
9
33
4
378
4
273
9
210
5
123
0
3
4
332
3
H
160
4
22
18
266
39
126
24
312
15
L
260
17
372
10
482
6
246
12
474
14
37
10
317
10
73
7
413
15
63
7
419
6
320
8
243
5
388
0
303
0
406
0
93
2
12
15
D
360
7
163
21
410
51
368
0
456
11
470
21
498
16
182
4
J
160
6
116
12
226
4
171
16
184
21
488
15
427
2
R
100
15
350
1
81
0
96
5
285
4
248
3
489
3
324
5
17
3
311
0
445
3
186
3
64
2
340
2
356
2
381
2
P
360
15
467
19
316
14
231
24
323
1
87
18
450
23
310
2
276
24
374
7
493
0
394
9
15
17
287
5
121
4
180
23
N
320
6
319
26
88
26
396
22
479
10
393
38
213
53
I
340
17
72
9
10
16
157
5
429
18
204
2
79
15
294
10
207
2
27
4
425
14
149
1
35
19
399
17
383
1
274
3
131
3
105
1
K
380
16
238
7
262
4
295
20
106
12
469
18
158
14
135
6
192
7
212
12
140
6
55
14
490
1
60
23
237
0
397
21
199
21
L
V
