6
13
A
360
15
414
9
376
9
442
13
117
24
378
23
239
18
305
24
187
19
87
4
192
1
348
20
73
3
470
14
201
24
228
10
S
220
15
443
6
385
8
277
4
347
13
292
3
445
2
373
12
312
10
130
7
308
10
97
8
155
8
268
0
271
9
429
12
T
220
5
214
41
196
7
370
7
185
8
132
29
P
120
10
280
3
389
6
444
10
146
7
459
3
325
0
498
2
15
4
27
8
410
9
G
340
3
363
23
340
59
218
85
H
240
5
353
28
197
6
316
11
234
22
247
46
C
100
7
20
2
37
5
80
4
482
8
220
6
215
8
52
2
B
180
5
105
32
121
30
267
2
107
19
84
28
E
340
14
438
2
163
12
285
9
461
22
7
8
226
12
103
0
134
5
208
10
421
7
309
4
419
13
297
17
430
12
F
160
6
494
21
250
0
296
26
334
16
338
18
78
7
I
260
12
333
11
393
2
332
8
211
17
89
19
213
8
351
18
175
20
190
4
55
10
463
5
499
15
Q
360
5
231
55
311
13
41
33
158
34
237
31
L
380
4
153
65
123
7
128
63
33
50
C
T
