6
18
V
260
4
219
17
65
10
12
27
24
2
B
340
4
82
78
421
21
272
35
423
61
D
140
9
405
3
121
11
225
0
435
5
194
4
16
10
488
13
215
11
364
5
T
320
17
182
2
119
17
383
2
107
2
306
8
62
3
261
1
58
15
60
15
99
14
28
3
142
9
78
1
0
5
179
13
102
11
145
1
G
260
13
22
6
337
20
50
5
440
12
302
9
252
8
493
12
240
5
331
0
396
15
255
20
417
6
332
18
W
120
15
427
0
61
0
189
1
234
4
36
8
171
7
44
6
327
5
134
5
281
6
359
1
25
4
395
0
301
8
321
2
Y
120
12
124
8
401
7
312
7
157
6
492
10
339
4
132
3
27
3
9
8
92
9
334
7
467
8
E
340
11
116
0
363
5
229
27
139
19
2
25
314
19
472
27
155
21
258
7
128
13
165
14
R
120
6
149
3
75
5
495
7
298
0
222
2
399
10
M
340
3
169
104
443
40
406
42
I
280
15
315
0
263
13
94
11
343
10
51
4
108
1
35
11
72
8
43
11
81
8
250
15
397
16
146
4
56
15
38
18
Z
260
3
319
51
389
76
21
45
U
220
13
210
1
377
4
430
15
452
10
103
9
387
12
161
1
68
11
426
11
445
2
478
11
404
5
209
6
C
240
13
90
8
176
2
295
6
460
1
355
6
348
18
204
3
110
8
180
13
432
6
486
7
212
7
419
6
H
100
16
13
6
235
5
246
4
431
4
439
1
148
6
95
1
237
6
123
4
308
5
309
3
394
0
14
4
20
4
113
2
282
0
L
360
18
483
17
76
12
451
4
45
10
70
16
89
13
459
11
482
14
17
17
410
16
66
18
345
5
187
11
412
0
381
19
375
1
322
4
386
17
F
280
15
19
0
340
3
86
13
52
4
59
6
217
6
458
18
371
16
80
13
413
2
53
6
202
12
203
8
305
2
466
0
O
160
17
414
8
333
2
200
2
208
3
294
2
245
7
429
7
438
4
233
4
346
4
100
0
350
2
10
6
166
5
185
3
300
2
361
6
E
R
