5
25
D
260
14
100
12
179
14
103
1
66
11
214
16
320
18
340
11
366
2
456
3
28
13
430
14
263
0
95
14
341
15
S
100
15
60
6
343
4
202
3
121
3
381
0
6
2
232
4
123
1
259
0
46
0
289
5
209
0
427
0
336
4
338
6
V
300
4
21
12
482
63
428
57
329
69
L
380
16
433
0
447
16
96
13
403
16
284
11
421
4
429
10
391
0
257
1
323
2
244
9
299
5
342
8
365
20
388
10
67
23
K
300
18
361
14
417
16
99
4
423
9
465
6
126
13
215
9
496
8
311
16
455
5
45
2
461
9
129
2
16
8
136
16
0
14
270
13
473
15
Z
140
6
292
7
319
13
330
2
298
9
125
22
357
7
C
200
18
276
0
314
10
407
6
188
5
359
9
262
0
35
9
134
6
222
1
117
2
206
8
476
6
172
7
332
3
9
5
41
3
315
3
488
1
E
200
8
196
25
143
17
479
15
147
12
224
7
217
10
72
18
392
11
G
160
4
38
15
393
0
383
27
425
25
Y
100
9
226
6
82
11
114
8
307
2
490
0
422
3
13
4
498
3
351
10
B
160
4
81
4
39
14
295
2
471
31
I
140
17
101
0
499
4
390
7
477
1
418
8
68
3
201
5
190
3
175
3
230
3
138
1
146
7
312
1
74
5
256
4
168
1
90
8
O
220
7
189
14
492
9
416
20
306
18
133
17
213
6
235
6
W
320
19
437
10
297
6
454
7
438
0
246
12
445
4
412
8
22
8
1
5
48
0
409
6
408
9
440
16
300
9
57
15
26
11
459
12
156
11
466
9
P
240
13
248
16
241
9
387
9
424
0
162
7
271
1
483
6
384
16
337
16
255
17
174
1
183
7
419
10
T
380
14
234
2
434
25
132
7
62
10
339
13
20
24
405
12
245
27
233
27
389
11
171
7
358
19
160
15
243
25
A
280
6
219
3
3
31
92
31
240
14
413
45
212
33
X
100
19
29
4
350
0
78
5
399
2
371
1
87
2
236
3
254
3
457
2
58
3
64
0
199
3
151
0
287
5
165
4
98
2
489
4
31
1
52
0
N
160
11
40
5
481
10
345
12
97
6
317
1
122
3
478
7
378
11
178
5
402
6
377
12
F
220
18
460
8
327
12
187
4
105
11
386
3
435
9
446
0
79
10
75
3
124
4
43
5
163
9
191
8
120
8
250
3
50
12
182
1
321
3
Q
200
7
200
17
198
25
211
22
229
9
84
4
80
24
177
25
J
160
12
164
13
167
9
109
6
283
7
225
0
112
6
54
10
415
13
193
1
166
13
106
9
89
7
U
380
14
374
5
267
16
414
26
59
1
346
23
291
27
258
20
426
4
411
23
161
8
149
27
370
22
69
5
142
3
R
280
12
493
21
30
16
207
11
44
8
91
20
372
16
450
17
93
18
360
12
33
18
495
11
5
15
M
260
5
17
0
382
13
475
24
186
18
261
26
