5
14
T
380
19
417
17
339
0
101
4
294
4
405
14
202
17
459
17
70
0
414
15
179
11
60
1
49
9
477
15
296
1
304
11
173
18
394
15
416
3
393
20
W
280
14
141
2
12
7
355
2
104
5
298
10
133
15
359
20
62
19
122
16
47
16
264
16
109
16
182
8
172
19
U
340
13
277
25
257
2
452
0
244
4
419
13
248
15
42
19
169
7
206
8
40
16
289
14
440
23
455
18
G
280
5
468
14
446
38
3
19
43
45
39
56
B
360
11
261
26
282
19
497
2
114
29
368
0
423
17
140
12
103
9
155
4
223
12
199
13
Q
160
7
386
9
402
11
404
4
243
16
367
5
96
6
214
3
V
200
9
331
5
85
16
487
16
158
16
217
6
360
14
200
19
65
8
204
18
X
260
7
126
2
81
1
303
2
354
15
201
37
196
16
403
10
F
240
12
194
10
235
15
187
20
216
15
476
7
321
3
135
16
83
18
356
12
134
17
343
12
38
0
D
140
19
272
3
372
1
379
2
412
5
192
1
14
3
482
5
451
5
208
7
100
1
128
7
353
1
177
2
432
3
25
2
181
1
77
1
262
4
458
7
K
220
19
293
1
183
7
256
2
357
6
6
3
251
5
325
1
342
7
203
9
467
9
119
9
352
11
374
6
429
7
460
7
24
2
483
5
380
4
76
8
C
260
8
485
10
20
11
79
26
228
7
401
7
378
6
479
6
161
18
Y
200
8
310
0
411
16
426
6
311
14
7
18
418
8
385
10
59
17
I
200
16
363
10
334
9
329
1
301
11
275
8
493
5
382
0
484
5
74
12
365
10
315
8
164
9
246
1
350
2
215
2
105
12
