5
11
R
280
19
47
14
156
10
427
7
98
14
311
0
498
9
171
1
328
2
33
0
479
9
163
3
189
3
449
14
306
14
144
11
349
6
89
3
465
8
290
7
J
320
6
453
18
411
14
86
10
226
36
259
47
108
11
C
240
13
59
6
402
1
91
14
46
13
27
6
483
0
28
13
283
4
21
12
20
13
363
16
194
13
276
0
X
280
17
116
11
208
12
1
2
439
12
309
9
344
15
128
9
117
3
299
1
26
3
236
10
243
6
149
3
457
12
303
7
416
1
399
1
B
300
5
494
12
287
59
400
22
96
24
460
43
V
220
15
62
10
451
13
82
6
224
11
215
3
441
9
104
4
131
3
298
10
154
11
263
5
489
7
225
8
379
1
186
13
O
240
5
55
45
490
26
308
2
456
4
168
24
U
320
8
24
24
444
2
211
30
470
13
30
33
106
2
492
33
382
26
T
140
12
432
9
179
10
44
7
227
10
219
3
48
0
354
4
336
11
273
0
266
3
454
7
334
0
W
320
13
6
23
404
24
493
10
355
20
403
8
302
14
161
12
337
18
320
22
459
8
323
4
188
20
155
22
Q
360
10
113
7
270
30
187
14
74
4
64
10
129
34
410
28
331
32
286
8
394
21
