5
9
U
240
14
195
1
412
7
279
16
128
16
317
5
155
1
117
8
183
0
133
17
253
3
298
8
350
13
130
3
324
13
X
280
11
71
4
219
24
307
1
440
18
448
11
53
24
344
11
282
13
407
19
310
6
218
9
L
380
10
41
28
196
29
375
26
89
2
61
35
441
28
232
26
439
38
471
3
215
38
Z
100
19
235
1
151
4
190
4
450
1
402
4
148
3
80
5
3
5
173
0
492
2
290
1
430
5
328
0
172
0
44
1
416
3
377
2
291
5
476
2
O
200
14
360
0
127
1
220
14
95
6
263
8
410
10
449
6
409
1
69
6
146
5
467
11
461
13
351
4
371
13
K
300
4
138
68
1
42
386
18
96
75
P
360
7
166
39
55
17
398
10
158
37
230
11
186
45
483
40
F
320
5
303
11
400
14
109
56
399
18
160
26
B
360
19
436
0
468
14
10
12
147
4
496
3
225
15
182
0
126
0
141
3
5
2
101
6
8
5
281
12
306
6
171
4
38
17
227
6
494
16
153
13
