5
15
L
100
9
469
2
37
7
47
3
374
4
308
11
440
8
174
5
217
6
116
5
P
160
13
211
2
348
2
19
9
192
12
467
10
153
6
15
8
354
12
370
5
415
1
375
9
241
1
473
7
X
200
13
159
12
252
8
462
6
51
15
475
1
357
10
485
4
86
11
59
10
12
2
439
1
488
3
97
0
I
140
9
76
9
204
2
406
10
160
8
137
1
356
14
372
12
358
14
338
7
Y
240
6
176
24
149
30
95
4
196
4
312
22
218
20
E
140
19
11
1
424
6
114
0
323
2
269
2
320
6
401
4
416
5
412
1
382
4
410
4
85
5
397
1
131
2
136
1
29
2
464
1
103
0
183
1
B
120
12
466
10
121
3
67
4
133
0
407
2
365
8
278
4
402
7
377
2
234
3
65
9
215
3
A
340
8
58
9
115
38
480
42
35
9
87
4
340
14
331
40
246
7
Q
100
15
266
3
444
4
400
4
179
3
107
1
484
2
387
4
286
5
31
4
258
0
22
6
307
4
448
6
194
1
318
4
R
260
9
93
23
223
8
41
6
213
26
290
17
27
16
418
12
368
27
91
3
W
160
6
495
14
390
7
394
9
2
12
333
12
496
11
M
300
15
315
12
63
10
277
15
200
4
245
2
441
5
385
16
113
2
181
13
169
4
191
8
224
20
50
16
457
4
282
18
N
200
5
251
34
94
15
42
28
304
40
479
14
T
160
6
25
7
109
24
45
14
471
25
17
2
154
2
V
280
6
126
33
55
15
108
42
145
12
10
36
256
43
