5
15
V
100
16
260
5
124
2
58
0
35
1
217
1
66
2
303
2
258
4
232
1
347
2
321
2
489
1
292
3
8
2
38
0
424
5
A
380
19
215
2
116
8
32
18
257
15
159
1
222
12
141
10
20
5
200
18
156
2
177
13
343
9
131
10
89
8
366
3
239
19
127
16
218
20
381
7
S
380
10
75
5
34
25
25
28
178
26
475
19
228
6
410
38
48
32
255
26
12
11
F
180
11
135
14
118
14
155
9
329
10
24
5
36
13
56
11
319
4
422
3
391
7
153
13
X
220
5
103
1
26
0
345
43
102
40
190
12
I
180
7
136
24
21
12
61
23
453
6
179
0
395
9
482
11
N
100
7
488
7
387
14
181
14
385
4
430
7
162
13
452
3
Q
140
12
449
0
471
4
182
0
211
7
130
1
372
3
433
8
251
4
101
2
368
4
301
3
278
8
R
140
6
132
9
85
2
93
13
94
8
311
3
105
19
E
240
14
129
8
342
14
349
3
291
2
166
6
315
9
121
17
276
15
202
6
229
8
37
4
456
7
463
9
227
17
Y
260
14
270
15
358
6
318
10
373
2
379
12
13
17
447
14
126
12
122
3
413
16
376
3
142
10
344
8
491
16
U
240
18
216
2
393
10
54
9
148
11
250
7
53
6
175
12
98
1
327
1
55
4
187
13
282
12
17
3
151
9
377
6
487
0
469
9
280
6
D
320
9
208
34
7
5
335
9
338
16
117
23
490
4
111
17
493
28
27
25
O
100
5
11
5
152
16
478
6
323
9
480
14
Z
320
5
86
32
145
62
254
54
357
5
170
9
