5
12
I
260
15
499
1
436
5
392
10
52
17
381
15
90
1
459
12
275
2
218
9
454
15
247
6
314
2
29
5
234
4
343
13
E
300
5
298
60
142
13
337
60
48
31
284
28
A
300
5
113
2
303
31
10
49
132
11
121
3
Y
120
10
388
10
270
10
333
7
474
0
102
2
140
1
358
2
376
10
177
10
117
9
X
100
4
246
4
460
4
169
19
378
3
R
160
4
394
24
286
4
414
17
444
3
F
300
7
188
19
155
39
334
28
104
35
295
10
186
18
220
30
C
180
3
329
24
450
56
469
36
J
180
3
18
53
435
51
204
51
U
140
19
290
7
293
3
73
5
51
0
430
5
170
5
116
6
47
1
6
1
433
6
260
7
267
4
171
3
198
6
366
6
76
2
326
3
86
1
118
2
O
180
4
183
12
115
3
226
14
375
14
P
220
15
36
11
355
9
175
12
206
9
167
12
395
0
96
8
390
11
154
12
129
14
357
10
397
2
256
0
252
8
137
3
