5
10
U
380
14
268
16
23
19
359
24
20
13
235
8
28
18
24
27
98
15
482
3
419
1
233
23
96
16
31
1
399
6
S
380
7
264
37
495
15
387
8
313
22
323
15
328
2
136
4
A
120
18
19
1
149
4
363
0
29
0
168
0
481
1
285
5
177
1
347
1
367
2
94
5
35
5
160
0
0
6
292
0
288
0
395
3
438
5
E
220
9
163
11
135
22
69
9
119
11
360
12
398
16
279
24
132
12
109
16
J
300
9
243
15
499
16
133
17
490
8
47
13
362
6
410
11
104
21
487
18
I
180
3
172
8
270
18
148
60
L
360
7
224
15
191
9
346
35
266
29
130
33
300
36
93
51
C
140
12
315
7
74
7
303
3
139
11
241
9
308
8
34
3
446
0
175
7
417
5
263
2
232
5
D
200
18
374
2
432
5
178
9
6
3
229
3
488
8
333
8
327
0
491
7
45
7
155
5
353
10
469
7
382
6
17
10
194
0
126
3
3
6
Y
160
9
302
1
296
6
474
15
442
0
26
13
275
8
297
11
289
17
421
12
