5
13
V
220
16
425
6
485
10
176
1
10
11
84
0
249
11
108
3
115
13
178
5
230
5
251
9
13
2
457
8
64
0
219
12
124
9
A
300
13
98
12
376
23
48
15
42
10
228
7
187
8
16
13
426
0
453
0
331
12
203
14
109
16
43
0
Q
360
9
172
11
83
8
443
26
469
17
274
38
87
36
66
33
165
29
95
33
S
220
10
150
7
97
11
112
19
421
22
382
6
345
19
207
7
459
11
88
21
378
5
B
180
14
264
7
126
5
363
11
201
12
462
5
34
2
198
8
413
7
286
4
122
12
244
9
349
3
321
3
184
8
W
240
7
408
14
20
10
486
20
211
25
497
12
261
13
183
9
R
180
6
360
27
287
11
357
21
91
0
284
18
56
13
X
140
4
468
32
146
25
352
17
493
11
L
380
6
210
42
27
55
354
52
368
14
394
46
33
14
T
180
17
163
6
285
4
80
5
359
0
494
10
94
9
297
4
307
9
495
7
375
10
252
4
330
6
390
9
128
0
105
5
240
9
81
5
O
320
11
177
17
491
20
312
27
364
16
41
5
465
19
5
22
157
21
265
18
36
23
102
20
Y
340
15
489
4
338
15
371
12
296
11
450
4
407
8
232
12
40
15
171
15
309
9
282
17
190
20
147
7
402
20
478
1
Z
160
15
60
10
169
7
217
1
231
6
280
4
432
7
289
10
243
4
35
3
70
2
340
0
471
4
266
6
237
8
92
8
