5
13
F
300
4
160
37
39
48
76
49
95
71
S
220
14
209
0
295
4
394
5
283
14
63
14
292
6
351
2
307
3
26
13
92
13
123
10
340
12
144
8
0
6
P
240
9
393
19
32
23
304
24
213
22
263
9
336
15
60
1
262
20
454
12
J
220
10
48
9
130
19
104
4
29
1
285
0
320
14
487
6
361
5
326
20
173
11
E
380
12
342
13
478
21
233
0
418
8
78
29
413
16
267
30
397
0
471
16
166
6
22
16
484
27
A
260
13
268
7
276
14
162
16
67
1
333
20
323
6
214
16
401
2
409
8
417
1
306
15
485
5
98
4
D
200
4
423
16
149
25
365
24
408
34
T
120
19
453
5
27
4
1
3
375
4
476
6
195
1
329
2
155
3
335
1
189
5
87
2
168
5
301
6
101
1
274
4
290
4
415
6
118
4
15
0
O
140
16
148
8
282
3
402
7
61
5
75
1
358
1
62
5
175
5
368
5
277
7
8
2
65
5
312
6
182
8
421
7
234
1
G
160
16
338
10
185
8
293
8
258
5
337
5
159
7
424
6
373
9
113
0
52
10
273
5
429
1
154
1
19
7
334
0
187
0
C
180
19
38
1
461
1
110
0
165
5
80
4
246
3
81
1
183
5
305
5
366
1
389
1
57
0
435
7
14
9
465
0
457
0
128
3
256
6
491
8
I
160
17
211
7
360
5
294
5
216
9
250
9
482
6
143
8
34
6
249
5
16
0
231
2
164
8
367
2
221
9
54
6
298
4
178
1
B
120
15
253
4
46
4
434
1
428
2
42
2
464
7
7
6
135
2
202
0
236
6
10
4
74
7
180
1
439
8
407
4
