5
16
R
100
16
311
5
288
3
469
6
415
3
26
1
344
4
427
3
10
2
319
5
393
4
306
4
331
6
135
6
236
3
298
1
189
5
A
140
13
488
1
228
6
143
3
42
9
348
9
190
3
191
5
496
4
487
3
240
3
253
10
412
3
284
0
C
100
14
269
2
443
4
232
0
335
7
436
3
230
3
249
1
33
6
292
6
420
0
432
2
154
4
259
4
121
4
L
220
6
233
21
63
23
328
6
169
7
72
31
201
24
E
300
9
12
6
162
22
28
12
152
10
163
25
391
32
51
16
272
21
360
11
S
220
8
147
21
203
14
237
17
234
0
302
12
301
23
405
18
242
2
P
340
8
406
38
449
2
358
4
106
7
11
36
114
13
379
20
425
36
N
220
19
414
11
87
2
346
4
384
0
231
8
197
11
266
7
485
6
441
0
423
9
410
11
382
7
192
10
247
7
368
4
219
7
296
4
206
5
413
9
Y
220
18
16
11
71
10
148
11
474
9
0
3
122
8
40
2
486
9
270
6
329
2
400
9
115
11
386
8
52
5
175
7
390
12
401
0
78
10
B
160
11
133
11
268
4
318
6
285
2
227
12
57
13
263
8
222
2
323
10
59
10
243
13
G
180
7
54
4
309
23
378
8
434
9
337
23
353
25
102
17
V
140
7
171
3
107
6
254
13
145
8
416
15
22
11
375
16
F
260
10
199
4
256
0
404
2
492
8
305
25
442
6
303
13
66
6
132
0
141
6
T
100
12
381
1
216
7
194
6
325
2
439
8
356
6
5
6
371
1
244
0
370
7
453
5
407
6
W
140
10
50
6
271
12
35
3
112
14
334
2
255
13
455
0
252
7
291
1
274
7
H
140
5
161
9
476
26
444
22
91
22
155
5
