5
16
N
340
4
275
55
92
41
194
58
5
75
Q
200
6
464
13
101
6
294
29
377
4
393
29
272
24
H
340
17
358
10
305
14
364
6
431
4
107
3
483
1
338
3
460
6
404
0
98
2
215
17
327
17
246
1
172
2
197
0
198
11
99
19
I
120
5
157
21
478
15
469
19
76
9
13
3
D
180
17
64
1
437
4
95
7
248
6
68
5
230
10
441
10
422
7
315
5
10
6
416
2
362
3
336
1
292
4
74
10
106
10
211
4
E
240
14
152
1
146
2
138
7
258
10
473
0
432
8
467
3
485
14
195
3
131
1
16
12
236
9
355
7
176
11
F
280
9
449
7
234
22
371
30
205
4
251
23
11
0
163
31
219
17
59
2
T
200
16
116
4
341
9
430
7
400
1
271
7
414
4
260
8
36
8
419
0
273
0
359
9
78
11
448
6
67
12
278
5
463
5
Z
340
19
257
16
153
17
137
8
438
13
208
4
363
11
484
13
402
6
311
16
39
0
445
16
442
11
388
1
379
12
399
3
151
3
243
11
222
11
111
12
X
100
7
196
3
235
10
168
9
233
11
55
14
392
0
401
0
A
240
13
19
14
105
3
128
0
351
10
72
10
323
9
108
3
491
8
308
7
120
16
370
9
244
12
144
14
U
360
3
487
61
135
48
433
44
L
380
14
415
9
497
2
458
1
423
24
344
15
85
16
224
4
160
18
480
0
420
10
140
19
142
8
390
1
41
15
S
360
13
192
0
361
8
471
3
334
26
387
9
482
9
254
23
284
4
221
2
373
7
155
16
309
27
477
13
R
360
16
186
8
183
14
177
1
216
2
475
21
408
3
162
2
104
12
226
19
26
20
454
4
83
6
51
1
66
22
89
11
494
7
J
200
18
349
2
14
10
190
3
212
3
166
6
28
4
240
2
84
3
428
1
298
1
465
10
263
2
61
7
405
11
40
3
425
5
90
9
411
6
