5
6
N
240
11
329
12
337
10
279
12
14
11
190
10
152
2
121
21
163
12
55
16
369
3
455
6
S
160
5
263
22
171
22
53
27
7
22
352
0
P
340
4
134
33
379
2
327
61
98
56
L
140
15
56
8
12
3
192
7
142
9
459
5
79
7
312
0
266
4
479
6
495
4
184
2
155
8
322
9
4
8
104
7
J
100
4
211
16
258
14
109
6
105
22
H
320
19
256
11
96
10
88
6
264
7
51
15
217
0
89
11
293
3
204
12
236
10
100
1
494
2
64
14
291
10
268
7
302
10
348
11
343
12
307
9
