5
22
B
340
17
13
18
439
18
158
15
180
20
399
7
272
3
396
2
200
15
179
16
120
12
392
0
368
20
98
7
208
17
382
17
60
3
281
2
U
200
10
269
5
336
13
184
13
441
19
197
6
307
15
14
9
15
2
299
13
387
0
Y
320
4
103
69
211
3
161
1
404
15
Z
300
6
434
50
300
4
243
2
154
25
367
24
19
17
D
380
9
44
31
67
4
333
1
55
18
12
22
487
24
466
13
144
23
218
4
W
260
6
105
32
435
16
467
40
334
34
438
19
190
25
P
240
16
309
10
429
9
330
9
407
5
371
12
270
6
494
0
31
2
230
14
491
5
305
15
476
14
314
7
497
10
219
7
285
5
M
240
10
188
11
402
0
194
24
193
8
138
18
374
5
459
0
87
7
385
12
393
4
V
300
19
423
0
170
6
111
10
50
9
58
0
143
5
69
4
147
14
274
4
364
5
7
7
37
5
458
9
235
8
267
4
376
12
198
4
169
8
475
4
A
340
16
308
19
229
9
375
20
176
21
84
20
0
16
284
5
122
11
43
4
244
1
199
3
328
13
46
15
449
8
10
13
403
15
S
220
13
320
15
232
13
425
15
400
2
59
9
212
7
162
7
115
8
313
16
318
2
30
9
496
5
251
15
J
100
13
187
1
341
5
183
1
95
6
238
0
499
2
83
4
322
7
38
0
453
5
57
1
107
3
326
3
G
380
18
5
0
481
17
302
2
24
15
325
4
247
19
268
10
72
2
205
3
21
0
440
11
159
18
186
17
498
20
250
12
331
9
129
21
145
10
T
260
9
152
23
370
24
9
5
135
27
52
21
68
1
62
7
406
11
113
1
R
180
5
263
1
483
32
452
26
164
8
484
16
O
220
6
163
14
99
28
383
11
355
32
426
17
373
16
E
200
10
464
10
25
16
480
8
150
20
262
18
345
2
257
7
310
20
259
16
16
13
X
200
17
155
9
148
7
427
4
204
1
118
9
431
1
82
6
289
6
100
10
101
10
490
6
32
3
207
8
379
0
177
5
293
11
410
10
H
240
9
110
5
93
19
20
0
213
23
457
6
173
15
357
25
79
21
344
20
F
180
6
287
15
470
30
45
30
61
24
261
27
151
2
I
220
14
377
3
311
0
412
12
73
7
321
4
292
4
116
1
419
4
258
0
249
8
316
9
294
1
1
14
485
0
K
100
10
304
7
153
4
283
2
420
6
340
4
359
4
384
6
66
6
386
9
165
4
