5
11
C
280
12
397
3
319
23
261
3
327
14
386
20
199
19
346
18
482
8
151
9
313
0
244
3
409
9
Q
380
15
292
9
150
11
41
1
320
16
230
21
473
22
243
8
495
6
19
11
83
24
196
21
412
4
81
8
322
2
353
4
P
380
4
293
66
183
6
221
67
289
5
U
240
9
228
15
471
2
28
26
253
6
372
25
212
10
396
9
426
21
76
7
V
320
12
480
3
170
10
128
3
103
10
344
10
106
11
438
6
305
16
456
10
22
0
440
15
310
24
Y
100
19
136
3
487
5
413
0
130
0
262
4
280
5
252
5
297
1
270
3
267
1
54
4
160
0
86
0
60
0
195
4
169
3
118
0
499
4
88
4
N
100
4
331
15
265
16
5
0
107
19
I
140
7
79
2
431
16
32
20
33
19
9
20
40
7
258
10
Z
180
10
168
15
298
3
343
3
334
16
152
12
1
11
171
15
275
17
80
4
147
5
X
100
15
209
5
380
5
176
6
36
4
21
4
204
4
486
5
224
2
210
2
97
6
389
6
435
2
421
4
301
0
385
1
G
320
18
273
13
377
17
415
9
14
13
2
1
67
6
481
0
309
4
468
1
454
6
186
2
3
11
490
17
129
0
56
9
308
6
121
8
437
3
