5
22
O
360
13
445
2
94
12
41
16
257
1
380
20
405
19
0
0
27
15
283
24
22
6
475
16
21
9
13
16
W
100
16
359
0
368
1
86
0
51
3
432
4
39
0
201
3
140
5
117
5
447
0
205
6
307
3
313
4
199
3
165
1
468
6
P
160
7
29
8
213
3
481
1
225
10
433
18
137
11
178
3
C
320
11
319
26
135
23
268
11
228
12
491
19
375
2
260
7
67
14
404
9
195
2
105
23
I
340
16
473
14
132
11
297
7
408
5
113
13
267
12
461
13
66
8
14
7
277
7
33
8
249
10
467
12
162
10
125
12
11
19
F
200
13
262
0
48
9
31
3
403
7
62
1
240
2
360
10
167
3
112
11
119
15
392
2
458
14
495
1
Q
220
13
349
8
244
5
465
11
471
14
272
8
28
7
3
10
292
8
420
13
212
9
231
8
80
10
163
2
Y
220
18
298
11
87
9
203
5
293
4
180
9
340
11
218
4
329
1
434
12
266
7
451
10
146
7
168
7
462
11
336
5
320
6
261
4
295
11
A
200
14
129
12
81
13
17
5
71
8
65
8
279
14
417
14
133
8
230
13
179
14
8
11
111
11
466
0
79
3
H
140
13
395
10
174
3
223
6
176
8
411
2
423
8
276
8
63
7
483
2
234
8
494
8
160
8
383
8
G
180
5
306
0
157
29
365
31
159
12
312
17
Z
160
9
311
1
226
7
122
4
235
11
40
16
436
5
247
3
370
2
289
8
S
280
12
454
12
61
6
398
9
331
21
73
8
24
9
250
0
116
17
415
5
38
6
426
2
438
9
T
260
4
258
42
232
37
70
30
161
28
D
220
7
151
7
406
15
310
16
241
11
493
8
407
14
444
7
N
200
17
354
5
373
7
485
1
2
2
121
0
166
10
328
8
386
2
419
6
239
11
288
6
374
10
309
6
402
6
488
1
222
2
330
10
J
380
13
104
2
82
5
221
10
30
5
391
14
242
20
393
14
49
24
138
9
449
22
220
27
110
27
158
20
M
240
8
496
24
300
11
355
29
114
24
127
15
136
27
19
8
362
23
L
200
18
412
10
256
6
437
10
123
6
139
4
364
4
418
8
211
5
348
8
189
5
216
7
343
0
308
10
474
10
55
10
270
10
26
9
254
1
E
260
19
118
10
422
11
318
9
361
4
489
2
322
9
385
11
409
10
372
11
294
1
45
0
439
8
414
13
452
6
153
8
107
13
486
2
290
4
35
10
R
220
15
36
12
32
5
255
13
286
9
253
2
378
1
369
8
339
11
224
10
251
12
321
12
233
13
109
13
155
8
34
12
U
320
8
68
33
185
30
281
13
164
4
210
2
6
21
59
19
103
34
