5
19
L
360
6
236
35
435
60
248
22
427
47
303
4
57
28
P
180
4
118
32
250
31
189
27
111
5
Q
140
14
473
5
355
8
84
7
312
8
379
0
112
10
426
9
96
6
26
6
339
3
298
9
67
2
89
9
197
5
Y
160
12
389
2
212
13
109
1
229
7
147
6
262
5
238
10
115
13
484
0
222
12
81
2
24
8
M
280
4
136
53
14
17
315
22
471
54
E
180
13
163
13
334
2
202
0
244
8
79
2
481
11
15
13
138
2
45
11
483
9
97
3
148
5
206
13
F
220
19
224
10
25
0
281
8
417
0
359
5
200
9
114
6
98
11
77
10
390
3
153
9
475
10
140
6
63
0
53
11
447
10
440
8
406
0
488
1
D
280
8
234
17
235
19
432
33
190
20
291
16
107
32
33
29
198
19
V
220
6
6
14
195
32
32
3
326
31
421
18
453
15
N
180
13
72
8
34
4
23
13
396
3
59
10
466
9
498
12
340
0
377
11
177
3
133
9
207
2
479
3
J
140
5
495
15
100
2
280
13
367
7
247
25
G
260
11
460
18
170
23
155
13
184
7
76
13
333
20
431
20
85
8
105
17
192
3
172
16
T
280
5
120
56
472
37
255
15
20
7
188
22
H
320
4
275
36
258
59
449
66
2
57
O
180
15
94
12
227
12
87
4
38
3
90
0
325
3
185
12
4
4
134
7
392
7
122
3
121
8
358
4
354
10
137
2
K
180
11
296
13
474
15
125
15
61
12
297
13
442
6
477
7
180
0
204
5
110
6
232
10
X
320
6
363
39
55
0
278
33
292
31
338
26
486
15
B
380
13
201
18
254
15
29
23
437
24
310
1
415
14
47
18
450
23
186
13
482
26
271
23
215
9
230
17
W
100
19
366
5
418
0
368
4
337
4
249
1
10
5
46
4
441
4
342
0
422
0
11
2
370
1
104
4
464
5
444
5
54
5
313
5
395
1
83
5
