5
11
E
300
13
442
18
136
20
83
6
100
2
291
6
273
17
300
5
126
8
412
23
234
14
223
4
84
16
378
16
L
140
18
176
1
80
2
303
3
143
0
428
4
183
6
491
5
13
3
113
6
35
1
149
6
277
0
439
6
290
1
202
3
69
6
462
4
482
1
O
200
4
393
0
312
21
43
43
4
15
I
100
19
477
1
51
3
296
5
407
1
362
2
293
1
236
0
228
1
17
5
26
4
332
4
321
5
481
1
385
5
323
0
147
3
165
3
112
4
39
5
V
120
6
56
13
454
8
245
20
432
17
395
17
286
15
Q
360
8
217
9
216
9
404
4
446
43
76
10
208
2
375
38
367
19
F
240
19
317
6
173
2
24
7
420
3
99
10
388
5
44
12
449
11
315
10
356
11
168
4
360
12
413
8
495
9
214
2
333
0
75
1
110
8
6
4
K
140
4
180
3
206
22
28
5
150
29
T
320
19
278
4
97
3
455
8
49
13
186
14
475
16
68
5
310
11
18
5
415
7
162
14
383
2
338
14
371
7
72
5
294
10
164
1
60
0
195
4
P
220
8
95
12
220
24
262
23
330
10
218
10
329
21
471
15
436
2
X
200
19
422
7
279
10
379
9
417
9
364
0
369
4
52
5
16
10
480
6
106
5
170
7
15
9
274
10
271
9
266
4
145
5
289
8
198
5
353
9
