5
24
T
220
10
50
17
115
21
291
11
392
8
145
10
224
12
402
2
452
5
62
2
86
2
Y
180
5
364
31
31
30
484
30
60
7
412
20
Q
200
8
442
1
474
11
433
7
461
1
159
11
80
12
152
22
283
4
S
180
16
85
2
0
8
162
0
169
1
125
4
486
9
53
9
494
3
120
0
464
11
46
9
319
10
252
8
91
9
344
2
273
8
N
180
6
190
12
102
2
260
27
350
21
363
17
462
22
M
200
7
256
23
184
25
207
20
340
26
347
23
239
24
342
16
W
220
12
240
8
339
17
92
1
436
0
182
18
439
13
90
16
415
16
186
16
204
18
189
6
47
7
L
100
13
449
2
66
6
219
2
185
0
338
6
156
2
104
3
398
6
150
0
409
5
435
1
386
5
112
0
E
280
14
82
4
183
14
30
2
483
5
83
3
264
19
262
12
23
17
176
19
136
19
138
13
16
2
330
12
405
3
X
200
19
180
5
172
2
379
7
163
7
55
0
320
4
21
1
292
6
309
3
43
10
403
7
258
7
385
10
444
7
33
5
325
8
359
5
318
2
13
8
R
160
16
393
3
331
10
72
4
49
2
99
4
311
10
307
0
324
1
277
7
244
0
327
8
360
4
220
9
288
6
478
0
346
10
U
240
17
148
1
147
14
188
3
477
4
164
9
476
3
216
7
1
8
6
6
297
6
11
12
271
6
419
10
205
12
44
8
231
4
63
4
O
120
8
137
6
388
10
276
4
434
8
197
13
473
2
337
14
471
12
K
120
17
228
1
74
2
322
2
12
3
70
3
253
0
187
1
323
7
463
5
286
2
399
3
451
2
98
7
232
2
5
7
255
5
4
4
J
340
16
482
17
438
21
302
16
355
3
420
21
357
6
213
20
95
16
69
17
414
0
285
14
191
11
131
9
67
10
221
9
257
1
P
380
9
296
22
422
4
497
26
111
31
312
13
304
11
129
36
19
25
373
1
Z
120
5
294
2
496
12
384
13
448
23
173
16
V
260
18
134
1
108
0
3
5
79
1
491
4
301
13
370
3
235
0
453
4
121
13
96
6
214
1
167
4
200
1
149
12
278
10
280
5
122
4
D
160
5
215
23
263
13
275
10
489
10
400
25
G
280
12
199
19
142
1
39
21
418
15
175
21
352
13
10
16
22
22
268
13
315
2
495
6
432
14
H
100
15
485
1
161
0
192
2
314
4
246
2
336
0
348
3
250
4
281
5
329
2
266
6
7
5
32
3
154
5
378
0
B
240
18
59
9
241
11
201
0
490
3
71
2
467
10
68
12
123
5
18
3
242
6
470
3
407
13
424
13
334
3
289
7
425
8
377
9
135
11
C
120
12
51
7
170
1
229
5
371
5
227
1
160
6
42
0
299
7
202
9
345
0
437
6
209
9
A
160
17
443
8
249
3
119
6
450
3
472
5
165
3
382
2
81
3
408
6
141
0
56
1
293
3
459
2
35
6
34
3
428
1
126
4
