5
25
K
360
7
204
11
330
49
495
0
342
15
142
33
72
29
401
49
D
180
12
21
9
344
1
422
15
45
11
121
14
126
2
24
0
179
4
49
4
433
1
290
11
135
5
Z
300
8
459
0
481
20
357
2
470
17
219
13
416
5
215
37
115
12
W
380
4
161
12
30
57
98
83
289
7
C
380
18
345
15
466
0
157
5
336
15
309
19
312
19
388
10
414
12
267
2
340
8
88
6
183
11
20
11
242
7
188
16
209
9
43
17
84
12
O
180
12
233
3
355
10
201
1
5
14
221
7
193
7
467
6
497
10
137
6
370
5
384
7
227
0
F
220
11
396
6
218
8
343
19
86
10
471
19
269
4
313
7
212
1
316
2
100
17
447
5
A
320
16
93
18
69
5
306
14
129
19
190
17
354
6
200
2
118
7
249
3
119
2
294
18
79
10
480
17
108
16
41
20
406
7
B
140
6
286
7
246
15
379
17
70
11
48
15
334
16
U
300
4
101
23
307
20
173
27
2
73
I
200
10
51
4
450
14
335
3
241
10
435
1
378
14
195
7
318
18
138
8
407
16
S
140
14
485
2
410
10
389
8
149
3
445
0
106
10
373
8
452
4
258
2
34
5
39
9
122
3
274
10
52
0
Y
120
19
156
3
67
2
498
2
1
5
349
2
113
0
320
4
411
5
325
2
404
1
285
3
105
3
364
0
96
5
439
5
240
2
196
2
341
2
278
5
X
120
7
95
2
147
6
111
6
89
2
120
4
412
0
254
6
J
100
10
262
9
319
9
205
2
327
5
442
7
180
1
338
3
300
0
65
4
398
2
M
340
14
368
23
62
1
202
21
10
3
402
23
431
24
420
21
178
10
63
18
133
3
462
2
265
7
28
9
261
12
R
280
9
167
8
164
28
440
1
284
1
27
17
247
5
237
5
143
8
463
19
H
300
16
369
0
376
3
4
18
32
10
437
1
239
9
57
5
436
18
457
7
245
3
322
10
456
3
465
3
163
7
391
15
461
3
N
240
19
19
5
66
11
184
5
152
4
448
4
160
5
393
9
453
6
230
4
366
6
476
2
362
7
298
2
141
3
403
12
207
0
331
1
446
0
136
6
E
180
11
305
7
371
14
71
13
326
5
339
14
243
13
244
16
333
13
225
0
116
9
400
1
Q
320
13
46
13
418
0
377
11
64
6
296
5
26
0
124
23
360
6
109
23
273
17
352
13
155
19
477
22
P
300
15
372
11
234
13
16
7
103
11
31
15
110
10
229
14
380
19
127
20
99
6
151
3
36
2
310
7
263
15
317
2
G
320
9
50
27
117
32
123
14
185
16
182
15
408
28
168
21
280
30
74
7
T
240
11
140
0
359
11
381
17
146
19
256
4
224
19
283
13
430
7
314
21
304
14
8
16
V
320
18
220
7
321
2
346
7
128
7
0
2
191
6
423
7
443
4
353
16
311
1
145
3
332
1
68
16
42
3
248
8
409
11
478
16
337
4
