5
13
S
380
4
255
38
492
77
194
90
256
21
J
180
6
173
29
334
12
314
25
294
29
124
10
127
20
A
120
14
278
4
64
0
59
3
248
3
418
4
95
6
34
4
386
4
355
3
409
0
295
5
238
7
460
2
325
0
T
180
18
216
6
461
2
5
9
109
0
77
3
236
6
348
0
41
2
419
4
154
10
474
2
16
4
105
4
53
2
28
1
455
4
2
1
468
1
M
280
7
296
28
454
21
40
22
68
20
309
40
495
24
197
15
G
340
15
152
17
448
12
101
10
470
11
315
6
377
0
242
4
164
15
102
11
433
9
458
11
246
5
130
22
346
18
89
15
D
200
17
151
4
113
10
54
6
437
0
211
9
405
5
288
9
83
4
30
4
209
4
32
1
67
0
368
6
266
5
326
8
345
4
243
5
V
320
10
233
22
321
6
21
4
281
11
293
15
240
28
483
7
397
4
440
23
47
22
U
260
19
465
4
438
10
414
8
36
13
123
5
178
4
140
0
108
9
6
6
382
9
17
3
398
6
61
2
297
6
306
9
49
13
46
1
122
11
239
9
Q
300
15
436
7
485
7
307
9
144
14
247
0
318
10
322
19
115
20
323
9
428
12
404
14
352
19
444
8
92
1
35
8
R
200
18
251
11
3
3
304
3
459
1
473
11
202
6
117
0
175
0
139
11
13
8
275
7
424
2
235
4
268
1
472
4
165
7
14
1
227
5
H
360
14
241
5
482
23
65
11
72
12
327
2
167
12
153
10
80
6
451
21
399
9
180
4
121
17
56
5
273
24
Y
340
10
143
16
42
15
103
19
213
31
341
9
191
10
170
24
132
17
145
28
416
32
