5
22
I
240
9
187
1
1
25
493
17
172
18
460
17
382
0
496
5
254
21
9
10
K
120
3
285
24
151
0
81
15
E
360
9
412
17
446
33
456
21
106
16
368
37
380
20
326
15
262
17
361
12
W
100
7
439
10
128
3
19
10
93
11
146
9
214
1
217
2
C
120
18
311
0
375
3
169
4
437
6
373
2
345
2
227
5
195
6
223
3
48
2
89
3
107
1
62
0
65
4
232
5
212
1
14
6
137
5
U
180
6
313
28
154
14
135
0
3
26
46
23
396
3
L
120
7
150
2
473
14
350
4
139
13
452
8
241
1
492
15
R
300
19
235
6
370
8
336
14
499
14
225
13
29
9
229
5
126
7
359
1
351
6
160
4
292
7
91
3
96
4
320
11
231
11
98
1
152
10
290
10
P
200
19
193
10
23
2
25
0
20
0
226
1
104
3
208
8
190
4
300
1
70
10
307
0
218
8
390
1
467
10
76
10
220
7
286
4
424
2
392
3
Q
320
12
5
17
438
3
479
26
10
12
265
24
113
0
109
25
435
0
400
20
148
1
401
13
463
15
Z
280
5
186
22
402
35
228
27
74
8
205
47
N
140
8
318
9
266
9
421
14
297
11
120
14
308
4
122
8
485
2
V
160
17
444
6
461
4
387
5
353
7
183
0
334
8
189
4
78
4
487
8
475
4
397
8
280
7
233
5
224
4
398
2
111
2
84
7
T
140
6
156
1
182
4
263
6
134
20
360
7
35
10
F
260
17
468
5
101
1
57
5
484
3
288
10
490
2
341
3
191
12
312
0
303
2
384
6
68
14
114
9
442
12
469
0
103
6
197
4
H
240
8
237
21
411
26
82
25
337
9
130
27
309
10
246
26
22
11
X
320
11
453
17
0
1
419
6
85
14
346
14
358
6
462
16
129
8
299
2
284
5
348
25
B
120
12
158
5
379
7
30
2
56
2
366
2
117
5
432
4
486
3
447
6
267
1
471
1
339
7
D
220
12
414
8
404
7
80
13
494
1
417
3
216
1
497
14
87
2
332
5
194
7
164
13
97
5
M
340
9
161
21
188
22
196
6
386
25
317
17
295
4
4
4
476
11
383
5
Y
200
18
474
4
495
3
11
10
95
3
41
9
118
2
498
11
448
5
83
11
99
2
174
3
407
9
24
10
206
10
327
3
389
5
100
8
306
8
G
100
19
489
1
418
4
239
3
322
1
38
5
352
3
108
1
170
0
247
1
428
3
7
0
305
0
436
3
331
0
391
4
102
0
179
0
31
2
202
5
