5
8
J
280
18
127
8
155
0
298
14
455
15
118
13
23
9
192
10
304
11
351
8
280
4
138
3
170
15
175
7
390
4
412
14
77
3
165
12
236
13
O
360
3
482
19
406
64
179
15
M
260
5
325
52
195
34
334
47
143
50
233
27
X
280
13
160
11
475
18
275
12
47
16
471
19
446
3
196
1
401
9
321
21
169
17
470
15
58
11
109
2
U
180
14
307
10
7
7
422
9
116
8
91
3
364
4
365
8
448
7
105
6
308
5
152
10
14
10
225
12
408
12
H
160
19
479
7
251
4
355
4
76
4
335
0
439
3
30
5
461
5
462
5
385
8
37
0
62
2
440
6
487
8
427
3
437
2
156
5
400
0
22
5
K
240
18
296
4
60
6
483
2
210
9
111
7
431
11
318
6
187
2
496
6
222
4
277
8
137
11
411
12
166
11
203
12
345
13
273
10
99
9
A
300
5
1
28
27
34
171
24
31
43
147
3
