5
22
Y
340
15
110
16
180
4
131
11
342
19
295
1
103
0
283
1
473
18
225
3
42
8
212
10
462
18
340
14
50
2
280
12
E
180
17
299
9
297
9
325
0
143
1
163
4
277
7
332
2
146
0
159
7
41
0
324
10
404
4
364
9
189
0
14
4
438
9
122
4
Q
300
12
92
18
150
2
85
17
467
14
74
5
270
15
255
2
116
9
381
25
496
8
339
21
321
22
P
100
14
296
2
230
1
8
3
379
3
470
4
476
4
382
0
446
7
4
2
108
7
360
1
418
1
186
1
88
1
B
340
18
69
2
228
11
40
17
155
11
57
10
107
15
56
9
10
1
80
1
465
17
52
11
28
16
466
11
176
10
487
8
461
18
60
3
319
17
W
380
13
9
3
190
1
81
8
356
21
164
6
263
28
237
12
337
19
433
1
115
12
32
25
323
29
422
6
U
120
4
343
0
120
19
54
0
336
17
S
380
8
204
46
317
43
166
5
152
33
436
2
307
28
452
27
36
11
H
100
4
394
8
139
9
359
17
15
24
J
220
12
287
16
271
16
273
6
147
2
89
17
16
0
304
16
200
2
53
13
61
11
369
6
482
16
L
340
18
293
15
23
15
194
11
272
11
135
8
64
15
215
18
136
16
410
16
494
8
216
1
285
5
231
11
145
8
437
1
0
4
459
15
257
10
V
160
6
415
10
209
7
315
11
414
22
109
12
223
6
C
120
18
132
4
430
3
428
1
46
6
218
0
171
4
167
4
96
1
31
0
455
0
114
5
442
0
5
0
235
2
282
6
37
2
187
4
35
0
O
380
9
409
42
226
40
184
42
451
6
355
24
173
35
264
40
205
12
93
35
M
180
9
39
13
30
12
72
16
406
7
390
16
59
15
341
0
55
19
258
9
G
100
6
416
12
385
15
49
1
193
0
154
1
224
14
T
300
15
367
5
208
19
260
8
104
10
450
2
128
7
195
16
398
3
239
9
265
14
87
0
124
8
384
0
497
13
174
20
R
280
5
386
43
329
32
144
19
472
28
489
36
Z
220
16
348
6
168
1
427
3
407
12
198
11
300
7
413
5
338
10
291
0
227
9
106
9
240
13
129
11
322
13
12
8
276
13
F
180
18
45
8
192
8
181
5
478
7
121
2
153
7
268
2
318
10
65
2
347
3
278
0
449
10
86
10
493
4
434
3
395
3
254
4
374
1
N
300
5
244
33
313
9
431
14
358
3
165
44
K
340
8
24
18
391
10
335
21
172
33
84
15
445
1
199
4
25
3
