5
19
C
360
16
428
21
425
11
131
22
2
7
17
2
110
21
359
22
99
19
58
2
475
5
223
7
209
5
295
12
445
11
98
8
181
18
E
180
8
253
9
267
0
28
15
290
17
455
0
47
6
27
0
113
10
B
300
6
304
47
75
10
153
40
390
15
282
12
16
3
J
360
4
377
48
25
69
321
88
18
11
M
200
10
458
14
364
15
94
4
345
13
287
9
269
8
125
14
400
0
468
8
277
13
H
160
17
335
1
160
9
69
7
303
3
67
0
387
1
369
2
33
8
379
7
281
1
172
0
326
9
394
5
424
0
456
7
60
2
312
0
D
280
6
310
38
21
39
472
15
5
7
175
38
411
5
A
320
18
268
10
123
17
82
1
245
15
353
6
197
5
85
7
466
13
6
11
489
0
35
4
37
11
183
13
462
1
356
1
205
5
332
9
30
0
T
320
13
283
14
381
10
471
16
59
6
288
15
273
0
322
23
426
10
258
24
291
18
103
8
386
15
238
14
P
120
16
324
0
427
5
384
2
292
2
139
7
76
1
169
0
340
1
403
3
211
5
112
5
439
5
196
5
192
4
440
0
32
2
Y
180
14
55
5
189
3
73
1
420
3
38
8
368
9
449
6
443
0
166
9
284
1
74
4
14
12
95
7
317
8
K
180
16
48
7
376
10
90
10
116
0
136
11
34
7
275
5
167
1
337
6
144
2
130
3
227
4
142
4
423
1
354
1
459
1
L
360
10
224
20
348
25
436
26
247
15
397
20
473
28
334
13
127
32
415
17
219
22
F
100
7
416
11
442
3
370
14
54
0
470
4
300
2
299
3
I
300
10
77
4
126
17
80
2
171
12
133
12
15
12
389
16
276
12
241
16
318
17
U
100
11
358
0
225
1
413
3
29
2
165
3
405
7
366
3
168
4
392
0
157
5
432
0
R
200
3
43
31
357
14
155
37
V
160
7
347
3
418
18
350
5
404
2
122
14
482
6
434
17
X
260
10
294
16
476
24
150
11
63
8
218
8
220
11
190
25
174
14
102
5
57
1
