5
25
O
240
14
256
6
299
10
488
8
123
14
168
12
314
1
273
12
148
12
55
3
228
8
162
10
418
4
297
1
410
5
I
120
6
489
11
125
17
9
6
470
18
121
20
106
16
R
380
13
498
0
423
29
279
3
52
26
409
14
308
8
20
17
301
2
495
16
404
14
250
11
22
1
294
22
K
180
17
330
0
315
3
307
4
226
3
216
10
208
1
57
4
203
3
28
9
68
2
419
0
380
1
111
1
335
8
177
8
363
0
145
7
L
240
12
141
16
34
18
240
17
110
15
184
9
156
8
53
2
376
20
24
8
460
20
356
9
393
8
Z
300
10
373
3
174
19
454
13
465
17
39
24
494
7
114
25
359
18
186
20
241
3
Q
140
6
479
19
394
10
3
22
295
1
354
7
450
7
D
120
7
478
13
353
13
414
16
46
15
29
0
165
8
75
7
W
380
5
326
27
309
41
407
39
225
33
126
39
B
380
5
134
9
389
75
113
53
377
29
381
53
F
160
8
61
2
150
17
285
2
100
9
471
1
392
5
42
5
269
6
N
220
8
15
11
199
6
158
0
82
23
88
12
130
20
154
1
401
0
G
340
13
463
6
348
3
63
13
135
4
64
9
129
1
428
4
338
6
482
22
183
10
276
17
117
26
466
10
M
320
12
323
12
304
24
291
25
319
15
320
8
289
25
188
15
242
25
469
3
484
2
360
0
271
7
J
280
9
340
15
456
15
386
2
45
10
316
19
476
6
89
10
149
4
11
1
U
180
10
49
15
421
17
220
8
436
9
408
5
491
6
116
5
342
0
249
6
429
4
V
260
4
464
8
72
59
40
4
458
2
P
160
19
397
4
331
6
87
7
318
1
257
4
278
6
237
7
132
3
437
6
248
4
267
5
83
2
357
8
67
7
160
4
490
3
246
1
350
5
433
6
Y
120
10
371
6
190
12
327
2
137
3
303
11
259
4
189
2
270
8
191
4
347
10
A
140
3
385
19
167
28
112
36
E
140
12
277
2
136
7
37
8
187
2
467
7
290
10
210
9
384
2
411
7
164
2
415
11
27
6
H
380
10
77
28
311
38
5
28
198
14
151
17
128
1
17
27
364
13
51
28
206
3
X
100
19
244
5
474
5
41
3
477
5
138
3
31
1
147
5
185
0
217
3
432
3
292
2
33
1
58
1
202
5
99
1
431
1
35
1
480
3
282
5
C
320
15
280
15
74
0
444
13
50
7
238
13
329
6
317
8
473
17
10
6
86
18
325
7
372
14
133
4
109
16
21
13
S
140
10
176
5
161
1
369
10
266
11
481
9
487
8
140
12
367
4
287
8
80
11
