5
15
H
100
16
82
2
264
2
470
4
233
4
394
6
213
2
274
5
175
3
52
6
340
6
236
4
168
0
78
3
92
0
423
1
200
5
A
200
5
392
1
118
5
254
0
60
12
444
29
E
160
5
145
31
53
24
496
13
349
11
482
15
V
220
7
184
2
448
9
139
20
152
14
237
11
466
17
56
17
Q
160
7
428
13
204
20
489
17
259
12
425
3
458
10
243
3
T
380
18
169
16
84
8
173
3
452
21
217
14
137
7
251
17
108
5
305
4
367
0
277
5
33
21
384
1
73
6
144
14
422
17
36
3
368
7
N
280
18
374
7
105
11
222
11
15
1
292
15
248
4
74
2
407
15
185
10
104
11
110
8
241
2
455
4
389
13
90
14
441
6
409
14
461
1
I
320
17
472
9
114
8
165
13
475
2
313
6
50
9
297
6
286
6
120
2
256
5
159
0
186
12
497
6
1
11
460
17
5
15
109
0
Z
140
15
445
6
150
9
223
1
287
7
334
7
281
4
194
2
25
2
325
7
34
6
142
3
208
4
51
1
96
8
494
1
X
200
10
153
19
302
16
211
7
403
12
285
7
13
17
66
18
193
5
189
12
47
19
K
260
12
167
20
365
12
97
8
138
1
426
19
379
0
495
11
17
18
148
1
414
21
437
2
106
4
D
220
5
221
34
357
28
479
21
416
1
288
16
U
380
5
258
65
400
49
61
33
187
66
172
74
C
280
17
255
0
271
2
435
8
64
12
28
15
341
13
299
14
477
5
157
5
304
14
361
13
275
16
151
9
358
5
268
13
375
6
380
9
W
380
9
284
10
396
35
421
27
250
35
44
37
192
38
81
8
202
27
295
5
