5
24
H
280
7
130
25
427
36
73
29
363
10
127
27
142
28
291
17
W
200
16
356
6
163
5
89
6
57
6
169
6
465
8
326
4
237
8
27
0
162
4
499
3
229
10
148
1
488
6
139
7
15
10
I
260
16
242
1
294
3
204
15
198
15
26
3
220
2
152
1
379
3
171
0
111
7
140
6
96
1
181
2
88
8
378
12
185
14
J
360
7
381
44
296
29
390
7
251
43
451
45
206
48
349
22
M
280
5
353
9
4
12
227
43
389
51
173
23
D
100
18
343
2
446
4
116
0
413
4
283
1
188
1
266
0
324
3
23
1
98
5
226
3
236
5
491
0
328
4
416
5
334
1
314
5
186
5
K
220
8
323
2
70
1
344
7
278
21
210
21
384
1
393
3
107
13
L
380
14
128
10
332
25
368
22
450
0
498
3
51
9
102
11
37
27
475
20
1
25
2
11
487
7
414
1
289
22
C
340
14
466
22
135
17
121
1
360
7
31
13
6
10
395
20
269
20
455
2
254
1
412
18
253
24
424
22
8
1
O
240
10
311
14
222
8
207
7
399
12
90
12
40
23
400
7
145
8
478
3
191
11
Z
100
17
419
5
425
1
5
2
401
4
91
5
443
1
103
4
272
5
106
5
161
1
247
5
84
3
277
2
479
2
48
0
66
3
430
4
V
260
19
197
7
228
2
486
3
316
9
304
7
202
3
298
8
346
8
59
7
308
6
93
1
286
13
403
10
418
10
0
3
17
6
445
7
408
8
397
0
X
240
16
306
0
259
13
396
1
22
6
19
9
168
9
437
0
319
11
330
5
365
6
362
5
404
9
359
14
221
9
347
10
129
9
B
360
4
200
84
329
85
76
22
420
90
Y
260
18
63
5
377
14
340
10
136
11
157
12
489
5
322
6
45
3
392
4
160
5
310
10
199
1
82
12
405
3
189
11
288
2
83
2
113
13
R
120
5
459
22
372
22
321
19
495
15
335
18
F
200
9
167
11
244
21
309
16
132
7
480
9
174
6
249
11
464
9
224
18
U
380
15
30
19
233
6
154
16
481
1
39
10
131
24
338
17
438
8
448
21
313
22
178
6
56
18
449
19
246
6
216
3
T
120
16
123
6
341
4
176
2
270
4
490
1
203
0
149
6
175
5
472
6
429
4
285
4
364
5
444
6
55
3
241
6
72
3
N
280
9
134
22
64
10
428
28
333
8
279
17
36
19
302
7
453
25
190
27
E
100
4
457
8
273
3
110
4
42
5
P
300
14
79
1
287
20
374
5
119
18
252
16
325
5
375
7
92
3
240
11
463
14
232
16
151
9
265
19
50
12
A
380
10
361
13
143
11
74
6
105
18
234
31
43
9
213
21
345
4
435
5
415
22
S
340
8
407
41
421
33
434
29
34
25
494
39
439
0
350
2
268
9
