5
13
D
380
15
11
5
127
25
180
10
263
8
37
3
132
22
94
1
125
11
196
6
98
16
109
23
67
7
62
16
484
10
355
3
T
100
12
236
5
138
6
272
6
169
2
417
3
408
4
350
8
276
4
115
3
398
5
478
5
220
3
O
200
5
194
4
126
29
357
3
490
4
302
9
W
260
16
391
4
359
13
242
9
252
4
299
1
256
5
7
1
266
2
258
3
411
14
321
9
226
13
25
6
494
10
441
16
436
5
J
140
13
155
7
349
6
320
10
380
9
174
5
319
1
164
5
467
3
387
6
281
8
110
2
156
3
305
7
M
140
9
162
1
395
7
88
8
136
14
60
11
16
3
201
6
2
10
476
2
R
140
18
143
1
177
1
106
1
8
7
30
3
458
0
267
3
311
3
487
0
114
5
373
1
424
6
493
4
257
2
317
6
335
4
32
5
101
0
K
120
8
454
9
254
10
6
11
193
15
1
1
159
3
434
0
293
10
E
260
19
477
6
158
8
82
8
9
13
137
7
383
4
28
7
223
11
204
8
93
4
442
5
291
0
278
8
166
2
10
8
298
13
150
6
360
10
354
4
B
140
3
14
34
142
24
85
14
S
380
19
216
0
149
10
4
17
33
0
239
7
96
3
315
18
288
1
5
12
366
16
250
9
287
12
338
19
124
8
75
6
38
1
63
5
23
12
378
18
G
320
14
324
13
212
10
245
3
246
8
470
17
264
19
184
16
412
11
370
18
388
16
95
10
12
18
160
17
120
13
L
320
9
59
11
72
22
167
2
451
15
133
31
352
7
15
22
382
32
56
0
