5
22
M
300
5
147
50
82
22
420
11
182
1
219
14
D
100
12
88
3
52
5
108
6
361
0
488
3
475
5
23
6
487
4
323
8
306
5
19
0
249
0
L
100
14
485
5
425
7
127
2
454
7
224
3
114
0
27
7
260
5
125
0
292
1
1
4
467
2
442
1
237
6
U
280
19
387
14
417
10
241
8
342
2
384
1
26
0
407
7
169
14
242
0
315
2
339
9
202
1
391
5
143
3
222
0
366
0
118
13
452
8
336
10
E
320
3
497
50
410
104
277
0
B
240
13
119
9
338
3
468
18
433
0
96
8
72
17
429
14
376
16
165
11
191
2
179
2
351
11
301
12
X
120
16
214
7
499
5
46
5
73
4
138
6
50
1
370
4
78
0
397
2
403
1
17
4
83
5
135
4
379
7
121
2
412
4
J
200
7
226
14
56
18
421
18
307
26
97
12
104
4
453
23
Z
240
10
317
3
321
6
439
5
280
19
38
9
246
22
69
3
67
7
218
5
170
13
O
160
12
318
13
270
6
252
7
434
12
2
12
174
11
45
11
58
8
489
4
216
3
49
12
444
10
Q
360
3
305
67
437
73
8
16
S
180
12
95
14
84
7
240
9
99
6
100
13
333
10
18
0
194
2
231
7
205
8
167
15
183
0
F
240
12
22
5
349
11
59
3
449
16
276
19
212
4
354
3
101
15
223
14
215
7
236
3
220
9
V
260
19
445
11
11
6
340
13
9
1
148
1
193
1
171
7
200
9
133
7
75
2
299
4
195
6
278
2
465
6
29
2
139
6
146
12
480
12
390
11
A
260
10
284
14
493
24
107
20
285
25
81
7
158
9
413
25
478
6
409
11
258
20
Y
140
7
294
3
341
5
471
2
267
9
343
9
206
1
461
10
N
120
8
137
0
466
14
186
1
141
12
492
10
149
13
188
7
62
15
G
380
10
131
29
274
1
156
31
386
34
91
7
255
9
250
16
335
0
124
22
314
2
H
260
6
13
21
408
22
157
23
308
31
66
41
380
14
P
260
12
163
16
228
6
490
10
395
2
122
16
268
15
243
16
482
18
6
20
419
21
443
0
415
1
K
180
14
446
12
491
9
476
10
239
7
430
7
76
4
256
3
162
9
251
4
36
8
190
2
498
2
259
9
462
1
T
100
13
134
2
32
7
31
5
209
3
37
6
362
0
207
3
332
1
371
7
477
0
55
4
16
2
382
4
