5
20
S
180
11
486
16
163
9
352
6
256
7
435
10
496
1
493
12
399
13
234
2
302
13
140
1
N
380
14
42
1
284
23
298
6
206
24
186
14
336
22
112
2
463
5
269
14
205
8
199
3
347
5
366
15
385
18
Q
100
14
319
1
113
6
422
7
124
1
428
1
480
1
377
1
455
3
369
7
95
0
196
0
64
0
44
6
102
2
W
100
13
274
0
362
4
482
6
440
7
416
3
93
3
384
0
241
2
238
5
459
0
406
5
69
2
315
0
I
140
6
220
18
207
14
468
5
47
17
123
11
381
20
M
360
8
286
40
354
42
341
43
420
28
152
17
393
26
117
34
364
24
K
200
13
103
3
401
14
131
1
86
11
413
7
204
13
470
9
50
9
49
13
81
9
246
0
76
10
489
4
H
280
8
318
34
178
24
164
17
290
24
33
30
458
35
452
35
20
4
X
200
19
311
3
453
5
171
9
94
4
34
7
254
7
359
3
245
0
351
8
21
6
65
4
144
8
73
4
29
6
225
8
426
6
91
0
497
4
80
10
V
140
7
72
19
380
11
2
17
442
10
46
11
427
16
467
18
D
360
13
353
17
200
16
217
12
141
13
84
3
307
20
122
11
376
16
223
13
27
10
288
17
160
14
6
22
R
300
8
125
5
232
15
227
34
386
8
143
23
77
27
222
16
375
34
B
300
19
105
8
484
5
433
4
437
4
313
7
111
11
71
2
249
3
90
10
231
14
129
12
82
5
209
0
348
3
32
7
443
14
168
6
325
0
75
4
P
140
13
181
2
109
6
137
10
13
10
22
2
281
10
68
0
70
8
41
2
317
7
461
0
87
4
188
6
J
140
9
98
7
101
14
99
5
483
6
495
9
259
12
24
0
17
2
487
13
L
340
7
35
26
159
41
494
5
282
7
150
29
208
5
326
26
O
140
18
162
2
237
2
327
7
142
1
338
5
215
5
148
2
197
7
358
3
233
2
444
5
403
2
367
3
149
7
218
1
57
2
291
6
334
6
U
160
17
343
7
155
3
59
9
51
2
373
3
216
9
303
0
337
8
107
2
299
8
485
4
18
8
92
7
273
9
54
3
472
6
345
7
A
320
8
114
5
195
26
262
33
161
6
361
36
418
11
346
16
31
28
C
160
10
296
14
387
13
272
5
474
5
244
7
120
6
28
1
450
7
236
9
350
5
