5
25
H
220
7
159
30
42
1
83
27
195
14
406
0
214
26
300
24
R
280
7
347
31
182
33
479
39
451
17
462
26
278
0
141
26
B
200
15
394
8
377
13
152
6
325
11
99
2
239
11
401
0
357
4
54
12
173
4
76
4
277
5
26
10
85
8
51
9
Q
200
8
400
19
18
12
196
5
222
25
335
13
31
23
201
24
436
4
X
100
8
458
8
50
5
329
9
352
4
171
12
72
9
354
6
118
3
S
180
16
86
1
415
11
227
1
210
0
435
11
71
1
175
3
256
2
289
3
433
1
343
7
154
11
399
8
89
7
234
9
420
5
Z
140
18
469
3
494
1
93
3
166
6
318
2
140
4
96
3
375
4
346
0
383
4
290
7
163
7
348
4
370
6
16
6
238
2
109
1
20
3
U
160
12
200
0
81
8
304
11
252
10
49
0
130
7
326
1
395
9
187
6
240
6
267
13
120
6
J
280
6
56
21
24
42
498
41
204
41
339
3
454
40
K
220
7
257
28
369
16
12
18
183
8
328
13
80
20
133
21
N
380
12
78
16
46
20
101
4
386
15
265
15
176
28
467
20
421
8
62
25
459
10
13
16
309
12
T
320
4
115
46
273
51
362
38
398
49
C
120
4
388
10
315
15
302
12
284
4
A
140
13
258
1
425
6
308
1
294
0
189
3
134
3
390
6
493
1
442
9
445
10
438
1
164
9
482
2
I
100
13
34
3
424
5
496
5
305
4
446
5
77
4
5
2
155
2
226
6
250
0
216
7
484
0
209
2
F
280
11
342
3
95
3
286
11
444
23
259
6
247
25
117
11
397
9
387
13
33
23
162
22
P
360
19
480
1
181
13
91
16
98
15
246
18
184
2
58
6
316
13
64
18
14
15
358
5
440
15
192
15
248
1
283
1
82
6
28
5
79
11
263
11
E
360
5
70
48
416
27
396
19
249
28
206
55
M
240
16
180
12
66
12
144
1
84
2
476
6
103
2
443
7
122
11
276
12
389
9
320
9
53
2
449
8
366
13
92
5
19
4
G
360
16
170
6
245
6
27
22
351
22
254
19
0
1
36
19
243
18
44
6
431
1
322
9
29
19
157
11
268
15
165
19
237
13
L
240
12
279
9
63
2
356
5
142
18
455
19
260
4
376
2
104
12
129
9
461
11
186
20
88
1
Y
340
7
105
6
10
20
471
16
310
22
384
37
360
37
497
41
V
160
6
59
24
483
12
113
1
499
14
219
14
220
24
D
140
11
169
4
38
0
116
6
333
4
364
6
426
0
272
8
45
8
100
1
474
4
434
0
O
340
16
107
18
293
7
224
13
121
19
264
3
2
2
489
10
261
15
393
8
350
10
168
8
126
15
330
11
478
21
190
7
114
7
