5
22
R
360
8
394
17
404
7
245
27
479
2
82
5
327
38
406
8
295
43
E
100
4
484
21
470
23
358
10
203
0
B
160
5
145
15
350
15
464
22
147
23
459
6
O
160
7
89
1
496
22
93
7
50
2
257
4
420
19
222
4
P
320
9
359
29
443
11
460
9
254
2
446
3
298
32
249
29
375
12
238
25
C
180
8
210
20
194
12
270
21
481
12
242
12
57
10
77
14
411
7
X
320
16
259
5
480
14
316
15
98
10
392
14
76
1
248
10
430
19
400
6
262
7
402
9
348
14
157
1
304
15
68
18
287
18
D
200
19
241
4
391
5
405
2
474
3
32
7
128
3
413
5
12
0
154
8
291
9
275
2
458
6
441
1
119
9
246
0
322
2
261
7
396
10
7
1
G
140
12
88
6
74
6
23
0
97
11
243
5
118
4
286
1
126
7
6
6
429
6
152
2
462
6
Y
220
6
78
33
236
14
379
15
174
32
311
31
386
14
T
280
15
202
11
336
14
66
1
27
6
347
12
19
3
224
5
330
3
306
1
2
9
419
8
3
18
75
6
452
6
320
8
F
180
15
22
11
431
12
96
3
307
7
340
7
345
10
289
5
209
0
159
9
352
12
471
9
465
9
274
5
228
12
381
11
I
360
9
498
18
343
7
423
24
486
17
313
7
130
25
240
33
265
20
56
8
S
220
6
426
25
73
24
213
0
303
1
483
32
13
16
N
360
19
151
9
260
14
369
9
264
5
143
18
463
12
201
11
199
5
44
5
299
4
332
12
444
13
324
4
468
0
111
15
371
5
499
17
164
0
34
2
K
280
15
230
14
424
4
149
10
449
7
146
1
114
15
99
11
263
15
360
18
412
18
269
12
478
9
17
5
165
17
15
16
A
120
19
442
1
47
0
433
6
37
4
268
1
183
1
344
2
494
4
485
6
184
3
45
2
91
4
334
3
251
1
71
6
69
3
226
5
141
1
161
0
H
200
13
281
2
447
3
137
6
489
12
357
6
353
1
376
8
155
5
46
14
20
0
132
7
439
6
124
5
V
280
5
60
37
421
28
101
37
326
38
72
17
Q
120
19
279
6
42
1
109
6
366
4
325
4
437
6
150
4
272
0
58
1
136
3
139
2
280
5
198
1
440
3
435
6
195
1
10
0
160
3
142
5
Z
360
8
467
32
171
3
255
39
417
24
354
24
87
11
451
8
244
30
L
300
19
337
5
38
0
393
9
234
3
200
13
488
8
368
8
104
6
297
2
214
7
223
13
144
12
41
3
491
10
374
2
328
6
1
9
305
10
282
4
