5
17
K
240
12
266
5
271
4
15
15
257
15
422
15
409
15
140
15
135
20
142
0
81
12
225
16
316
11
L
320
10
103
3
306
32
317
15
448
26
100
27
130
27
480
25
64
17
334
23
432
22
I
160
4
330
25
487
31
355
11
229
31
M
120
9
499
0
196
10
125
8
244
11
360
13
165
5
283
4
393
6
427
2
H
340
15
269
9
128
22
401
16
441
13
7
22
329
15
272
22
136
7
163
4
53
0
323
14
158
15
450
12
376
14
305
1
Y
220
8
336
14
9
8
78
20
276
5
328
25
438
10
61
13
374
7
B
100
8
333
6
199
7
445
1
248
11
147
6
233
0
63
6
189
4
T
240
12
368
7
413
8
159
9
94
20
463
6
97
1
39
17
307
7
171
19
254
11
482
8
460
4
S
140
7
275
2
388
13
210
0
290
10
30
20
51
3
212
6
Z
360
9
126
32
475
30
476
21
326
7
337
24
182
1
270
15
439
17
216
3
C
300
6
195
14
137
48
169
6
358
28
96
44
232
35
A
360
4
118
4
56
52
37
0
239
20
W
120
17
148
3
46
7
399
4
89
4
410
6
281
0
197
1
194
1
352
7
52
1
12
2
57
6
109
6
54
5
168
3
433
1
124
0
R
220
5
72
4
424
40
379
24
208
13
178
36
Q
300
10
227
10
88
29
102
30
155
2
296
11
129
25
42
18
34
25
431
25
139
5
N
180
19
292
5
285
8
442
5
38
6
392
7
397
8
16
3
357
4
486
6
228
8
44
3
265
4
387
3
335
8
462
9
179
7
188
6
146
4
363
1
X
340
10
11
3
320
15
479
22
176
28
241
16
304
2
449
11
32
11
145
10
108
22
