5
16
G
120
16
122
1
181
5
312
2
138
6
484
5
231
4
406
0
186
4
127
1
33
4
310
6
117
0
193
6
471
3
282
7
131
5
B
160
4
359
35
189
30
269
27
449
13
S
300
7
331
23
344
17
370
26
258
19
304
20
18
4
220
0
I
100
4
223
7
8
8
113
12
400
10
N
360
8
61
3
305
35
208
45
315
5
411
20
392
23
439
1
478
25
L
340
8
161
17
77
37
413
24
372
1
442
26
481
1
389
12
256
38
D
120
10
99
3
409
0
48
2
5
7
341
12
69
12
317
8
205
11
430
5
233
7
C
340
17
325
2
32
8
408
19
228
17
9
3
11
10
277
12
302
11
385
13
68
17
340
10
29
3
198
6
242
16
364
15
206
14
336
15
Q
180
10
295
7
22
18
422
13
75
9
71
4
387
16
324
9
137
10
115
12
129
5
K
220
18
130
8
183
3
92
1
108
8
394
3
111
11
461
8
20
2
343
10
171
9
213
10
93
6
460
5
322
6
145
4
271
9
318
7
455
3
Y
180
9
236
6
345
11
366
3
470
5
479
4
352
15
239
16
401
8
329
17
M
140
4
3
19
456
31
378
8
215
3
H
360
8
421
43
263
40
34
15
101
21
347
4
294
31
382
0
374
24
O
340
12
80
26
89
27
149
4
444
19
224
7
63
23
480
13
450
23
12
25
419
4
498
26
191
11
P
200
15
278
6
209
8
434
6
38
6
367
0
358
11
39
1
102
9
398
7
116
8
441
12
66
11
338
10
59
7
55
7
W
300
6
440
23
118
28
200
3
203
37
142
33
423
10
