5
22
B
200
16
44
9
409
2
330
12
72
5
207
9
12
4
323
8
3
0
49
2
265
6
54
0
108
7
482
5
227
9
52
6
208
1
D
380
13
157
14
141
9
5
2
29
18
81
22
385
4
289
23
423
29
214
3
472
22
17
28
134
21
20
15
Z
360
7
211
34
483
31
215
3
205
8
53
14
439
15
223
1
L
160
13
165
6
320
1
78
3
297
12
352
5
80
7
124
2
110
10
422
12
245
1
88
6
375
4
406
12
O
280
9
362
20
91
5
364
30
371
6
105
20
237
11
396
11
31
12
94
16
W
280
7
246
31
400
40
460
19
163
37
402
9
242
25
4
23
K
280
17
420
12
310
11
300
13
315
9
18
2
70
1
62
9
162
0
40
12
177
7
443
5
193
9
50
10
35
8
113
8
274
2
301
15
Y
120
12
350
6
248
5
442
3
359
2
453
1
313
4
286
8
30
9
175
8
7
3
455
6
123
0
J
160
8
160
20
309
2
178
12
496
14
413
18
22
5
444
17
225
4
E
280
14
450
13
490
1
367
18
479
8
435
9
356
14
478
12
424
4
146
0
381
15
191
18
41
5
288
18
440
2
I
140
12
451
3
170
2
73
8
176
9
278
1
90
0
428
0
465
2
55
4
202
6
399
5
334
7
C
320
7
438
0
354
7
161
40
212
8
387
16
136
26
284
27
T
120
11
306
2
380
9
106
6
415
6
184
2
114
10
414
3
126
4
494
5
335
1
116
10
N
380
8
243
25
459
19
382
15
169
19
122
33
59
38
499
19
230
42
S
300
19
99
5
258
1
379
1
347
12
349
13
421
14
102
7
369
4
376
1
137
15
183
15
291
12
199
13
180
3
121
6
287
14
166
6
312
12
82
9
M
360
8
51
4
37
8
392
14
142
7
394
23
275
22
83
9
477
3
G
300
3
497
22
436
59
150
41
A
280
8
217
2
241
17
238
32
254
26
412
3
224
7
398
10
148
28
H
140
16
197
1
257
7
305
1
190
6
311
0
173
0
43
2
302
0
307
8
64
0
28
6
280
3
386
0
318
5
329
6
2
6
Q
220
4
281
28
21
53
430
16
67
52
V
120
8
331
6
282
7
336
8
493
10
322
0
267
12
417
4
407
15
X
100
3
181
6
201
33
355
8
