5
13
B
180
16
68
6
219
7
132
10
401
10
296
0
95
6
307
1
77
6
176
10
303
0
434
10
135
3
267
8
90
5
270
1
406
7
W
340
11
64
28
183
8
488
15
187
14
363
4
37
5
80
21
109
8
305
4
133
4
353
25
T
360
5
358
66
391
68
47
0
35
69
364
17
H
360
13
389
5
93
19
277
25
435
15
126
19
10
23
290
7
264
4
383
16
130
19
431
8
310
20
104
12
G
240
16
297
12
165
12
370
11
379
7
450
4
144
9
456
8
293
9
101
11
263
3
159
7
412
3
323
2
377
14
13
10
174
14
O
340
16
180
12
398
10
404
8
482
11
100
17
97
18
198
17
396
16
15
21
0
5
190
17
487
5
477
21
471
6
163
15
262
11
J
380
4
208
1
470
59
138
42
38
95
K
260
8
114
32
432
1
388
27
286
11
491
25
216
11
454
15
98
3
A
160
11
385
0
428
9
384
2
31
5
281
4
212
1
490
1
265
8
146
4
365
14
29
14
N
100
4
223
14
178
6
481
12
199
0
I
320
15
247
4
400
0
222
0
256
21
192
12
33
3
41
2
17
7
497
0
227
21
324
14
375
0
273
10
67
21
127
16
S
200
9
141
6
193
11
84
2
58
9
113
8
346
7
103
0
39
12
139
14
L
140
11
235
12
366
12
417
10
295
10
229
7
56
1
408
11
493
5
316
3
343
11
451
3
