5
14
F
240
5
317
35
103
19
477
19
318
19
270
26
I
200
10
398
4
225
12
301
17
54
12
458
3
185
12
498
0
166
4
287
17
119
18
D
200
7
199
19
438
0
140
17
439
2
436
6
289
0
404
25
S
120
11
43
0
399
6
467
1
396
0
218
8
341
5
254
2
152
3
497
9
355
9
15
0
U
220
13
449
2
428
12
247
15
177
10
394
10
32
16
430
10
468
6
165
4
375
3
347
15
10
8
344
8
G
240
10
431
12
381
17
364
17
273
13
453
24
171
11
262
3
130
0
330
12
112
4
H
100
12
186
8
84
3
163
1
365
7
345
8
181
5
7
0
351
4
200
0
169
0
197
3
153
1
Y
120
6
46
7
300
5
6
20
127
2
170
16
491
0
N
260
10
133
0
3
15
175
26
380
3
456
2
437
25
331
4
265
20
158
12
224
17
B
140
10
326
2
280
7
382
6
236
13
495
6
455
14
248
4
122
9
291
7
97
6
K
300
16
229
1
221
17
482
2
488
17
484
1
51
3
128
9
149
4
401
7
268
9
305
14
261
8
227
13
205
5
361
9
308
5
O
260
11
213
0
228
19
40
9
174
16
284
21
487
8
493
20
41
14
48
21
78
7
463
19
W
340
19
368
11
440
4
108
17
290
2
299
9
98
10
37
8
162
7
172
1
311
1
167
8
407
10
435
14
492
13
360
11
64
1
104
17
354
10
121
5
R
240
12
230
16
470
7
136
19
496
20
295
10
192
7
276
0
499
4
281
3
309
18
464
10
374
3
