5
11
T
180
13
462
7
287
9
288
0
329
4
33
13
228
7
82
5
38
1
98
7
408
13
377
8
294
12
427
5
A
100
17
357
0
52
5
344
0
261
1
433
4
68
5
269
5
266
2
211
2
351
2
337
0
160
3
255
2
166
5
271
2
419
0
432
0
S
160
5
295
23
69
31
42
3
58
29
14
28
P
380
19
237
8
171
2
218
9
477
1
325
15
133
0
381
20
373
6
393
6
37
16
153
0
341
8
299
6
163
14
223
6
376
15
428
3
207
9
303
20
B
180
12
209
10
17
14
22
11
426
5
34
9
6
8
103
11
149
5
154
6
435
6
201
7
336
10
F
200
15
496
9
23
5
183
7
386
13
321
13
185
4
94
3
203
13
476
5
276
9
359
7
327
2
161
10
397
0
317
13
V
180
5
414
25
296
35
29
26
212
33
217
31
W
100
17
458
3
472
5
256
3
409
1
73
1
366
5
51
5
195
3
15
5
241
0
280
4
226
2
121
0
64
0
60
1
173
3
141
3
U
180
8
40
13
362
12
498
13
292
15
233
13
90
4
416
12
492
16
E
360
10
70
25
158
32
45
31
114
17
418
8
236
19
71
21
437
1
379
34
309
27
R
300
18
65
4
382
15
455
10
499
12
495
16
483
8
168
3
59
2
421
9
293
6
136
6
196
16
49
8
311
1
411
5
19
0
206
7
139
1
