5
11
U
160
17
8
9
42
0
16
0
282
8
326
9
240
4
27
1
112
6
331
8
38
7
193
5
362
9
452
1
445
6
302
6
496
5
420
7
G
180
13
371
7
121
0
418
2
55
12
379
10
449
1
188
1
423
1
94
7
127
13
199
4
274
12
30
9
L
120
7
76
0
80
17
316
13
118
3
211
6
7
9
489
15
A
300
17
165
12
92
8
44
13
411
3
408
5
439
11
351
16
45
9
353
14
338
16
389
5
407
16
205
16
79
6
413
8
373
3
298
2
E
200
9
48
0
473
12
493
8
182
15
267
18
499
12
190
20
383
10
102
13
Z
160
15
421
7
425
4
491
9
31
6
459
2
25
1
203
5
289
7
393
6
305
10
347
7
275
7
300
7
245
10
388
5
D
220
4
427
47
248
24
246
31
208
2
F
320
9
336
24
18
5
218
7
329
4
24
18
414
23
322
28
366
29
261
19
W
220
18
124
9
119
1
213
7
359
2
10
5
204
6
365
6
467
9
276
5
415
0
29
1
271
11
488
11
251
0
6
10
296
9
372
8
103
7
N
180
19
2
8
455
5
134
6
377
4
106
5
397
1
83
1
321
0
174
4
293
8
40
9
133
1
385
8
117
1
157
3
269
9
258
5
432
6
99
8
B
260
12
88
3
356
0
12
0
484
3
169
21
160
15
462
2
350
7
173
0
391
11
235
2
422
15
