5
15
C
200
3
128
26
95
16
418
58
T
300
9
241
24
167
16
119
27
330
28
226
8
131
4
199
21
213
2
132
3
U
200
12
481
15
288
1
154
1
271
16
253
0
177
11
158
10
331
3
480
13
270
7
373
5
198
0
L
360
11
464
8
292
30
338
28
311
32
205
16
185
2
64
26
489
13
487
18
67
18
45
5
G
200
6
356
29
157
33
231
7
317
18
485
10
206
25
B
340
6
44
51
38
4
147
35
376
12
365
22
120
39
Y
160
8
436
5
141
1
423
0
104
4
452
15
259
9
414
19
313
19
P
160
7
353
17
282
20
261
7
482
19
451
2
326
15
396
7
V
340
14
136
18
408
14
101
23
369
23
432
6
346
4
252
11
405
5
187
4
246
2
14
15
0
13
156
8
477
8
Z
120
16
361
3
274
3
367
5
126
5
273
0
341
1
358
2
220
1
493
0
9
6
419
0
298
5
63
0
143
0
320
2
475
1
D
280
12
144
15
336
7
454
14
46
5
462
9
383
16
215
23
140
6
412
10
98
4
319
0
76
3
S
380
17
202
4
123
6
349
2
172
16
411
18
233
20
397
22
263
2
478
1
499
6
486
17
173
18
479
9
23
12
381
7
392
10
84
2
A
300
8
218
21
75
22
108
36
69
2
374
19
342
11
272
15
197
19
O
220
14
31
9
299
0
72
12
455
0
83
3
426
13
107
12
112
14
258
4
82
3
74
1
312
10
445
10
399
13
R
180
3
400
40
307
10
334
31
