5
5
E
380
9
468
15
311
9
101
39
437
18
350
11
84
18
401
28
34
2
19
29
U
260
14
107
6
345
3
65
2
255
8
322
4
298
18
259
5
470
13
142
17
213
2
99
16
313
10
452
18
231
18
J
380
18
435
2
406
18
18
5
0
10
41
6
333
3
472
8
58
5
455
5
330
9
241
13
391
1
425
13
104
15
92
14
456
3
8
20
96
9
Z
380
11
76
15
273
4
235
13
132
31
219
8
210
10
347
26
430
5
418
22
427
29
134
21
B
240
18
448
3
332
7
233
10
426
10
488
2
251
0
416
0
216
6
499
1
69
12
21
12
25
12
492
13
152
1
314
4
297
13
123
13
312
9
