5
23
Z
240
19
323
12
319
6
325
5
269
3
382
10
265
1
88
11
484
5
396
3
459
11
424
11
62
1
94
4
80
8
217
3
223
2
267
10
486
2
51
5
N
100
18
74
0
110
3
158
1
427
2
499
1
471
5
20
0
175
0
275
5
180
2
447
2
452
3
341
0
474
4
61
1
266
2
133
5
277
4
I
160
14
122
2
147
11
380
7
451
6
360
1
164
0
231
6
374
7
241
9
260
1
288
4
477
11
111
8
27
5
Y
300
11
414
13
139
25
332
9
178
20
375
21
300
24
146
9
249
17
415
3
317
21
302
26
J
160
9
293
7
409
13
401
12
193
17
394
14
238
1
42
2
30
16
78
15
X
120
11
126
6
264
8
433
5
47
4
356
10
186
9
152
10
248
8
280
8
322
4
303
10
R
260
14
365
4
316
12
444
17
428
18
195
6
132
11
460
15
19
6
404
9
450
6
224
12
348
11
48
8
84
8
Q
360
3
102
74
155
21
353
63
U
240
8
333
2
359
6
101
0
10
22
106
13
440
18
340
20
50
7
O
280
14
407
6
225
17
150
19
257
6
263
10
441
7
488
11
109
9
201
0
171
16
222
17
337
4
367
7
21
15
G
180
4
182
27
160
39
308
41
318
1
W
380
3
85
50
295
52
204
34
H
160
16
116
7
285
9
63
1
138
7
470
0
230
8
54
10
149
1
386
1
370
0
119
5
387
9
429
2
381
4
350
2
86
0
P
200
8
271
7
461
8
46
16
28
5
259
16
301
25
445
7
14
12
V
340
5
189
15
151
60
284
55
329
9
184
37
K
100
11
115
1
153
7
430
8
166
8
170
6
199
5
104
4
398
7
439
7
247
1
297
2
L
260
14
24
0
96
3
6
1
212
12
107
18
135
4
489
17
435
0
338
18
43
1
306
6
66
7
240
16
90
4
T
180
8
345
4
298
22
313
13
11
7
140
7
419
17
76
2
399
2
A
300
3
129
86
469
1
121
76
B
140
4
393
9
363
3
383
23
251
31
F
160
17
246
1
114
5
442
4
172
8
159
9
17
3
219
0
37
6
134
0
418
3
87
8
68
1
485
8
290
3
378
2
495
5
443
1
E
180
8
60
16
403
22
168
13
58
12
480
11
324
1
44
18
5
4
S
300
6
41
44
108
21
483
5
438
41
274
50
491
48
