5
24
D
200
4
211
27
402
19
263
14
127
43
U
260
15
462
10
268
14
355
12
154
1
339
0
294
8
308
6
100
10
485
5
175
6
398
3
68
15
50
16
57
7
130
2
M
100
11
150
6
291
8
311
4
147
4
115
7
118
9
138
6
454
3
421
6
434
2
368
3
C
380
11
208
2
196
26
90
14
406
13
128
25
414
8
39
10
277
10
419
28
220
29
303
6
J
100
4
97
18
244
24
60
1
108
4
B
360
13
496
13
257
2
347
11
52
8
246
0
393
10
412
12
445
26
374
20
479
2
40
10
258
15
47
12
K
200
4
259
27
334
21
155
12
0
33
L
340
7
281
9
232
6
378
28
205
11
335
14
55
39
102
46
Q
100
13
467
5
178
1
480
2
141
6
98
1
163
0
342
6
23
6
312
1
430
3
427
1
425
2
62
5
R
180
18
473
4
53
7
487
9
271
10
44
4
65
5
468
2
240
3
179
6
88
10
67
0
357
2
300
4
373
7
387
7
437
10
428
7
212
10
Y
220
16
272
6
123
7
411
4
250
4
202
3
391
11
316
13
315
9
450
2
233
2
302
8
356
5
495
5
472
6
43
5
216
5
E
240
18
111
13
298
13
20
8
466
9
184
9
306
7
174
11
269
4
341
10
10
11
299
13
210
10
15
12
249
8
218
3
72
9
180
9
16
7
H
360
12
213
17
265
13
432
16
469
17
45
28
121
18
99
4
266
16
142
16
95
6
289
14
360
20
O
380
14
498
1
247
0
36
0
463
11
290
24
274
24
330
1
94
19
185
21
288
13
394
5
313
8
276
16
390
25
T
160
12
481
0
87
1
338
12
49
9
319
2
314
12
350
6
285
7
26
4
465
11
78
2
230
3
A
280
3
470
50
35
86
243
57
S
360
10
370
22
48
33
217
28
429
34
136
36
82
0
346
19
200
11
113
35
69
2
Z
100
12
228
8
135
1
396
1
125
7
61
8
168
7
446
3
343
6
110
0
58
2
238
4
447
3
P
280
19
201
1
176
12
124
6
148
5
401
8
14
10
146
7
424
3
371
6
84
4
158
3
488
5
187
9
270
11
28
2
293
13
403
6
119
9
409
10
V
180
17
171
10
333
0
89
9
195
10
144
4
351
2
165
2
377
5
2
7
389
2
410
9
439
3
74
2
245
9
234
6
235
2
381
7
F
380
17
24
13
361
1
6
20
153
9
186
9
239
0
106
6
252
10
375
1
79
0
9
4
8
20
140
13
441
7
376
18
173
8
320
8
N
280
5
282
32
162
33
215
25
440
3
3
16
I
300
8
71
18
324
7
194
7
451
13
152
4
449
21
407
25
34
31
W
360
10
325
20
348
8
284
23
214
35
161
36
423
27
460
6
32
33
209
10
264
15
