5
11
K
300
4
37
72
185
11
83
21
182
57
V
220
8
201
26
289
24
311
13
206
22
278
3
41
24
220
0
319
22
C
140
18
189
6
77
7
5
1
450
5
348
4
495
3
46
5
66
0
335
7
14
4
191
6
62
6
398
5
412
3
133
7
454
4
219
4
6
1
I
180
11
161
13
84
12
76
15
343
2
444
0
135
14
48
13
147
0
193
11
453
4
212
9
H
320
19
284
2
240
0
3
0
397
0
429
16
439
7
272
0
242
0
250
3
411
16
24
1
7
3
188
12
204
12
452
6
72
7
179
13
79
8
173
10
E
260
13
405
11
430
7
18
6
8
0
476
0
432
1
497
20
234
19
470
4
164
4
32
20
27
10
292
15
B
100
9
323
8
486
7
208
10
475
7
360
5
96
3
448
7
302
8
13
5
Z
320
7
54
22
268
41
354
13
65
29
451
19
74
30
115
21
G
160
18
334
5
69
7
28
1
34
7
154
3
372
5
468
2
128
0
215
7
259
6
239
7
248
8
81
6
23
6
142
1
378
6
253
3
391
6
M
120
10
89
12
175
3
136
10
266
4
359
2
288
0
466
4
459
2
256
8
137
4
N
140
11
337
7
270
7
223
8
166
1
125
6
291
5
326
12
61
7
257
12
314
12
246
11
