5
11
E
240
18
347
0
315
7
40
11
358
8
156
12
229
7
14
9
453
11
34
1
294
4
317
11
10
2
429
10
242
6
287
12
102
3
155
6
179
5
L
240
7
368
34
245
5
365
10
217
20
460
29
234
1
176
30
W
300
16
458
14
171
17
251
18
393
10
226
15
25
13
55
15
305
12
9
14
96
18
146
0
255
14
465
12
488
11
50
12
168
18
Y
240
18
290
2
214
13
6
7
150
10
266
6
439
11
87
1
169
8
432
1
94
11
421
8
418
6
402
3
413
5
178
6
312
3
276
11
98
0
G
140
19
4
0
82
1
336
2
56
0
28
0
484
7
21
3
62
1
277
3
170
7
15
6
119
3
78
5
144
2
417
3
480
5
68
7
213
4
106
6
J
340
7
246
9
181
2
265
5
160
45
100
35
279
0
450
41
K
120
9
466
12
250
5
362
9
124
8
375
12
473
12
408
12
463
3
63
13
O
360
15
134
8
71
6
285
12
444
11
104
7
376
15
195
11
44
2
335
3
307
17
404
8
304
9
145
8
461
8
101
20
U
220
19
202
0
26
8
452
7
410
6
364
6
382
6
108
7
175
4
481
1
256
7
45
9
22
7
459
2
435
0
211
9
54
10
467
4
137
2
354
5
P
280
12
197
18
30
21
194
17
73
3
482
14
455
5
261
22
66
16
367
23
407
2
283
23
139
14
C
300
19
200
14
323
6
99
2
118
0
280
15
81
15
237
2
468
3
388
13
436
5
7
10
80
3
353
1
109
4
385
8
351
13
183
0
379
2
472
12
