5
15
B
300
13
360
3
352
5
188
1
100
7
298
22
155
15
320
0
483
22
295
7
85
11
383
15
423
6
219
23
L
120
12
65
10
294
7
493
7
482
7
306
6
61
2
386
7
389
6
248
5
12
7
485
5
240
0
C
180
13
303
13
151
9
131
1
473
11
64
0
403
13
331
8
495
4
200
13
53
3
211
3
16
0
221
12
K
160
4
361
24
418
39
340
23
251
15
A
340
9
469
22
411
13
421
29
177
12
343
19
80
20
385
20
289
15
486
35
V
240
10
398
18
108
9
435
0
25
23
379
5
349
1
296
17
452
19
378
6
160
13
M
200
17
426
6
133
6
81
9
90
8
30
3
60
6
499
5
250
4
234
7
260
4
438
4
487
5
373
0
330
1
273
6
430
2
460
1
N
220
6
205
19
268
21
466
6
204
0
281
5
497
11
F
100
15
182
5
293
1
424
6
125
1
189
4
230
0
29
5
58
5
140
0
156
6
375
1
56
2
210
1
120
6
395
4
Z
340
17
191
16
23
9
111
15
109
9
444
14
394
16
215
1
153
4
292
11
255
13
470
15
62
13
494
18
465
20
146
5
436
14
339
6
Y
380
5
71
50
126
33
13
36
307
53
95
35
D
100
8
89
9
286
11
172
0
7
12
3
12
327
6
446
7
492
6
G
200
5
51
23
132
3
116
15
57
40
121
3
Q
240
7
198
25
381
29
163
12
24
28
479
5
382
13
226
0
U
160
14
186
0
152
3
326
10
76
0
122
10
32
3
91
6
472
11
175
0
244
3
187
8
433
6
161
5
454
3
