5
14
Z
140
8
189
3
204
14
244
6
72
11
200
2
477
3
148
8
331
16
L
120
18
6
5
35
4
173
4
157
0
256
1
462
3
152
4
239
2
284
5
194
1
221
2
361
3
75
4
440
5
226
0
56
6
42
4
215
4
Y
200
14
163
11
471
9
490
8
160
7
468
4
69
8
48
0
36
13
364
7
15
10
348
6
319
0
64
7
139
11
X
240
14
80
17
382
10
54
9
358
1
45
9
186
6
241
16
164
1
124
8
485
3
174
11
449
14
176
2
425
3
V
140
3
201
43
236
20
44
35
Q
120
7
269
10
143
0
379
17
212
12
133
6
32
14
347
11
B
180
13
142
12
177
8
17
10
365
2
101
3
434
13
202
7
333
8
122
8
437
6
218
5
149
2
479
6
R
360
15
206
1
38
19
246
19
7
13
444
19
421
11
345
21
238
11
482
0
2
1
196
20
399
16
61
1
144
7
301
24
D
160
16
9
0
376
8
199
5
207
4
431
1
34
3
454
8
129
4
197
10
187
10
476
10
401
8
484
4
472
9
55
4
103
7
I
260
18
381
10
74
11
460
8
326
6
412
8
182
14
40
1
258
6
353
14
310
5
158
6
408
13
496
11
76
2
135
14
188
2
286
12
33
2
C
360
13
140
25
253
24
391
24
262
16
344
19
423
17
456
8
298
4
168
13
281
7
338
11
430
8
470
24
K
340
9
203
24
5
7
62
20
367
24
478
28
295
34
118
25
180
6
94
11
S
120
16
232
2
419
7
213
0
87
0
26
4
359
1
299
6
127
2
297
5
487
6
340
3
175
5
13
1
250
3
397
5
402
7
M
360
6
170
38
146
16
393
31
415
34
0
52
49
25
