5
20
G
100
19
153
2
97
0
195
4
24
5
197
0
111
3
387
4
367
4
257
5
287
1
465
4
264
5
204
5
458
4
320
4
98
1
166
5
82
3
115
1
F
200
5
185
28
176
18
418
14
457
12
88
6
K
220
15
120
2
341
7
49
8
99
5
123
5
77
7
12
4
410
4
200
11
206
6
116
8
442
13
317
9
124
3
105
3
S
320
7
321
7
245
0
493
11
455
13
132
21
108
8
368
42
U
340
8
425
6
171
12
69
0
62
12
174
15
233
13
265
19
214
30
D
220
19
403
2
339
5
299
3
386
8
282
10
259
5
319
5
3
8
344
4
160
10
378
4
427
0
384
1
223
4
25
2
412
0
346
1
106
4
298
9
I
260
17
389
14
343
11
180
3
165
12
297
15
421
8
148
9
113
13
170
12
479
5
15
11
224
14
107
7
156
6
48
14
237
14
27
11
C
200
10
50
2
373
4
445
20
117
14
144
11
431
20
31
14
87
18
30
16
118
18
M
280
13
374
9
475
15
322
10
393
20
194
14
71
9
293
0
291
18
217
6
42
19
269
21
78
4
190
20
V
100
9
258
8
61
10
349
5
260
1
178
8
290
1
201
10
272
11
241
8
Y
120
6
490
5
285
7
420
11
468
13
151
10
415
11
P
200
5
188
0
154
13
454
2
135
36
103
3
E
300
15
443
2
444
6
5
8
338
7
280
7
210
1
422
5
452
2
370
4
187
18
235
1
356
11
51
11
122
18
58
10
A
240
12
225
11
365
16
17
8
23
19
486
16
446
9
363
2
179
15
75
13
476
18
437
8
432
9
R
360
14
216
13
448
1
133
17
184
13
456
8
157
23
496
23
361
12
134
14
6
19
250
6
266
23
140
7
440
17
B
300
8
487
18
275
10
34
10
109
36
0
12
211
18
81
19
380
36
W
260
17
76
14
354
10
472
8
428
3
128
8
10
4
383
4
467
13
288
13
329
15
242
11
39
0
494
15
409
5
89
4
364
12
213
3
O
140
16
96
3
304
3
355
1
323
0
484
7
234
0
189
5
333
3
126
7
222
4
318
0
470
3
142
3
342
3
379
1
435
1
Z
200
6
63
25
92
19
392
2
68
20
136
29
463
3
T
220
14
489
2
207
8
218
12
253
15
161
14
152
7
19
0
337
11
330
12
35
5
164
13
313
5
398
8
244
10
