5
20
X
380
15
149
21
300
19
10
12
60
25
188
20
234
8
387
10
114
1
365
3
396
3
248
11
320
14
331
6
246
22
208
17
Z
300
10
366
2
282
30
172
15
74
6
167
21
249
22
262
30
368
4
268
18
250
27
R
260
9
297
8
202
23
321
22
213
26
324
11
34
6
198
14
230
16
398
0
K
380
9
49
4
470
3
14
23
87
19
303
6
372
20
330
36
309
42
82
8
J
160
19
175
0
153
3
315
3
494
5
461
8
68
7
492
8
159
5
231
7
328
8
111
6
418
1
94
2
332
2
100
8
93
5
205
5
318
0
62
0
D
160
11
493
5
11
0
144
1
299
9
419
14
469
0
102
2
400
10
194
11
84
13
95
14
P
120
10
336
4
386
8
137
7
47
6
75
6
335
8
98
7
389
8
223
1
479
12
C
180
15
374
11
30
6
347
4
272
10
142
11
413
6
0
8
269
2
220
2
96
2
204
11
411
12
125
10
391
5
195
10
Q
300
15
44
7
251
9
89
4
392
9
439
6
367
20
116
19
25
12
483
1
385
2
152
0
427
4
6
0
173
0
35
16
W
300
6
275
48
5
7
20
36
467
4
465
30
196
17
M
320
3
307
6
359
100
273
5
Y
160
19
414
5
295
6
57
7
214
3
235
6
388
4
86
3
54
8
371
0
390
5
138
2
70
3
339
6
65
6
78
4
160
7
41
1
337
4
301
4
E
100
10
349
5
224
0
456
0
155
4
255
7
495
2
158
7
326
0
379
3
7
1
I
100
11
90
4
67
5
63
1
498
9
55
6
83
5
475
7
92
9
263
7
422
7
257
1
O
140
5
435
16
460
16
496
6
103
17
51
6
A
360
15
341
4
42
5
29
15
130
6
474
22
121
4
148
8
136
3
118
5
459
16
166
5
362
24
378
20
203
4
101
21
U
260
18
471
13
403
3
105
3
221
2
360
11
226
8
171
9
458
0
59
9
340
5
177
12
278
11
294
1
364
8
182
7
39
10
228
4
76
14
F
160
3
140
50
473
11
369
51
H
280
8
21
15
179
23
444
22
405
1
104
31
285
20
242
35
451
29
T
180
5
436
9
280
6
433
3
408
9
2
16
