5
7
P
240
6
175
8
433
23
96
37
65
16
453
31
379
37
Z
260
16
439
7
169
12
474
9
147
16
222
2
258
0
67
12
141
12
191
16
179
9
212
13
200
5
327
13
47
12
437
0
247
0
K
100
16
187
4
489
6
329
5
8
4
115
4
463
0
61
3
252
3
201
4
408
1
219
3
186
4
163
4
376
3
249
3
465
0
J
240
11
282
1
54
17
129
6
110
21
457
14
451
21
142
13
326
15
230
12
315
2
248
3
O
220
10
77
22
101
8
128
21
293
20
359
9
208
5
364
18
456
19
37
22
134
22
X
280
11
354
10
112
9
363
8
49
8
204
15
197
25
160
9
53
12
246
16
236
21
227
6
G
260
15
22
4
278
7
78
4
283
6
82
2
452
12
125
11
221
7
116
10
471
11
318
7
3
5
144
1
487
17
99
5
