5
17
B
320
4
385
13
275
44
36
59
456
40
V
360
16
252
5
263
10
62
5
255
19
378
18
179
21
320
7
89
1
0
10
303
21
335
6
246
17
194
12
478
0
465
4
94
12
A
180
13
5
5
168
12
171
5
22
11
240
10
66
3
306
9
330
4
359
12
40
8
354
8
108
11
474
4
E
320
5
383
64
417
59
109
37
361
32
475
59
O
380
16
257
6
4
13
349
0
163
2
13
15
61
14
136
2
308
19
93
11
126
22
227
22
437
5
120
8
406
13
53
1
30
18
L
120
12
51
7
164
5
404
7
463
4
436
0
116
0
158
1
468
10
334
10
114
3
205
5
410
5
Z
100
12
304
5
96
0
455
2
78
6
27
4
228
3
152
4
355
2
415
7
117
4
176
1
106
8
X
360
6
192
41
434
2
195
55
479
39
395
54
131
8
Y
360
10
258
20
424
34
321
31
402
19
73
35
75
18
130
0
232
4
365
34
387
9
U
240
18
452
0
236
5
3
3
64
11
487
10
184
5
60
1
428
9
291
5
204
11
41
0
345
6
67
12
45
1
95
2
298
4
178
13
21
13
T
380
8
199
38
15
13
373
28
226
6
401
9
185
12
429
7
220
41
H
260
11
268
19
162
17
460
20
86
18
313
0
432
20
214
1
496
16
382
4
317
6
216
8
J
140
18
141
6
446
4
293
3
148
4
368
4
157
0
495
0
118
6
384
6
170
4
259
3
210
7
347
0
277
7
2
5
483
3
229
7
155
4
M
200
7
379
11
97
13
327
23
12
28
451
21
247
15
469
22
D
320
18
44
2
24
7
371
6
156
7
52
8
322
7
396
5
386
12
433
9
119
1
167
16
489
3
49
8
133
4
196
0
242
12
284
11
276
7
R
220
8
197
24
360
18
342
7
411
25
18
2
144
13
484
6
444
24
N
300
16
397
15
405
14
180
1
445
11
362
0
249
0
476
2
239
10
407
8
35
7
80
9
380
15
261
16
28
8
125
0
203
7
