5
8
O
280
15
271
2
57
13
153
5
259
8
204
8
364
3
401
6
198
7
228
3
266
1
380
16
254
11
141
18
491
16
270
2
S
180
10
110
4
445
0
369
14
22
4
424
9
58
18
203
9
472
12
448
10
415
15
D
260
13
345
18
125
3
40
18
374
14
432
9
66
1
19
18
291
19
288
13
196
5
396
20
159
17
201
6
R
100
6
166
15
371
8
327
2
272
6
408
0
167
6
K
240
9
498
26
297
24
112
8
393
23
405
4
137
21
433
19
63
14
69
0
T
140
11
247
8
239
11
26
12
126
9
116
1
466
0
299
8
429
8
496
5
3
4
105
12
F
260
9
151
8
406
10
427
25
287
8
64
25
27
16
431
18
295
9
90
26
Y
240
5
280
9
164
19
67
28
471
34
229
27
