5
13
G
280
6
319
42
330
8
117
15
216
8
422
33
252
8
M
300
14
406
17
308
20
332
17
199
2
20
7
419
3
59
3
396
8
83
11
50
2
25
17
184
14
125
1
157
18
O
220
14
323
1
103
11
141
10
430
3
113
14
372
14
13
4
305
10
108
15
297
0
436
10
458
10
395
3
296
7
N
340
15
270
7
16
7
12
5
144
6
262
2
93
7
217
10
437
5
206
6
11
9
486
7
457
11
229
8
336
14
362
15
C
120
17
339
3
71
6
441
5
299
5
60
6
263
1
497
4
162
1
416
3
288
2
74
3
295
4
492
4
197
1
44
6
227
0
41
6
Y
360
3
186
99
77
28
326
31
Q
140
12
24
8
37
10
275
6
58
9
192
2
63
10
345
4
243
5
247
4
287
10
471
0
2
5
J
100
8
361
7
465
2
210
9
224
12
232
4
153
10
150
5
15
0
L
140
14
147
4
343
6
23
0
82
9
380
6
203
1
449
8
377
7
290
1
136
4
79
4
49
10
230
2
445
7
V
160
18
454
0
271
0
4
4
261
7
72
0
198
3
111
0
363
2
498
6
477
4
64
2
177
1
80
2
51
2
194
6
429
3
359
7
178
1
K
100
16
94
1
205
1
160
4
69
1
291
4
40
4
219
0
218
3
1
6
54
5
347
0
451
3
440
3
368
1
460
2
481
4
W
280
11
211
19
202
14
494
8
447
0
444
17
386
7
293
7
174
4
415
1
455
24
378
3
R
320
10
14
0
281
21
499
28
408
32
334
14
267
31
253
28
53
6
120
27
376
16
