5
6
Y
320
8
199
40
175
15
111
34
279
14
97
2
3
13
258
14
431
28
E
320
6
483
24
27
39
457
11
121
34
257
46
113
15
L
140
4
54
5
108
9
400
1
227
21
D
340
8
345
15
445
38
241
17
126
39
142
42
28
20
495
7
102
15
X
320
13
53
14
318
19
496
16
326
14
195
13
280
20
373
18
222
24
448
0
194
8
302
11
494
12
145
5
F
260
19
70
5
139
6
130
13
51
11
162
1
433
13
422
4
490
9
444
12
243
13
458
6
338
7
153
11
79
13
20
7
383
13
283
2
129
10
64
0
