5
23
H
380
11
347
15
68
21
40
18
36
23
458
22
200
33
10
9
304
31
184
31
138
12
47
33
Y
240
13
434
7
175
10
119
9
223
15
21
17
263
10
293
5
197
17
213
0
459
1
289
13
312
11
114
2
K
320
4
107
74
180
62
95
10
128
5
O
360
5
71
34
37
31
23
11
168
50
271
31
B
320
8
233
31
13
14
450
18
58
7
247
18
159
26
259
7
218
6
U
340
10
225
3
447
18
81
26
440
34
66
2
275
14
75
19
460
3
488
7
491
19
J
100
15
244
4
403
5
15
5
144
3
42
0
477
5
50
5
323
0
230
6
102
4
308
5
350
0
5
1
120
5
16
1
W
180
18
30
3
7
7
196
1
219
2
187
9
465
5
437
10
411
0
353
6
56
6
279
2
132
1
444
6
250
8
221
4
405
10
173
2
155
1
Q
140
17
157
0
330
2
329
0
355
4
166
8
260
3
4
2
457
5
255
1
413
3
430
4
286
8
253
3
224
3
322
2
46
7
478
0
E
200
7
382
25
162
16
344
12
117
7
392
8
158
20
343
5
S
140
16
285
0
438
4
69
4
380
0
439
4
59
7
492
8
463
4
449
3
407
5
41
5
222
0
203
2
292
4
43
4
105
5
M
240
12
315
7
436
4
424
7
309
9
352
10
385
1
11
1
472
9
29
18
135
4
210
8
337
19
F
320
19
109
7
215
1
296
11
99
6
277
7
194
11
369
10
456
10
17
14
154
14
474
5
409
16
236
11
384
7
126
9
410
14
103
15
484
3
334
5
T
120
13
282
0
176
7
381
9
306
0
366
9
52
6
209
0
429
2
229
2
153
1
446
8
28
2
121
7
L
220
6
22
35
398
26
495
8
481
35
307
7
414
9
D
240
9
423
17
360
8
251
24
311
4
63
16
387
26
302
22
395
25
258
21
N
120
10
301
7
431
2
237
5
139
10
201
7
324
7
480
1
177
6
179
11
348
10
I
340
19
24
16
131
12
0
15
174
1
471
0
182
9
336
7
483
16
408
3
361
8
101
9
305
10
246
9
453
15
12
15
493
5
148
13
160
16
262
14
P
380
11
448
21
181
30
287
11
217
24
494
11
112
16
96
20
191
2
241
26
188
11
72
11
R
340
3
265
103
245
104
39
16
Z
180
12
151
9
354
13
243
4
127
2
133
13
284
3
140
5
417
6
195
7
80
4
216
7
165
12
C
340
8
489
18
65
20
371
8
54
25
445
27
78
20
205
4
235
7
X
300
9
79
31
396
16
189
21
18
2
291
3
199
7
248
4
124
24
280
13
