5
9
P
320
7
255
14
3
20
92
14
206
4
327
28
304
19
412
25
W
380
4
356
67
374
45
464
67
460
11
B
240
13
97
7
489
0
69
14
32
14
29
1
108
8
382
9
161
4
447
13
269
13
163
15
474
9
411
6
Q
300
10
220
16
101
13
114
26
430
11
297
29
27
0
177
22
482
14
107
18
454
21
I
380
18
225
21
256
15
480
12
270
16
33
20
207
17
98
19
363
17
236
15
294
11
19
10
463
3
452
15
276
18
495
19
229
21
311
13
234
10
Y
160
13
360
8
262
12
218
5
156
0
169
8
253
1
149
2
402
2
398
0
478
11
191
5
494
6
441
6
E
160
15
498
10
348
7
176
8
11
5
283
8
397
9
87
10
357
7
125
4
204
7
428
1
279
2
112
2
384
2
325
7
R
200
11
261
16
323
0
387
11
224
15
434
12
301
10
438
5
349
4
70
13
420
7
458
7
T
140
9
190
12
189
14
187
13
113
11
370
14
205
7
12
15
82
14
457
7
