5
13
B
100
13
145
7
102
0
120
0
83
7
151
1
394
3
67
4
244
4
354
3
429
7
71
7
41
2
157
5
M
180
10
433
4
328
16
391
12
159
14
216
8
73
5
472
15
345
4
99
9
282
14
C
340
9
163
19
452
31
116
25
293
5
9
30
348
37
292
32
443
13
462
28
W
320
9
107
34
56
32
416
27
497
5
134
10
446
11
454
12
193
3
318
19
U
160
12
346
7
336
13
479
6
17
3
168
9
255
10
437
1
226
0
135
7
375
2
51
11
310
2
D
280
10
10
26
213
18
489
8
15
10
398
5
277
28
239
27
376
7
279
0
400
18
X
300
13
234
22
471
1
351
9
285
12
331
15
252
5
357
23
324
2
16
19
475
8
79
10
374
4
155
7
T
120
9
487
6
122
5
278
2
254
0
288
6
219
10
273
7
66
10
408
11
N
140
12
264
9
444
8
3
1
432
7
309
9
434
11
287
9
405
4
315
10
463
5
173
10
172
7
R
380
13
381
15
22
18
92
20
245
15
50
11
183
7
177
0
143
17
246
1
176
2
242
23
141
13
302
3
F
200
6
335
1
158
28
317
10
167
14
373
9
37
2
O
260
14
147
14
361
1
334
12
421
12
201
15
76
9
26
4
350
7
378
18
237
10
68
11
208
9
59
16
365
11
S
300
13
199
1
412
14
170
20
470
2
27
12
87
12
366
16
379
20
215
1
7
23
113
12
435
9
413
10
