5
21
I
120
15
89
2
347
4
363
7
118
5
284
6
115
7
452
6
1
7
203
8
227
6
303
7
492
6
82
2
275
2
455
0
U
220
12
19
15
239
10
443
17
459
10
222
10
484
11
273
11
229
17
272
14
493
4
416
1
52
3
S
280
17
383
7
221
7
446
6
79
11
75
7
268
13
85
14
214
11
314
14
31
2
495
11
437
1
101
15
263
13
210
10
371
14
376
7
P
280
3
33
19
361
74
188
92
D
180
10
147
1
447
4
356
5
350
14
384
9
332
4
444
2
92
3
252
12
146
10
A
200
5
289
19
217
2
94
35
163
8
466
2
E
180
11
60
3
453
6
133
9
407
1
66
1
279
9
418
13
472
2
103
11
192
10
489
7
H
280
19
315
7
137
11
419
3
45
4
98
6
473
13
411
10
185
9
482
9
274
12
392
9
305
8
465
9
460
12
397
2
27
4
175
6
176
6
149
14
R
240
3
30
60
372
71
499
35
T
180
4
333
39
28
0
35
0
58
22
L
140
6
46
11
469
12
318
21
393
11
50
1
168
6
F
300
15
381
12
56
3
12
14
340
0
219
20
200
13
366
14
107
0
157
12
478
17
360
1
483
9
234
18
462
18
241
12
Q
340
16
276
8
430
7
16
9
34
4
380
17
306
18
113
6
109
8
364
0
335
21
32
2
260
2
237
15
348
13
458
19
205
21
K
240
15
298
3
257
16
67
4
387
7
197
4
414
14
2
9
196
9
498
12
316
15
409
6
74
16
111
1
142
4
379
4
G
340
12
124
9
21
25
193
19
425
11
174
23
464
15
312
22
57
8
496
0
186
26
127
19
406
23
C
160
4
242
23
428
38
266
14
122
30
M
140
10
399
14
220
3
307
7
338
1
20
0
365
3
477
10
244
1
287
8
4
5
O
100
9
395
10
40
10
491
3
291
7
51
10
91
5
256
8
213
7
162
11
W
260
15
334
7
223
14
251
3
304
16
309
14
80
11
247
3
311
17
15
9
323
3
413
6
182
13
374
0
128
8
207
8
B
200
6
402
17
310
30
171
9
235
1
329
12
104
22
Z
220
16
226
1
55
2
164
12
297
13
262
8
153
3
106
3
264
4
167
6
245
3
302
0
154
0
39
2
49
12
233
1
321
13
