5
13
S
180
11
213
4
97
16
189
12
346
13
442
8
378
14
202
12
57
1
407
6
191
9
427
1
A
200
3
167
45
19
54
168
23
H
320
18
209
17
307
10
187
14
461
6
423
7
79
10
125
11
348
14
102
2
278
5
109
17
280
11
485
13
117
2
10
15
272
8
350
0
93
4
B
380
12
152
16
88
14
182
8
287
15
468
27
321
3
492
31
120
16
166
2
455
10
450
29
369
5
Q
220
4
375
16
431
26
105
30
487
8
G
380
6
220
0
83
50
133
23
459
26
214
11
92
12
U
100
4
16
18
412
17
362
19
416
14
C
240
7
396
30
175
12
343
17
5
23
139
28
330
7
425
9
O
260
17
325
11
333
8
256
12
190
1
141
14
449
3
183
6
196
3
317
14
499
3
225
8
44
6
328
12
395
11
402
8
299
6
274
6
J
180
14
197
4
275
0
73
12
158
9
290
4
186
1
370
4
78
2
184
5
142
0
204
3
419
8
300
5
318
4
F
280
9
227
21
113
25
260
28
82
31
292
28
75
22
467
20
347
29
180
31
I
220
6
377
16
408
10
208
12
233
33
337
29
236
5
E
180
4
355
42
207
27
424
32
40
31
