5
9
Z
360
15
189
14
206
24
204
24
44
20
332
13
440
20
15
18
117
13
205
23
340
24
357
16
421
10
59
18
90
6
255
20
O
340
11
13
1
293
8
156
26
74
7
181
6
96
14
458
18
454
17
499
27
267
26
397
12
U
220
13
2
16
311
1
375
11
183
16
228
13
303
2
10
0
42
7
149
10
47
14
347
9
471
11
28
15
B
320
19
326
5
485
7
358
3
81
6
136
4
71
0
350
15
371
11
162
16
129
11
216
8
85
2
52
12
243
15
19
10
424
1
407
11
474
9
292
6
W
320
12
414
26
36
24
408
4
23
18
395
13
222
3
68
10
348
9
277
17
236
3
376
24
258
14
P
240
7
146
9
476
13
465
33
337
32
72
1
480
13
314
15
V
100
3
304
1
272
31
46
20
Y
140
18
49
4
29
6
235
7
437
6
497
4
24
0
420
2
478
6
453
4
460
4
296
2
479
6
472
1
380
7
160
1
167
6
133
0
25
2
T
360
4
429
33
433
2
142
65
234
86
