5
16
W
240
6
30
23
13
36
450
16
407
10
247
34
193
27
M
240
4
207
16
50
21
172
25
337
56
Z
220
13
111
3
385
1
26
5
251
0
57
6
327
1
441
10
431
8
177
3
396
5
430
8
374
0
491
13
U
300
7
28
27
101
27
339
18
475
37
87
12
181
28
442
0
E
240
7
7
16
20
20
81
31
217
21
258
33
289
17
92
31
Q
100
8
271
4
44
8
370
9
310
7
158
2
347
7
189
2
459
8
K
160
14
466
6
229
11
49
9
228
3
398
5
219
0
125
3
452
9
118
11
319
11
495
8
153
6
164
2
259
8
B
180
16
174
4
372
5
42
3
221
9
167
10
35
5
426
10
17
2
22
10
209
6
376
2
155
4
64
3
124
8
273
7
427
11
F
260
3
470
8
263
80
183
74
I
200
8
23
1
419
3
95
7
299
5
134
14
315
24
437
13
293
23
A
140
15
61
9
230
1
113
3
184
1
137
3
234
7
413
1
106
3
423
1
291
7
8
4
395
2
357
4
414
9
36
8
H
200
14
116
4
467
6
270
6
218
3
255
4
443
1
187
5
493
12
362
11
232
14
406
1
37
14
224
3
305
2
J
100
6
313
15
79
14
182
16
404
0
294
10
162
11
R
340
16
157
5
324
21
25
6
173
4
462
8
435
3
264
15
350
17
461
1
73
19
360
0
102
8
424
13
83
9
204
14
391
15
C
160
17
469
4
227
6
68
0
411
4
202
2
15
2
160
6
275
5
99
5
168
0
93
9
178
0
53
6
59
0
179
6
355
8
392
0
G
280
16
389
14
387
3
112
17
282
13
114
13
212
6
463
0
216
10
420
2
47
4
121
15
482
1
208
11
192
12
321
8
485
7
