5
12
X
120
13
306
9
97
4
104
4
481
4
405
4
27
1
220
1
493
8
244
8
170
4
485
8
265
5
480
1
J
140
16
216
3
75
7
185
7
256
4
201
2
439
7
198
6
324
8
186
2
423
6
450
0
242
4
234
4
304
2
178
8
92
1
B
380
18
55
13
164
3
412
21
362
15
422
5
94
3
121
6
499
2
68
7
195
10
122
20
171
19
282
7
297
12
406
20
60
10
17
3
32
17
N
200
12
22
2
251
6
378
9
175
8
99
15
401
2
167
6
350
8
146
14
273
9
477
1
204
0
C
380
19
375
17
58
4
474
8
496
2
494
0
269
1
452
17
74
7
77
20
414
5
451
0
445
8
314
7
111
8
258
15
50
20
267
0
446
6
18
0
U
160
16
11
8
293
10
284
1
356
1
345
6
419
9
456
5
217
3
29
2
130
2
252
9
36
9
44
1
386
10
47
7
289
10
D
140
8
274
12
120
1
326
17
357
2
73
1
90
3
246
5
463
8
Y
360
3
444
83
141
120
49
36
Z
340
13
260
24
491
3
98
20
457
25
420
19
180
19
183
1
15
12
370
5
449
21
184
17
3
24
7
1
Q
240
7
440
30
139
1
318
10
279
13
224
9
215
18
4
8
H
240
18
157
2
334
9
161
7
471
4
42
3
288
12
23
9
335
7
301
13
173
0
174
6
209
4
305
1
84
0
347
6
53
12
107
9
323
7
L
200
12
231
8
179
8
498
12
278
10
478
10
377
9
169
8
241
4
328
2
177
2
393
11
469
3
