5
10
Y
340
17
61
19
337
14
26
9
377
19
234
18
446
3
398
13
406
17
16
2
135
10
46
5
294
9
276
2
35
15
300
1
386
7
31
12
C
280
10
286
12
314
9
243
13
452
23
155
2
435
8
164
9
412
23
434
12
289
0
K
180
9
410
8
171
6
12
3
468
5
69
15
261
14
332
0
139
11
175
15
U
320
10
291
4
445
19
58
27
347
26
29
30
4
17
278
22
21
14
464
7
431
2
W
140
9
311
15
251
6
280
8
179
10
497
7
315
9
365
12
121
2
163
3
F
280
15
3
3
461
11
275
17
425
14
413
6
269
13
59
15
166
12
262
17
95
18
253
9
148
3
343
18
485
5
313
7
N
280
19
174
14
338
4
273
10
52
4
230
4
102
1
193
9
433
4
48
5
466
4
440
2
384
6
72
2
239
2
126
3
490
0
248
10
487
3
482
9
V
300
10
28
27
91
6
184
16
216
2
34
8
117
11
348
25
37
29
493
1
324
4
A
380
3
494
41
297
71
333
59
O
340
19
458
3
93
6
238
11
375
13
383
2
196
7
240
16
187
9
367
14
350
8
356
12
422
3
479
15
180
5
260
12
19
11
424
11
140
1
427
6
