5
18
O
120
3
146
37
227
23
355
27
J
160
7
277
10
299
11
462
8
161
11
15
6
72
19
249
6
L
140
17
31
8
135
8
82
0
157
1
85
4
440
7
89
4
365
0
4
3
278
5
113
1
201
1
454
8
235
1
156
4
415
2
472
1
I
220
6
479
27
411
15
471
3
332
9
264
8
6
20
Z
180
3
493
10
65
32
241
38
B
260
11
405
19
397
11
59
5
112
18
358
21
408
1
80
9
337
1
379
18
354
19
24
22
G
140
6
279
8
28
17
69
12
419
18
439
16
321
15
H
220
18
141
3
352
4
252
9
103
5
210
8
285
4
373
3
262
3
370
6
17
8
123
9
459
12
231
7
401
6
158
6
170
2
81
7
257
11
U
220
10
102
22
465
1
162
14
246
22
86
3
492
14
284
0
338
12
149
13
315
4
K
260
18
18
7
404
11
70
7
8
9
124
5
197
0
5
11
488
14
367
2
306
11
134
3
446
10
331
11
96
12
58
3
29
9
290
6
273
8
N
360
8
234
8
144
22
282
10
73
18
336
31
12
16
107
27
428
34
F
160
4
38
37
168
23
189
38
228
16
R
360
4
396
47
375
56
469
0
314
82
E
180
6
309
12
50
17
322
14
105
19
425
25
173
26
X
220
18
125
12
3
10
271
4
14
5
353
8
263
4
289
12
357
6
52
12
287
2
457
1
98
5
206
2
153
7
265
1
130
9
186
5
323
6
V
340
16
453
8
220
10
259
17
445
3
251
8
54
6
335
14
36
7
108
14
76
14
136
17
71
6
122
8
143
11
478
4
350
4
T
220
7
61
2
369
1
311
11
60
0
452
22
294
11
203
28
S
200
6
116
33
110
22
95
7
313
31
195
13
436
11
