5
23
R
300
19
460
2
2
3
372
5
4
14
198
14
323
8
477
6
245
8
427
8
193
8
484
2
118
10
176
1
51
11
452
5
15
1
223
15
52
10
204
10
G
120
19
308
6
205
3
246
1
403
0
148
6
32
6
274
0
194
6
384
1
486
6
479
6
300
3
30
1
189
3
353
2
31
6
91
6
116
2
299
3
C
300
14
161
11
211
1
236
20
170
16
138
13
423
10
490
14
48
6
139
17
60
15
432
21
19
21
498
9
209
1
A
280
4
369
31
111
22
482
58
295
17
O
380
17
129
3
481
8
25
4
337
11
317
12
495
14
238
15
133
1
318
16
259
1
131
5
312
11
261
7
288
18
433
11
267
14
457
11
Z
280
4
324
43
400
47
87
41
125
49
S
240
6
451
1
58
8
100
32
160
18
351
8
269
8
Q
100
8
277
8
391
5
401
10
141
3
247
4
487
12
249
2
196
5
L
340
16
210
16
41
19
338
0
38
0
355
20
298
13
99
20
371
12
466
1
103
21
311
14
46
11
20
0
157
3
265
2
93
18
H
320
10
123
15
200
30
378
32
221
1
40
29
143
3
213
6
180
14
291
29
239
20
N
280
15
370
18
473
2
446
8
163
3
417
17
33
3
71
4
491
8
186
4
237
16
332
16
173
0
359
16
197
4
263
10
V
320
8
120
17
290
10
280
2
494
5
203
34
436
15
50
4
419
34
I
340
7
343
19
179
38
68
17
361
21
92
25
42
16
134
30
W
240
8
424
26
10
14
136
1
90
21
102
18
77
21
264
8
162
7
F
220
3
85
70
171
54
493
4
E
320
18
199
17
383
13
297
0
106
15
47
2
44
17
185
3
275
11
425
8
395
5
105
15
488
2
151
13
453
5
21
2
347
4
219
3
231
6
X
160
12
394
1
266
13
472
11
360
0
289
11
404
8
3
4
16
11
169
4
39
4
489
4
315
2
T
280
7
172
15
207
7
135
29
108
37
83
26
326
21
206
14
P
260
4
390
57
137
5
476
0
462
15
J
200
18
142
3
414
6
455
7
497
0
459
7
480
4
444
10
96
3
26
4
306
2
442
7
409
2
188
5
79
1
253
7
440
5
109
5
224
5
U
120
10
201
3
8
3
121
7
248
12
225
9
64
4
113
5
70
4
392
1
218
12
Y
120
12
145
6
334
7
368
7
208
5
421
9
316
5
380
10
464
9
144
6
330
3
429
9
252
4
M
360
10
124
22
234
23
496
35
12
26
94
18
89
12
272
22
438
22
154
4
441
34
