5
13
L
320
10
418
18
44
18
387
24
492
12
142
0
382
18
45
14
103
26
247
8
239
8
W
320
17
332
3
236
15
238
6
188
10
98
17
494
14
259
10
77
10
465
10
344
5
359
15
323
6
458
17
87
6
121
12
352
13
97
7
Q
180
8
59
16
482
17
231
11
416
7
414
17
268
6
261
7
314
9
J
120
7
10
5
89
9
194
3
119
15
57
2
15
10
463
2
V
140
10
485
2
478
6
192
7
364
0
120
7
276
14
296
3
75
9
61
13
496
2
T
100
7
448
10
393
9
318
6
283
7
14
10
157
2
277
7
C
380
3
67
38
415
26
58
81
G
100
8
431
7
208
12
64
2
201
4
171
4
365
11
226
9
491
8
K
240
4
6
26
74
56
162
9
22
54
Z
340
6
174
6
419
52
24
2
165
46
72
38
2
36
H
100
9
459
11
39
5
269
4
320
3
168
8
372
6
481
7
166
8
244
6
E
300
17
65
2
78
13
202
15
484
14
3
8
353
17
41
17
304
13
60
3
357
8
181
10
464
5
36
5
253
10
379
8
437
9
5
0
Y
200
10
20
16
131
12
263
16
330
4
203
4
467
7
210
6
206
18
440
3
468
20
