5
7
N
160
11
300
14
451
3
334
4
234
10
174
10
129
3
186
0
464
6
485
0
220
11
90
9
J
160
13
3
1
323
3
438
1
139
5
310
8
210
12
449
2
465
7
415
9
357
10
453
8
425
11
362
4
H
200
13
192
1
434
6
254
13
50
4
354
12
275
7
68
12
268
15
45
15
407
4
459
5
245
8
228
10
V
280
4
60
9
333
66
344
29
88
41
G
180
19
372
2
126
9
397
3
248
6
432
0
10
2
445
0
257
2
377
5
473
0
71
2
291
4
355
8
43
3
350
5
417
5
294
1
436
1
378
8
X
140
16
81
6
442
2
317
5
393
4
365
3
84
4
343
1
87
1
209
1
444
1
383
3
194
7
197
1
36
7
356
6
261
0
Z
140
15
376
8
427
6
280
2
73
9
85
4
455
0
351
8
89
5
100
8
322
0
106
1
281
9
401
9
385
3
242
4
