5
23
U
380
14
389
10
103
21
348
4
359
23
456
23
485
0
349
11
338
13
358
2
185
18
289
22
328
22
305
19
147
22
H
180
4
386
7
374
34
116
21
448
7
Q
100
14
447
4
249
5
221
2
311
6
228
6
364
3
476
5
346
2
26
7
216
0
110
3
140
0
8
4
333
0
C
200
10
194
11
74
8
27
1
148
0
52
0
60
16
416
8
276
16
203
10
55
7
S
220
16
490
6
270
6
63
3
375
1
466
1
41
3
251
8
211
1
0
4
437
8
95
13
427
6
499
0
160
12
150
7
308
6
T
260
15
234
14
271
6
321
2
28
8
198
8
460
14
25
11
30
3
91
0
266
7
7
9
385
11
419
16
293
10
250
5
X
200
11
409
0
436
16
262
1
464
14
281
17
47
0
87
5
258
8
202
16
31
14
233
14
D
200
9
66
17
286
5
355
8
407
13
34
1
404
0
370
14
19
14
443
8
W
260
14
415
2
128
4
475
12
170
9
114
12
433
7
376
9
467
8
158
18
383
18
175
16
296
6
240
10
226
6
M
120
9
292
6
394
2
363
7
157
8
222
13
314
7
182
2
354
1
400
5
Z
320
12
388
26
474
17
172
23
471
15
186
24
99
0
135
0
207
3
49
24
10
6
279
13
257
24
Y
300
6
371
46
23
34
477
9
275
2
155
30
12
11
G
200
13
230
7
493
9
188
15
80
9
16
9
77
7
196
4
392
5
21
11
174
2
1
5
75
3
210
7
O
140
7
335
17
438
8
396
16
377
8
393
10
263
14
68
6
P
380
17
325
22
252
9
423
17
331
12
463
8
117
9
124
2
215
14
414
2
184
10
191
1
243
17
481
16
434
8
220
10
452
8
108
21
F
280
11
361
17
79
18
290
6
268
8
53
10
3
23
411
13
334
11
136
21
378
14
391
6
I
140
10
398
6
6
3
350
5
458
8
14
2
387
7
143
11
59
6
465
12
209
9
A
300
16
248
17
78
3
264
16
368
5
497
10
442
11
352
14
319
1
119
6
318
16
435
10
90
5
236
7
200
8
260
10
441
2
B
380
11
372
14
166
3
491
34
151
3
316
30
193
8
360
29
273
8
122
0
380
3
366
0
N
160
19
412
0
24
2
410
5
73
1
242
3
261
8
498
1
429
2
17
3
269
1
473
3
343
7
169
0
406
6
38
3
238
1
163
3
144
8
97
4
K
340
10
146
13
486
0
180
11
54
7
58
14
399
12
274
6
417
18
402
8
304
22
J
240
16
153
15
345
14
254
8
336
1
102
14
307
12
51
9
131
6
283
14
69
11
469
9
181
13
120
10
50
9
33
10
164
7
V
380
14
48
0
145
6
137
20
267
11
301
27
173
10
356
15
309
22
379
8
106
26
232
27
256
6
167
13
134
5
