5
9
H
160
9
311
3
245
9
91
3
151
4
200
5
153
6
283
0
498
4
390
13
A
260
6
104
15
489
27
15
23
87
8
209
43
108
4
T
260
13
183
11
325
8
253
4
391
9
313
15
150
16
118
12
25
13
376
7
137
3
247
5
26
16
35
13
C
160
14
330
9
456
9
293
4
52
0
347
2
450
9
80
7
303
8
39
4
189
0
197
1
130
2
395
11
329
1
G
380
9
223
8
184
1
250
0
55
4
427
21
117
31
124
11
267
28
429
24
B
140
8
226
1
413
13
4
1
119
13
186
10
163
0
229
7
185
14
F
180
12
421
3
302
1
201
13
230
15
345
11
452
0
440
1
353
6
261
15
134
15
441
4
280
5
O
360
5
53
8
297
12
24
60
142
49
389
24
S
160
4
205
4
266
7
233
1
425
23
