5
11
D
340
7
40
3
55
18
293
25
378
46
281
11
450
47
85
27
G
340
11
173
30
2
14
425
28
132
17
141
18
366
3
301
13
336
13
405
7
279
24
390
8
H
380
15
125
9
358
7
467
2
356
13
440
14
220
15
148
5
71
16
451
1
398
4
154
10
24
5
329
20
373
5
357
13
C
340
13
280
11
364
0
346
20
110
12
178
17
100
12
116
4
75
9
466
2
237
0
66
12
456
15
308
19
W
100
18
23
3
311
1
223
5
392
2
474
1
70
4
97
5
190
3
11
0
468
4
129
2
22
4
315
0
39
2
86
4
431
3
242
5
263
1
B
220
7
482
9
447
14
166
3
102
3
338
20
200
14
81
15
F
320
18
351
15
108
15
189
13
202
9
18
9
432
10
63
15
89
0
246
6
259
15
174
12
420
0
318
2
191
16
322
13
354
14
105
4
9
4
Z
380
15
344
4
92
17
397
13
114
13
43
24
360
2
68
13
377
12
333
8
28
4
94
18
341
9
21
5
299
5
4
2
R
260
17
84
10
371
9
428
3
44
11
406
6
320
3
163
0
460
10
155
14
303
7
146
3
38
13
65
8
481
3
254
11
211
1
380
12
I
200
17
463
10
480
6
12
4
34
3
59
8
478
5
222
0
235
3
298
7
243
7
489
2
210
6
340
11
195
9
96
3
471
1
160
7
Y
260
9
475
7
328
4
5
18
347
15
416
3
493
3
248
26
284
26
476
17
