5
16
E
360
19
138
16
475
14
426
10
168
11
295
12
18
11
197
9
156
17
77
14
98
13
498
15
205
3
204
15
68
2
435
17
417
0
147
4
1
8
33
14
P
360
4
232
20
140
27
458
43
172
27
Z
140
17
370
1
477
7
207
0
157
0
113
0
27
3
7
5
399
1
420
3
199
5
345
3
308
7
363
3
182
7
176
8
88
8
330
0
N
240
10
175
11
102
6
460
7
48
6
438
23
131
9
103
5
451
0
187
3
333
6
Q
140
18
412
6
23
2
65
2
11
5
286
3
353
0
291
5
66
0
87
4
251
0
101
2
67
7
386
0
397
7
16
3
58
6
269
1
463
2
H
340
18
410
5
478
18
143
4
423
8
106
10
36
0
468
13
220
16
398
1
439
0
325
5
384
5
361
5
122
5
246
8
422
16
233
10
243
2
B
300
8
55
7
239
35
278
9
21
1
441
2
373
22
52
13
196
26
T
200
17
381
10
31
6
17
0
135
9
366
4
201
2
262
5
306
2
75
10
118
1
43
11
126
5
421
0
112
3
24
1
125
6
367
0
G
280
14
274
3
316
7
231
13
89
15
446
14
34
3
229
12
226
10
155
6
372
9
304
15
459
7
215
20
270
6
A
200
19
237
9
276
4
128
7
200
1
425
6
284
5
404
8
9
2
288
3
447
8
41
4
482
2
456
1
22
4
328
4
244
0
100
1
320
5
360
1
F
340
3
69
11
203
26
385
93
O
140
12
142
3
408
9
42
1
224
11
307
11
453
0
72
2
149
6
466
9
132
6
184
4
387
11
X
220
17
318
6
335
4
180
8
158
10
388
11
259
4
431
1
300
8
53
12
343
11
481
3
314
4
49
2
217
2
123
6
13
6
311
1
S
240
13
62
11
496
14
124
14
193
13
486
13
327
5
99
8
167
10
129
10
275
6
324
3
192
16
479
1
D
240
13
483
14
134
3
59
6
433
5
97
16
216
16
471
5
108
12
296
4
271
4
245
11
206
0
340
6
W
240
14
185
4
159
9
227
8
223
12
119
14
449
9
60
14
161
10
242
5
490
17
38
10
359
4
78
6
465
5
