5
18
Y
260
19
495
3
410
0
290
2
387
8
304
7
70
13
378
13
240
12
244
12
338
6
214
7
294
10
355
8
213
13
308
10
397
3
417
13
457
2
284
6
G
180
10
477
2
358
18
134
13
485
0
108
7
423
17
412
18
199
0
261
12
442
14
B
140
17
5
5
481
2
283
4
482
4
200
3
51
4
15
5
350
5
321
2
159
2
136
5
208
1
202
2
402
4
53
1
74
5
368
3
W
300
14
227
4
326
20
484
19
278
21
389
6
384
21
143
20
14
21
84
20
149
4
291
17
448
4
162
4
11
6
Q
120
7
327
0
66
5
225
12
64
13
166
7
315
4
375
13
V
300
5
197
31
388
35
337
60
218
58
96
16
Z
340
7
141
3
101
42
306
6
168
45
475
31
459
31
376
34
L
260
17
76
15
286
1
169
0
460
7
440
2
234
2
30
5
258
12
157
15
192
8
466
10
37
15
122
0
380
15
102
6
447
3
437
3
S
200
10
297
14
160
9
403
20
407
2
133
9
274
20
431
8
446
18
436
7
336
10
I
100
11
22
4
374
5
473
5
109
5
445
1
441
7
116
4
13
5
232
2
221
1
478
6
U
300
18
211
16
472
14
190
12
359
11
183
10
266
7
494
1
100
4
267
5
126
0
31
15
277
9
187
10
153
15
49
14
111
16
456
6
128
6
M
160
18
307
5
97
4
18
3
103
1
217
7
435
7
264
6
50
0
287
1
425
5
449
8
330
3
345
6
479
1
171
4
243
2
489
5
174
4
P
140
9
17
14
106
6
401
1
468
2
83
7
185
9
381
4
29
2
335
14
C
260
5
491
28
178
4
382
16
377
45
104
32
K
220
12
43
12
63
2
120
9
396
15
117
14
224
18
95
12
413
4
250
10
352
17
450
3
470
0
F
200
13
7
2
21
14
342
8
288
7
360
14
152
6
231
15
161
6
46
7
182
12
365
1
414
10
86
4
O
140
18
490
7
114
6
300
7
303
4
34
4
395
1
245
1
405
4
301
0
285
6
385
2
433
3
140
3
432
0
424
2
339
7
487
2
93
0
A
360
5
41
49
400
69
145
47
272
67
331
8
