5
25
W
360
17
350
7
237
8
347
9
265
9
252
18
43
14
368
20
429
1
168
7
460
0
248
7
281
8
433
21
26
8
198
8
346
16
441
12
T
180
12
319
1
329
0
453
5
461
7
374
15
451
14
208
3
159
3
49
14
187
11
428
12
115
2
S
340
8
490
4
358
16
292
2
260
28
259
23
136
37
218
33
45
15
X
300
4
181
60
438
69
16
39
54
28
V
200
6
122
25
14
26
294
8
261
19
293
12
398
28
O
300
4
254
17
193
48
200
65
328
69
N
160
8
401
16
103
3
241
16
58
13
2
1
94
17
318
19
264
10
K
120
13
308
3
440
1
352
3
213
9
247
2
321
4
285
7
324
8
205
7
119
1
28
1
454
5
418
6
Z
340
14
276
4
481
17
98
7
467
1
55
20
475
4
20
14
408
11
96
22
311
3
44
15
271
6
380
11
287
4
R
300
9
491
18
422
23
4
12
0
10
191
27
131
12
458
25
83
12
465
26
D
260
5
257
19
239
40
27
0
221
8
298
48
M
300
15
227
12
303
0
195
0
295
15
125
10
435
9
378
4
344
11
121
17
126
19
217
12
37
8
146
17
81
3
108
2
J
220
16
84
6
250
4
69
1
469
13
176
13
185
3
129
13
393
2
166
9
120
2
245
9
1
1
409
13
167
13
495
3
359
7
U
380
7
338
17
366
48
189
27
455
47
291
40
272
19
51
23
H
360
11
274
8
133
14
284
21
90
11
474
16
388
13
330
25
19
2
8
18
391
26
207
25
I
260
13
6
7
286
13
21
2
334
18
412
1
229
7
238
16
369
2
273
11
459
10
209
9
89
8
203
10
L
240
15
450
8
242
11
188
12
53
7
396
9
99
3
483
15
297
9
437
13
417
0
72
6
75
7
162
4
484
5
371
13
C
220
5
223
4
470
0
13
17
143
36
446
3
A
340
13
36
23
194
26
406
15
493
8
199
8
499
11
376
23
202
13
177
22
70
16
206
15
80
17
466
15
G
280
16
104
5
360
16
155
5
399
16
74
16
249
11
152
1
112
16
235
9
405
8
102
4
220
0
266
8
313
17
337
5
18
3
E
140
5
158
4
301
4
197
11
46
21
118
23
B
260
3
61
69
47
11
88
17
P
360
7
134
43
299
39
316
7
137
33
335
22
386
20
76
9
F
320
3
414
7
413
14
240
75
Y
260
13
141
20
142
17
50
13
382
13
144
4
17
20
333
19
210
14
233
11
397
16
42
7
243
12
479
13
