5
9
B
340
16
6
21
405
6
14
12
350
10
389
11
385
0
247
14
444
16
450
13
460
14
86
19
314
4
19
11
200
21
498
14
216
0
T
100
7
202
2
111
4
16
14
263
11
308
4
38
11
419
7
Z
320
19
265
10
114
5
2
6
178
16
176
15
29
13
280
12
458
0
383
13
118
10
131
6
127
15
246
11
173
11
395
13
41
16
215
4
287
11
170
13
D
380
19
362
12
267
16
8
13
143
1
123
8
463
13
166
13
184
12
150
8
426
3
425
15
384
10
179
15
386
15
64
0
370
2
168
6
25
15
433
12
Q
140
3
264
10
456
5
296
45
L
280
10
434
6
348
22
291
12
494
24
445
17
101
23
105
0
209
1
311
26
299
26
N
120
12
453
0
5
9
352
5
233
1
34
4
224
1
409
3
379
3
13
6
256
8
286
10
364
5
A
200
6
344
4
289
5
486
27
128
29
470
4
428
26
H
280
11
432
21
141
1
381
8
335
2
0
11
60
18
387
14
229
1
234
15
306
20
66
2
