5
25
Q
100
13
185
6
55
0
437
6
248
3
329
6
347
7
461
5
256
4
210
5
362
0
297
0
262
4
196
3
V
200
17
335
10
406
5
416
5
487
0
419
0
367
9
355
4
114
0
452
7
304
8
166
4
372
10
279
6
206
0
464
10
59
3
109
4
X
200
16
214
9
243
7
91
6
358
4
222
0
145
12
4
7
63
2
204
8
107
1
444
5
353
6
28
4
10
12
274
8
157
3
D
340
14
226
9
319
11
125
22
148
20
314
0
30
13
265
10
272
22
3
24
117
5
382
15
402
1
215
3
51
11
L
280
9
154
29
241
3
270
19
459
28
413
29
212
30
374
4
343
28
271
2
Z
100
4
315
9
142
2
199
1
80
0
S
260
14
396
17
282
4
496
6
433
12
378
17
198
1
68
1
453
5
37
18
252
4
194
12
323
15
266
9
45
8
U
140
15
161
3
15
4
171
4
389
4
155
3
247
6
450
8
177
6
89
8
151
7
95
3
143
7
348
5
462
9
476
4
J
380
7
275
19
60
24
221
20
484
36
139
54
230
13
153
35
P
300
8
123
32
6
25
383
10
376
28
67
34
179
10
420
11
237
16
K
300
17
352
13
473
9
360
5
377
13
273
7
184
15
18
2
440
6
456
1
475
13
478
15
121
15
322
7
460
13
104
2
27
0
26
7
W
220
4
238
21
249
30
140
9
354
9
F
220
13
447
15
303
11
414
14
239
2
32
9
251
6
0
11
301
0
98
14
267
10
327
7
240
10
286
2
E
200
11
310
4
426
12
24
11
346
6
186
10
350
10
48
14
261
13
187
10
164
16
316
12
I
340
6
290
42
328
8
7
50
119
9
349
21
130
17
R
300
7
168
20
183
39
318
5
366
41
293
35
370
1
165
41
A
120
15
443
5
399
0
375
3
410
3
175
1
120
3
23
3
246
6
66
3
373
1
94
4
418
7
84
5
122
0
472
4
H
220
8
236
22
351
12
2
6
65
19
235
24
134
19
488
2
341
19
Y
120
3
99
14
429
2
285
8
O
100
15
69
6
116
0
466
0
9
0
388
0
324
0
435
1
244
0
320
6
337
1
146
3
409
2
394
0
299
3
365
6
G
300
18
180
5
181
16
446
10
386
14
425
3
41
12
317
2
499
10
14
13
385
14
83
9
106
4
205
6
136
13
209
7
401
15
280
10
283
13
N
180
5
300
0
387
10
208
14
292
16
158
19
C
220
10
25
17
217
15
220
12
428
9
296
3
391
21
203
9
344
5
485
3
455
19
B
280
6
408
40
129
28
258
43
54
24
182
3
311
42
M
280
7
81
9
200
1
102
4
404
6
135
27
118
22
72
17
