5
23
I
200
16
33
11
20
11
113
3
266
8
475
5
25
11
267
11
226
2
46
5
322
4
122
4
199
6
211
4
382
4
212
3
192
12
V
280
5
383
6
59
28
91
49
63
39
127
21
D
380
19
373
1
108
1
139
6
230
9
54
9
284
19
474
10
171
2
187
13
351
16
310
2
331
16
365
17
292
18
69
8
149
5
203
5
432
18
311
17
J
380
9
405
8
4
6
397
35
193
1
36
30
294
7
86
19
188
2
35
41
H
120
16
489
7
303
5
163
5
416
3
26
5
219
2
471
0
436
3
277
6
345
4
136
6
461
2
388
3
184
6
308
7
197
1
Q
360
18
278
4
317
5
477
14
375
10
324
19
41
8
215
17
343
17
48
3
479
11
159
13
446
10
255
15
289
11
409
11
42
15
451
3
23
12
T
180
13
390
3
414
3
402
0
429
5
319
0
485
9
299
12
52
13
186
3
494
12
350
4
457
9
1
3
P
220
5
0
17
50
8
306
24
262
22
44
16
E
220
17
253
6
257
0
151
8
482
4
418
3
307
4
472
11
53
0
357
4
3
12
49
11
130
2
464
9
74
8
119
4
133
10
189
9
K
320
18
190
2
150
3
454
2
356
17
205
1
499
9
286
7
293
12
433
9
61
16
18
13
162
14
164
8
115
4
234
7
247
2
135
11
392
16
L
220
17
40
2
467
11
39
2
326
7
104
10
327
9
37
0
380
4
182
8
31
1
235
3
232
12
126
0
450
6
62
8
387
1
169
0
F
340
6
279
22
123
21
332
2
410
22
440
35
344
46
B
220
7
120
31
32
6
491
7
459
3
250
4
372
23
295
31
M
320
13
368
6
132
9
144
17
304
13
312
24
420
20
377
21
223
6
349
2
177
12
273
15
125
24
263
21
A
200
14
381
10
105
8
138
0
88
11
99
7
415
13
305
1
261
11
437
7
341
3
19
7
140
9
158
5
493
4
W
320
11
165
6
17
15
128
3
285
15
401
21
98
20
456
13
107
15
110
28
359
22
167
28
Z
320
11
43
9
403
20
153
19
366
26
389
23
314
21
315
28
34
17
400
12
256
18
369
2
G
380
14
321
7
302
17
325
9
271
1
202
2
316
13
364
27
449
5
15
12
452
20
242
4
269
24
147
27
367
26
C
300
11
191
13
152
10
270
8
484
13
468
25
495
20
406
24
5
8
214
7
118
21
145
23
O
300
19
75
8
65
0
490
8
330
7
399
4
329
14
209
2
340
4
320
6
334
1
447
10
407
13
423
13
71
4
251
6
265
0
231
2
143
4
426
1
U
340
9
2
0
258
3
45
2
428
4
417
24
348
9
370
20
379
25
82
20
N
200
19
430
7
469
6
129
1
347
5
109
2
283
4
103
6
470
3
441
6
488
7
300
4
200
2
96
7
176
10
486
8
301
6
236
10
14
8
170
5
Y
180
15
208
10
224
0
194
8
168
8
353
5
55
9
185
5
355
10
427
3
386
1
201
3
460
8
154
7
272
11
218
12
