5
10
X
100
13
143
4
441
3
421
5
387
2
84
7
435
1
113
6
124
3
333
0
458
1
376
4
198
7
188
3
O
120
7
185
14
241
6
415
9
268
7
406
2
350
4
97
15
Q
240
6
208
4
231
30
414
1
132
35
375
10
211
38
R
220
4
289
55
4
45
277
24
438
4
N
280
7
196
40
219
26
382
18
239
16
96
8
307
31
0
35
F
260
14
164
17
8
17
226
10
139
15
12
14
29
17
345
16
57
15
138
13
38
1
306
15
373
6
298
9
108
14
C
240
7
62
8
499
6
26
0
45
29
6
25
344
10
358
26
G
100
6
342
7
411
5
477
16
90
6
130
13
123
4
E
300
10
166
13
121
6
210
29
323
3
327
2
137
23
455
11
440
30
284
24
194
13
H
220
13
367
13
16
8
24
0
401
16
422
3
495
11
17
1
293
14
15
10
453
5
221
14
242
4
302
16
