5
20
H
380
7
474
44
296
7
466
21
33
43
125
8
165
17
245
6
N
260
9
206
16
419
23
482
16
118
0
172
10
352
0
252
23
267
14
366
9
M
340
18
334
5
399
0
498
12
309
16
400
0
62
6
260
17
300
14
442
13
319
4
295
9
1
11
113
4
461
15
253
7
438
1
315
1
403
5
Z
120
9
161
8
381
13
239
12
416
5
220
5
457
8
74
7
147
0
130
9
C
280
9
138
27
12
18
406
30
278
18
433
10
70
27
427
13
75
23
221
31
V
240
7
101
21
389
30
348
8
460
22
226
7
440
6
372
17
J
260
4
271
21
382
54
28
5
85
54
L
260
9
258
15
176
3
337
5
362
27
187
25
398
0
420
10
395
21
394
1
X
240
8
345
12
48
30
9
20
110
6
377
3
99
28
458
10
447
17
K
240
19
77
12
39
8
84
4
383
2
86
7
232
7
284
1
320
12
480
4
198
0
483
4
340
5
269
3
133
1
488
1
120
2
247
1
387
12
42
10
A
180
9
463
19
162
19
54
14
129
0
65
3
342
3
274
17
131
5
218
3
G
280
5
214
2
374
12
22
11
290
28
169
2
I
140
9
479
7
261
5
88
14
211
7
432
6
207
7
67
13
115
4
445
14
Y
160
8
335
8
227
10
183
19
149
0
246
14
128
19
38
1
281
8
B
220
15
485
0
299
5
259
7
196
8
231
11
178
11
285
14
397
1
50
4
81
12
107
1
223
6
58
10
324
9
310
13
O
240
17
182
6
219
1
326
4
233
7
208
0
407
9
16
8
448
11
452
10
437
2
455
10
127
14
73
11
363
10
294
11
103
0
429
7
S
100
7
415
6
250
11
289
11
104
3
30
14
119
2
332
11
E
180
3
450
38
359
55
37
34
D
200
15
426
5
475
2
385
2
60
6
193
13
6
13
341
10
357
12
378
10
343
10
468
7
283
9
203
7
17
2
276
3
R
200
3
134
54
90
43
57
33
