5
15
W
320
10
286
30
257
24
276
5
271
31
91
2
191
4
261
7
143
19
74
31
169
14
V
260
15
50
15
462
2
38
6
61
10
487
6
298
1
139
13
11
8
23
2
111
11
427
11
223
9
391
14
458
5
479
10
O
320
11
215
1
489
1
219
11
114
15
296
2
1
26
410
16
94
10
481
24
31
25
383
10
R
120
10
36
1
39
8
199
4
107
2
334
7
197
4
449
7
469
11
445
1
380
0
B
140
6
344
10
446
7
177
3
35
4
274
22
49
2
Z
160
19
371
7
33
2
464
1
400
7
194
8
43
2
413
3
424
3
204
6
319
0
327
7
97
8
99
2
451
6
105
6
311
5
259
6
461
8
300
3
T
240
11
63
20
212
7
250
13
285
12
25
7
494
16
339
20
310
20
100
20
136
4
137
13
P
320
16
326
20
123
13
233
5
490
19
193
18
158
7
77
19
253
13
149
4
214
0
207
12
477
7
85
15
210
10
258
10
325
17
H
220
9
488
1
265
2
399
11
376
9
79
10
478
17
152
0
9
11
163
10
Q
300
6
492
48
217
4
242
28
225
33
59
39
377
40
I
320
7
209
15
349
27
275
20
404
17
229
22
284
17
453
8
A
360
11
153
6
140
20
157
32
106
27
188
20
96
13
89
3
457
16
226
19
19
12
81
11
U
340
17
328
19
148
16
416
17
315
19
256
2
69
8
384
6
470
7
95
3
58
19
484
18
338
11
437
5
125
8
133
8
162
17
47
6
X
260
14
144
3
27
14
434
5
180
10
386
18
88
5
460
14
495
3
420
2
278
16
22
3
216
3
54
17
473
4
C
340
6
444
2
141
25
161
11
172
51
80
47
428
29
