5
14
V
300
13
470
9
89
7
344
1
16
14
212
6
432
17
180
17
184
3
331
18
90
15
121
17
163
11
189
8
L
340
7
162
26
247
47
366
28
99
38
496
8
54
40
31
16
I
200
18
192
2
164
4
371
9
311
8
129
11
197
8
403
8
119
10
202
10
413
10
402
1
235
9
427
10
22
9
358
5
330
0
294
3
325
1
M
240
14
361
6
276
13
237
1
47
1
161
10
76
16
306
16
9
9
316
0
488
17
207
12
338
12
491
1
463
6
F
380
11
127
19
442
32
321
9
456
21
29
24
486
17
17
22
81
9
431
33
138
33
177
13
C
220
14
378
13
144
7
399
2
417
5
1
6
340
14
400
12
195
1
499
12
490
14
92
8
319
10
104
10
115
8
G
240
15
217
16
169
7
469
9
35
3
100
0
396
0
360
9
323
9
341
13
158
9
106
12
384
5
345
13
260
8
386
8
K
220
3
423
18
45
11
266
66
W
260
14
219
17
80
1
57
4
287
9
125
11
150
18
109
0
273
17
250
9
477
5
365
11
122
4
98
18
445
6
S
220
10
405
4
5
14
326
7
194
7
39
19
251
2
7
2
279
0
464
20
203
15
D
280
3
495
56
200
25
424
19
Q
260
11
26
14
387
22
10
18
485
23
204
21
91
17
337
12
440
0
312
9
475
10
69
17
E
220
18
14
4
198
5
280
8
166
0
242
6
11
12
172
1
74
5
333
0
437
8
359
12
419
5
274
2
142
0
429
5
114
4
409
2
334
1
X
140
13
21
8
275
1
258
2
461
7
240
9
44
7
186
0
453
0
375
2
253
10
352
9
13
6
283
5
