5
6
E
320
6
44
7
135
43
10
53
199
15
260
45
295
19
R
340
6
218
38
399
9
129
4
51
51
200
19
444
16
M
100
3
498
5
160
32
118
0
Z
200
10
308
4
422
2
175
11
53
7
369
12
63
0
112
7
296
19
222
4
75
5
J
120
19
330
6
419
1
28
4
428
1
120
0
73
6
250
4
183
2
491
6
138
2
43
1
282
3
89
4
172
1
442
0
202
6
480
2
6
4
136
2
B
220
12
35
6
245
2
243
10
169
3
461
6
375
6
95
2
109
14
158
15
382
5
404
9
219
3
