5
15
D
320
9
204
21
294
13
414
11
438
5
171
6
493
32
404
26
30
30
48
8
C
240
13
136
18
61
16
291
11
169
2
42
8
268
13
355
5
360
13
429
8
216
0
33
0
481
2
200
3
S
160
11
309
11
295
4
469
12
27
3
172
4
96
4
471
6
401
2
82
6
335
14
463
2
V
280
8
255
10
68
7
14
16
269
13
26
17
434
32
229
13
265
35
U
140
6
466
8
89
6
483
4
226
12
188
17
415
14
T
340
4
65
24
45
46
187
70
158
63
H
220
15
6
7
159
9
287
11
7
9
405
1
329
7
368
13
185
6
343
8
372
5
92
1
191
1
129
6
486
14
93
6
Y
320
18
366
6
375
9
164
17
487
2
443
12
497
15
350
12
125
4
137
17
364
11
105
13
138
3
213
14
421
1
179
11
157
7
442
11
85
13
A
200
8
314
10
482
11
432
13
207
8
302
17
101
13
440
25
357
17
K
380
8
58
36
181
29
293
5
273
35
154
1
114
43
377
45
451
2
B
380
7
63
28
426
41
135
23
227
13
94
42
184
9
2
29
M
280
19
447
14
383
9
245
14
0
3
153
0
282
7
413
1
261
9
403
5
36
6
151
5
428
11
462
10
231
6
237
14
437
11
374
13
186
0
22
1
R
300
15
116
14
340
7
352
3
25
10
390
20
452
7
10
20
98
3
13
2
283
8
423
15
40
20
143
2
396
16
339
17
I
100
5
345
4
467
3
281
18
484
16
267
10
E
240
7
176
4
37
11
323
34
379
26
298
19
20
9
457
21
