7
12
S
200
17
414
4
69
11
82
5
266
2
458
10
40
9
94
9
420
7
358
3
204
6
153
9
28
2
295
4
439
11
232
6
286
0
78
4
L
260
18
86
2
312
6
92
4
492
9
408
4
281
2
176
4
375
4
198
6
22
6
59
1
271
8
25
2
415
9
356
1
447
6
8
8
347
13
Y
240
16
359
9
6
2
210
8
135
7
427
2
320
11
374
5
205
2
213
3
323
10
376
3
476
13
397
8
127
10
346
5
470
11
A
180
9
179
17
299
1
109
8
162
10
54
15
189
14
72
0
481
4
83
2
J
380
14
372
11
16
16
143
13
409
2
366
17
272
12
361
6
369
9
377
0
97
18
313
8
475
6
87
9
161
2
P
220
8
258
4
9
18
350
27
406
24
456
14
15
9
91
0
378
12
K
200
14
333
3
387
7
260
4
191
2
343
5
244
11
57
5
443
9
182
5
132
11
98
4
137
3
430
14
126
9
E
340
12
275
26
324
28
90
6
24
27
349
25
203
16
71
18
303
11
144
10
209
26
229
1
178
7
N
380
10
308
18
276
34
20
29
293
14
382
11
23
21
440
29
451
30
259
31
65
18
X
240
10
147
12
389
20
400
3
326
18
55
12
279
2
80
4
156
2
255
20
301
9
Q
340
11
485
9
425
21
441
0
479
17
224
0
113
29
120
11
283
27
202
14
452
4
149
18
V
140
15
335
8
13
8
93
2
256
2
290
8
195
3
107
8
237
8
130
1
102
1
267
3
252
7
76
0
261
9
434
1
L
22
3
209
182
137
