7
8
G
380
5
472
52
19
45
273
18
345
26
68
56
J
360
18
47
10
189
5
117
5
275
4
165
17
491
6
141
9
112
5
202
19
298
11
457
5
490
2
152
14
289
3
159
16
3
9
397
16
180
3
O
260
5
483
17
12
38
226
28
455
49
199
9
B
280
12
238
13
100
18
309
2
162
15
81
9
45
1
355
8
291
10
118
13
316
5
270
20
358
1
V
140
15
131
0
261
6
140
2
188
1
231
6
456
1
60
9
33
2
241
1
405
5
215
0
444
8
401
8
115
9
246
3
I
260
17
237
4
427
1
95
11
293
13
390
4
207
15
277
15
24
5
366
10
325
6
407
1
251
14
364
0
74
0
177
14
413
6
59
9
M
220
3
296
73
211
24
182
40
Q
240
4
245
25
419
46
164
58
259
3
Q
259
32
207
24
59
24
81
140
33
316
12
358
407
33
33
207
309
140
483
407
273
238
345
140
325
345
215
273
298
444
316
3
81
182
