7
13
M
280
15
96
2
1
10
51
14
137
5
494
1
164
1
377
0
226
7
221
15
8
9
80
11
71
4
362
18
418
13
267
1
W
280
5
127
53
111
2
421
24
342
24
169
31
K
260
11
76
10
323
4
153
16
73
8
344
10
152
12
356
7
236
12
35
7
114
13
431
8
V
200
3
19
48
162
43
93
50
U
140
19
67
6
396
2
232
1
435
6
2
1
308
4
397
4
4
3
196
1
27
1
449
4
85
2
34
0
460
7
432
0
328
6
243
0
409
0
22
3
B
260
5
160
1
336
40
472
52
198
46
241
2
L
240
12
305
17
158
19
437
8
253
9
440
20
367
17
168
0
282
1
442
13
0
12
200
10
81
7
D
180
18
314
4
285
3
166
2
235
6
405
3
439
7
143
3
149
5
474
1
54
8
296
6
427
4
479
9
481
10
498
9
56
9
338
3
265
1
J
380
8
55
22
190
4
436
0
298
31
329
22
242
3
366
42
429
3
Z
100
11
171
1
101
3
189
7
151
4
63
6
30
9
333
1
441
2
178
9
404
1
483
3
X
120
10
370
1
271
12
264
7
256
7
29
12
205
12
100
2
18
8
402
5
98
11
T
360
17
212
4
499
15
87
13
294
3
475
10
240
21
262
0
325
14
390
2
244
13
364
6
157
1
268
15
288
0
68
2
141
20
283
19
R
320
16
291
7
233
19
372
8
260
13
47
8
326
11
120
16
25
12
106
7
52
0
78
16
75
18
159
1
145
8
401
14
354
4
R
106
9
244
196
8
71
285
56
127
427
449
