7
13
S
220
14
57
5
435
15
322
0
317
7
170
13
187
13
485
3
380
4
297
3
477
11
448
12
175
0
460
10
78
11
R
340
18
44
0
457
15
402
12
105
9
464
14
22
8
319
12
268
3
209
15
171
13
192
11
462
9
305
2
45
3
73
2
92
2
255
6
315
5
M
320
4
202
13
126
31
134
77
75
25
A
140
11
446
1
275
3
395
4
391
5
234
11
341
12
386
12
419
8
274
10
265
1
35
2
J
240
13
301
15
58
7
3
10
249
1
291
16
398
18
344
1
483
7
342
0
210
5
360
17
411
9
39
9
V
320
4
349
62
351
31
93
31
178
71
O
300
3
206
30
176
54
47
72
D
280
13
476
7
442
0
316
10
385
0
79
5
116
9
302
10
236
1
182
0
52
20
484
4
20
12
281
4
F
300
11
36
2
307
3
497
3
389
13
379
18
425
27
263
3
84
22
273
7
53
10
247
11
T
360
17
168
9
348
13
339
10
155
21
88
14
387
5
326
1
6
16
292
5
329
7
31
1
217
9
218
5
335
17
298
8
160
2
5
18
H
300
15
98
9
37
16
424
16
325
4
345
10
125
8
269
15
223
1
370
0
352
15
327
10
304
9
97
17
272
4
193
7
Y
180
10
404
18
449
7
310
14
470
0
123
6
101
8
180
18
364
3
169
12
240
15
L
120
19
173
3
152
1
70
5
1
1
242
4
427
6
186
6
214
3
148
3
246
6
18
5
406
2
468
4
257
3
117
2
367
3
103
4
299
6
490
5
T
160
28
477
22
317
380
297
391
460
187
370
351
39
352
57
35
325
53
411
93
20
92
170
18
345
1
419
148
281
249
