7
14
X
300
10
186
12
63
15
425
7
187
11
233
18
190
27
147
28
309
27
419
15
109
15
Y
120
14
350
3
43
6
294
6
327
4
128
8
133
4
77
5
477
6
49
8
399
4
480
8
371
2
157
1
25
2
C
320
14
177
7
420
2
229
7
429
22
311
2
171
11
227
0
297
0
479
1
461
0
85
15
457
15
483
9
116
19
U
240
18
323
1
71
8
349
9
154
1
196
6
59
9
499
10
153
0
44
10
57
3
395
4
248
7
281
7
267
11
89
11
289
1
68
0
223
0
Q
280
15
409
9
465
2
230
13
111
17
442
14
31
5
69
14
219
7
283
5
336
7
274
14
354
2
319
5
161
7
60
13
J
280
13
164
10
275
20
266
5
0
6
415
0
345
7
86
17
307
10
113
21
55
18
273
2
192
14
269
17
T
260
19
72
12
378
7
314
4
58
3
191
5
259
5
12
4
292
8
401
5
104
5
331
13
115
3
412
1
326
3
150
5
134
10
206
6
22
7
208
1
O
380
5
29
23
453
22
246
33
278
33
95
35
H
380
7
142
41
232
16
205
52
484
2
35
10
148
31
441
45
B
120
12
203
8
217
2
114
2
458
9
321
3
9
3
497
3
184
10
253
10
168
2
165
1
126
8
I
140
16
346
3
287
0
28
5
41
6
263
8
446
3
431
8
30
8
359
1
286
3
75
7
123
5
256
6
240
1
374
0
424
3
M
180
11
282
16
369
9
304
8
160
4
249
16
265
1
39
9
200
12
380
1
61
9
37
7
K
340
8
495
28
106
4
156
27
406
42
284
36
356
36
172
12
218
22
D
300
5
244
39
45
56
372
32
2
50
81
38
M
61
36
350
177
233
218
227
81
123
31
294
230
150
479
374
356
230
321
399
22
311
259
399
441
349
89
217
190
266
154
35
284
395
287
89
415
126
371
