7
11
E
200
14
172
13
188
8
170
10
199
4
270
2
112
5
492
1
419
12
341
8
141
7
286
11
450
1
315
13
443
8
Z
320
17
429
4
250
13
307
10
73
8
149
7
494
2
124
0
192
14
15
1
351
12
305
6
210
0
129
2
398
4
201
7
401
14
123
10
M
200
9
249
12
75
18
269
3
371
9
247
13
49
19
428
20
133
22
299
17
P
120
3
18
17
424
3
154
14
X
100
4
60
7
9
2
163
1
292
0
W
140
17
53
8
87
2
187
3
388
8
198
7
1
6
301
4
332
7
39
7
335
4
178
4
496
3
245
3
336
5
372
2
485
1
463
0
G
260
8
259
29
457
32
167
2
395
13
422
11
195
1
460
1
415
10
F
280
6
219
9
328
5
312
17
360
20
159
29
324
41
D
320
10
222
5
47
29
431
7
275
16
272
9
113
9
148
16
386
3
488
13
314
17
J
100
14
342
3
425
2
362
1
17
6
447
3
377
5
476
2
116
5
375
3
462
3
365
7
384
1
304
1
411
3
N
140
5
437
16
217
10
440
25
223
10
355
20
P
154
22
163
384
437
149
133
386
450
167
355
172
275
9
476
443
365
188
494
460
192
457
372
148
