7
7
S
320
13
180
0
288
20
35
16
152
7
192
9
19
6
217
2
316
18
4
0
64
11
357
0
385
7
58
3
B
160
13
61
3
299
2
491
3
436
2
124
10
116
1
149
12
422
3
295
7
305
4
347
1
163
9
233
11
V
220
7
211
30
43
8
7
10
209
4
205
28
83
18
408
1
C
280
10
340
28
121
28
350
24
438
20
478
21
360
20
498
19
215
12
218
9
384
2
T
200
4
326
44
234
38
487
38
352
50
E
140
8
244
7
410
10
51
15
265
9
471
4
431
2
294
9
462
12
W
240
6
101
33
367
31
329
3
496
39
448
39
197
13
W
496
28
211
149
163
58
83
124
352
491
233
299
350
438
436
357
316
478
288
410
347
215
35
209
498
244
7
487
385
422
