7
5
B
220
18
20
6
88
5
146
3
102
11
58
0
328
9
392
8
182
4
357
11
437
1
179
8
71
1
300
1
374
10
2
3
441
9
339
3
166
9
R
360
6
210
9
229
39
474
54
193
60
125
25
294
25
X
180
10
247
11
115
16
458
1
177
16
408
2
314
4
362
7
331
15
219
5
261
18
S
320
6
257
50
462
10
208
5
11
45
87
53
27
52
V
240
11
149
5
160
10
130
13
477
18
496
11
181
12
238
11
424
9
405
0
23
3
30
8
V
181
11
392
125
229
247
331
125
261
166
408
20
314
