7
5
K
200
3
97
36
451
51
182
54
Q
260
10
167
13
410
10
362
8
9
14
478
0
476
15
367
18
166
15
216
19
113
22
D
160
10
201
14
428
8
316
13
443
5
146
0
332
6
10
14
256
11
114
0
275
16
J
160
12
358
11
192
7
285
1
13
7
383
3
434
13
485
11
379
7
300
0
484
11
198
9
356
2
E
140
8
375
11
136
5
118
10
104
3
475
7
93
8
5
11
409
17
Q
166
20
484
182
198
451
136
97
93
104
118
428
201
10
285
358
192
379
114
13
146
475
