7
18
K
200
6
326
2
280
32
474
26
95
27
7
6
120
28
E
160
10
334
11
218
10
475
11
132
4
107
9
304
0
401
3
139
11
78
5
227
12
X
160
3
100
30
492
8
289
11
D
200
14
19
4
142
5
259
8
435
12
323
8
13
3
267
4
272
3
312
12
279
10
354
7
443
9
371
14
210
2
L
380
19
17
20
266
10
20
7
42
2
82
3
3
7
268
5
340
11
21
17
204
18
196
18
145
5
494
8
449
10
211
14
188
20
385
14
168
2
479
3
H
240
13
396
0
412
13
418
7
437
1
118
9
400
11
287
10
432
2
332
6
10
10
233
7
41
0
217
3
Y
100
3
453
1
431
27
282
0
F
120
10
343
6
264
11
339
11
445
5
274
1
155
6
383
7
362
10
498
11
335
9
S
360
10
140
24
116
1
92
22
229
7
174
1
373
32
411
30
117
1
347
13
96
4
W
380
5
299
39
199
5
12
73
224
2
300
12
M
360
6
368
52
119
12
18
12
36
60
197
48
38
6
A
380
12
478
29
407
5
221
9
250
26
307
16
160
16
215
27
154
26
465
25
110
28
293
9
30
1
Q
380
11
380
31
252
14
286
22
25
10
23
5
427
15
189
26
193
16
333
34
84
6
473
5
I
300
15
455
4
497
4
461
0
410
8
278
19
311
3
382
15
351
7
328
3
447
10
98
3
24
7
394
10
283
17
499
20
C
380
13
270
28
29
27
398
15
386
23
248
22
415
4
397
28
2
4
152
9
86
13
138
5
15
9
60
29
V
200
19
91
5
71
9
434
4
493
1
324
8
151
6
45
8
441
9
186
8
238
1
444
0
456
2
337
3
306
4
131
7
399
10
463
1
239
0
180
5
T
140
13
44
10
164
0
128
0
330
7
359
1
303
2
108
10
200
4
338
2
480
3
68
1
83
1
62
9
U
260
11
316
4
489
12
460
6
471
13
133
16
448
4
104
10
201
11
329
11
482
9
58
21
U
448
6
282
399
323
131
193
343
