7
24
J
240
7
184
29
424
4
99
1
22
26
50
4
447
3
489
22
G
140
3
230
40
241
12
73
11
B
200
12
388
8
253
16
155
12
251
3
282
10
443
11
24
16
368
10
63
6
347
15
215
2
114
4
X
140
3
345
17
182
3
394
39
Y
380
15
185
20
229
15
441
12
464
14
118
0
225
15
237
24
175
23
222
21
176
19
273
12
298
4
254
14
87
17
183
1
T
200
17
333
2
160
0
181
0
132
9
10
10
438
5
64
10
359
0
200
1
128
0
85
9
91
2
295
7
249
9
35
0
364
10
288
7
I
260
16
147
8
448
14
361
15
117
4
58
9
111
7
396
0
283
3
340
8
445
8
304
0
42
2
173
7
138
4
209
13
37
9
U
360
11
260
18
417
6
83
4
52
12
348
32
171
4
482
24
406
16
375
0
1
25
401
20
E
260
12
425
9
65
4
478
8
409
3
319
17
423
2
143
18
98
7
272
4
469
6
300
7
312
18
F
100
19
466
5
170
4
302
1
19
5
265
4
62
3
224
0
234
0
161
3
354
2
493
4
476
4
51
5
413
0
498
3
370
4
430
3
433
0
163
2
K
280
5
307
50
444
56
332
49
216
12
491
14
C
340
11
410
19
174
11
103
21
369
26
25
10
285
20
327
16
70
7
236
30
346
18
46
2
V
320
19
53
1
399
1
341
11
294
1
465
1
45
6
367
10
331
6
418
10
162
16
303
13
199
14
314
6
76
10
470
9
120
13
20
10
148
5
94
10
D
140
3
275
45
197
26
150
17
L
280
13
131
19
127
17
31
2
286
2
293
4
422
19
157
4
30
10
391
10
297
13
213
6
212
6
164
11
A
220
14
383
7
315
6
437
5
296
12
156
10
84
14
21
7
472
3
68
6
365
4
146
14
56
9
390
6
4
6
P
140
16
202
3
115
5
125
6
32
1
198
2
496
2
233
6
29
7
330
6
490
4
353
4
54
5
165
6
71
0
355
0
109
1
Q
320
11
475
13
67
15
351
19
13
19
299
10
210
19
88
21
271
3
139
6
119
5
316
17
R
300
8
232
21
495
13
207
26
133
23
191
25
262
21
380
24
352
2
Z
220
4
404
21
208
4
258
3
80
48
H
280
12
136
11
7
3
306
15
39
6
82
21
135
23
263
18
214
6
387
0
284
14
334
9
102
22
W
200
9
408
8
247
8
292
8
231
22
193
0
269
15
268
5
33
15
154
6
S
200
4
473
21
101
5
75
36
246
25
M
260
7
276
15
244
4
382
36
16
1
43
30
487
31
449
7
X
394
39
304
367
495
493
88
25
103
399
387
176
154
283
472
447
489
45
315
115
118
424
101
63
249
391
31
91
87
271
83
19
119
51
200
193
469
209
73
222
50
