7
5
T
260
4
39
19
122
2
128
40
443
36
X
220
17
425
10
187
0
93
0
485
10
457
8
315
2
268
9
203
2
90
7
361
1
149
1
46
9
386
1
252
8
400
7
213
8
73
0
U
280
11
8
21
51
14
28
3
369
20
87
8
305
13
254
8
225
1
351
12
188
3
249
21
G
180
9
330
4
217
3
313
11
456
9
496
17
67
6
112
6
226
16
293
4
F
380
5
71
28
18
50
428
64
57
22
304
49
G
217
11
351
73
213
149
443
252
249
187
457
51
93
