7
25
Q
240
7
255
1
463
17
68
20
318
4
272
34
263
32
46
12
J
120
6
106
2
320
8
290
8
7
6
434
6
440
9
F
180
11
145
0
262
15
447
0
74
13
498
2
257
13
131
11
396
3
201
16
358
12
455
10
T
100
18
226
0
401
2
381
4
410
3
302
3
325
2
277
3
294
1
355
0
154
4
248
4
261
2
175
3
383
1
346
0
96
2
137
4
323
2
R
100
14
144
2
490
4
169
1
448
6
54
1
31
7
251
6
452
7
61
4
160
0
183
4
308
0
42
2
343
2
C
160
12
1
5
211
4
464
2
317
4
136
10
341
11
252
8
481
11
492
5
57
2
156
4
439
11
G
300
5
487
22
81
55
195
30
433
52
30
59
S
220
6
312
20
43
11
460
18
420
19
241
20
148
16
P
320
19
224
5
34
4
55
16
408
14
124
0
347
6
60
0
393
5
229
1
293
3
284
3
109
7
442
14
10
8
161
3
348
1
328
8
100
4
77
13
H
380
13
407
7
121
23
399
22
119
16
65
2
430
11
260
9
138
24
297
13
444
18
480
10
299
22
465
29
X
260
11
472
0
221
1
90
10
496
17
158
18
24
7
129
0
314
12
237
13
305
18
288
23
M
120
5
364
15
324
12
139
18
466
24
207
14
N
200
15
337
7
87
11
467
8
147
2
0
4
165
7
322
1
457
0
75
1
53
2
445
4
414
5
405
5
78
11
52
1
A
340
9
431
31
19
37
230
33
97
9
280
36
225
28
174
10
366
37
497
1
I
240
15
240
11
304
1
254
0
296
14
159
6
4
1
330
16
474
13
56
10
47
9
326
3
186
14
167
7
451
4
72
0
L
180
3
360
19
327
22
468
33
D
320
12
416
24
118
9
390
3
238
13
287
6
141
8
200
7
180
12
142
11
415
5
193
18
133
12
E
280
16
428
14
315
6
149
14
427
7
185
12
386
12
478
0
377
11
20
5
499
3
73
9
382
12
91
2
300
7
199
13
339
12
K
220
4
110
18
331
27
449
52
115
50
V
360
4
235
11
36
20
267
9
483
40
W
200
4
491
33
367
49
310
50
28
17
Z
260
5
189
5
63
11
417
0
125
0
232
17
U
320
16
35
8
176
6
479
3
486
4
421
3
171
2
354
8
69
10
371
19
493
20
477
20
425
18
291
9
389
19
135
17
27
15
B
140
7
163
5
400
17
143
6
11
18
334
4
44
2
162
1
O
320
7
146
22
441
22
453
13
23
23
108
41
247
15
208
1
X
129
26
430
137
160
230
81
27
415
124
199
121
477
381
323
53
229
293
46
320
42
162
337
193
304
389
396
260
