7
11
I
100
19
439
3
401
4
141
5
433
4
475
5
243
3
373
3
358
0
311
4
234
0
399
5
114
1
496
2
226
0
171
2
359
4
64
1
400
1
379
1
P
220
13
451
14
267
12
286
12
484
3
94
16
138
10
92
3
490
4
372
5
350
10
150
7
144
16
454
3
X
280
19
264
8
455
4
275
11
194
0
70
6
38
14
82
6
20
10
89
8
495
14
447
5
101
12
149
6
1
7
438
4
212
0
44
8
291
9
348
1
V
360
11
360
16
203
26
262
11
102
31
440
24
261
8
414
6
145
13
183
15
335
5
279
16
H
240
14
330
4
154
13
209
1
329
2
477
8
55
0
187
14
247
3
202
0
471
5
181
16
424
8
395
11
224
13
C
140
6
213
15
422
23
210
14
268
12
402
11
99
7
E
160
10
241
16
216
1
427
12
229
12
136
15
387
10
388
7
276
10
77
0
482
5
A
140
6
61
18
270
5
355
21
325
3
23
18
109
18
O
260
17
361
12
423
10
120
6
86
5
305
0
238
14
472
4
271
5
463
15
147
3
13
0
256
13
232
5
4
0
303
10
370
14
457
0
N
100
15
306
3
185
2
389
2
75
5
26
5
493
3
317
2
179
1
65
3
41
4
83
5
140
5
462
6
282
6
333
6
Q
200
17
112
8
287
5
478
5
295
11
345
1
483
0
294
11
406
2
260
3
62
3
10
4
396
4
356
6
266
7
362
0
328
6
215
5
A
325
8
55
478
306
291
83
305
154
138
