7
14
I
100
10
472
5
166
8
258
10
478
9
268
9
118
6
372
6
365
0
381
8
290
10
V
380
6
447
15
298
23
163
20
190
26
241
20
266
32
O
280
11
428
17
155
10
73
3
456
9
183
6
410
7
27
4
209
15
119
16
285
2
457
7
K
220
15
91
2
89
14
310
3
332
5
159
0
206
6
409
9
420
8
395
12
125
3
140
11
277
8
489
14
495
7
162
0
F
380
9
317
23
338
30
192
8
168
18
283
23
61
7
337
22
195
0
263
35
N
340
18
347
15
470
3
188
3
247
7
218
6
5
4
180
0
431
7
63
16
249
2
259
14
433
1
120
7
334
17
499
12
54
4
329
16
23
14
H
240
9
26
20
109
12
87
15
467
17
86
22
291
11
199
10
239
16
94
9
M
360
4
461
2
348
27
71
42
393
74
X
240
4
473
42
488
6
396
36
114
19
A
300
12
64
24
308
9
147
6
82
4
4
15
462
8
292
5
440
10
228
6
454
23
78
23
475
3
T
240
12
423
18
417
15
108
1
307
17
265
11
375
11
39
0
246
0
383
4
366
9
96
20
450
7
D
280
9
16
7
132
28
245
28
65
26
3
12
363
10
468
7
267
19
79
25
G
260
19
234
6
34
9
282
0
406
12
426
5
161
8
153
6
67
5
116
5
442
2
253
6
270
1
2
9
333
3
57
4
231
5
90
6
345
5
377
4
W
100
19
103
1
438
1
128
4
210
1
33
2
278
2
261
3
387
4
496
1
394
1
171
2
304
1
70
3
287
3
28
2
1
5
294
2
430
3
288
1
K
310
22
278
298
239
377
247
308
180
366
285
166
34
163
381
431
16
199
375
472
440
290
4
96
