7
24
G
260
19
41
12
433
6
466
4
234
0
226
5
322
0
470
11
457
11
259
1
330
5
279
11
35
13
213
3
151
5
106
4
154
4
460
7
51
7
287
9
O
140
9
459
5
395
9
430
1
33
6
209
5
45
10
242
6
95
12
24
10
F
160
19
350
2
205
8
306
8
159
5
389
7
25
4
329
2
367
4
296
4
195
2
323
8
131
0
422
4
97
5
355
7
184
5
349
5
186
3
384
4
X
320
13
69
6
214
15
91
7
451
3
420
18
401
15
247
22
31
1
44
2
222
23
194
21
78
13
499
11
C
320
4
241
11
280
11
445
8
351
21
A
380
16
377
12
392
1
266
18
92
20
173
0
324
16
65
14
317
20
334
1
312
5
488
7
343
19
335
21
313
18
398
1
357
13
Z
240
6
493
16
285
14
388
22
207
30
61
20
295
35
P
120
9
300
4
411
6
439
0
29
0
144
9
278
6
352
1
426
13
479
10
W
320
18
263
7
147
2
261
2
126
17
477
4
465
2
3
3
26
4
64
11
474
4
327
17
66
1
254
12
200
1
436
11
140
9
461
11
366
1
K
120
9
298
0
10
5
172
4
138
9
302
6
82
10
14
3
440
6
462
1
M
120
9
467
12
315
8
40
4
337
11
83
6
168
0
5
11
163
6
308
0
H
200
19
365
3
137
10
150
6
96
2
128
3
244
2
481
6
381
5
265
0
38
1
30
4
297
4
453
7
122
5
250
5
252
0
443
1
49
8
321
6
I
180
11
109
2
472
0
427
2
75
1
229
3
362
12
192
2
23
5
71
16
170
4
162
0
R
380
6
260
32
215
31
483
17
446
55
50
7
478
15
Y
360
17
375
17
370
14
372
5
179
14
267
15
148
16
114
21
4
20
434
3
79
17
112
4
246
15
325
7
228
2
387
3
1
19
269
3
Q
180
3
185
53
139
13
183
47
U
220
16
110
2
338
6
407
7
85
10
482
1
400
8
293
10
382
0
276
13
177
6
129
0
487
5
156
11
289
7
485
8
15
3
J
300
7
36
25
345
11
476
41
158
2
431
39
328
8
28
30
D
340
12
339
0
416
1
198
28
432
0
132
6
347
26
449
24
353
13
146
14
143
23
303
4
284
22
E
120
14
230
6
135
6
373
3
54
4
108
7
248
3
204
1
52
8
255
4
240
0
208
5
211
5
410
1
394
0
L
140
9
180
3
243
9
390
12
94
14
17
3
273
7
310
3
463
10
417
11
S
320
14
311
6
125
22
37
11
22
3
175
4
16
12
277
14
253
15
136
8
223
12
73
16
290
6
233
18
231
13
B
280
5
425
3
442
13
333
48
62
36
202
6
T
320
7
81
5
60
19
498
44
210
22
157
29
227
5
123
19
Q
183
15
136
154
96
200
487
126
78
493
315
312
433
23
131
443
14
