7
10
R
340
3
437
33
8
52
7
28
I
360
6
373
26
163
31
6
4
436
40
391
3
225
37
J
100
8
443
0
87
8
191
10
253
12
485
2
46
6
497
10
275
8
X
120
4
67
7
32
25
384
15
377
29
G
300
8
323
29
271
30
458
4
452
4
126
2
132
8
224
5
269
23
Z
320
19
75
5
469
5
439
4
264
1
229
14
420
9
297
8
133
13
10
0
63
12
185
3
134
10
400
0
110
16
242
0
216
11
211
6
135
8
142
13
B
100
19
99
1
403
2
153
3
343
0
58
4
5
5
381
2
333
1
412
0
111
5
213
3
89
1
48
3
259
2
201
2
204
5
484
2
74
5
223
1
O
280
7
37
29
192
18
161
2
154
24
393
34
106
28
479
30
Q
300
12
39
19
353
3
162
20
438
9
186
23
170
18
367
10
265
5
397
16
465
8
257
7
113
20
M
100
13
425
0
165
1
337
2
356
4
426
5
307
2
496
1
422
0
387
7
187
5
221
5
166
6
184
1
M
184
5
7
333
74
8
89
