7
11
W
280
13
60
3
409
2
331
4
226
9
182
11
456
1
131
15
230
13
144
1
50
12
375
20
17
17
269
19
G
140
14
265
9
149
2
480
6
170
4
205
0
256
8
261
3
430
9
476
7
379
0
496
4
49
7
432
2
283
9
V
340
12
294
6
109
11
242
12
354
26
483
26
386
2
416
13
163
22
213
17
31
3
419
11
457
21
K
160
19
263
3
301
2
270
7
412
5
178
5
62
0
231
5
223
7
477
2
275
5
177
8
381
3
407
5
13
2
250
7
221
8
145
4
415
4
217
8
H
140
11
71
2
285
0
220
10
282
0
138
10
277
10
490
5
55
6
313
9
232
12
357
3
T
260
14
281
13
442
3
158
0
237
10
345
14
370
0
79
10
82
10
181
16
363
3
287
4
58
10
335
15
135
15
Q
240
17
356
7
80
13
259
9
306
5
176
5
48
12
298
12
72
2
461
7
68
5
183
7
328
4
239
10
137
8
195
3
330
14
399
3
J
360
15
8
2
169
23
427
22
317
17
448
9
98
9
485
17
428
9
431
14
100
19
251
20
395
17
238
17
16
13
139
18
Y
340
8
102
28
228
24
488
12
267
24
204
11
189
13
353
4
326
31
P
100
3
35
4
367
12
424
1
C
280
7
465
40
401
26
97
12
140
36
426
26
7
16
447
11
Q
461
19
345
409
407
265
275
476
496
97
294
55
231
331
138
381
144
301
17
416
269
