7
16
F
200
8
156
19
422
5
177
23
290
11
17
18
200
16
404
16
454
13
S
240
15
149
15
138
7
419
15
336
11
187
6
104
7
257
4
472
10
388
6
4
14
139
9
51
9
429
14
22
9
323
16
I
200
8
378
22
301
2
389
1
321
20
276
18
287
14
281
7
101
24
V
220
19
446
9
444
9
9
4
438
1
332
3
207
6
445
7
166
2
311
2
65
3
462
9
376
2
145
0
96
9
143
9
368
0
443
4
197
9
184
2
G
340
18
29
10
155
10
19
7
120
10
494
17
465
17
255
10
84
9
209
13
452
5
242
17
358
0
117
5
264
16
355
8
90
15
292
5
491
9
O
260
10
2
25
476
5
171
26
484
20
164
19
359
15
141
15
129
6
496
23
295
5
H
320
13
37
22
162
13
425
21
189
23
340
0
221
9
320
15
34
17
277
5
408
5
232
18
271
19
142
1
K
100
19
288
4
67
4
334
4
289
3
405
0
39
0
471
2
329
3
440
1
35
2
109
2
282
4
160
1
153
3
353
4
412
0
351
4
49
5
294
1
B
340
3
286
41
260
88
236
74
M
180
3
400
11
150
0
254
54
Z
340
3
85
86
191
95
250
46
T
220
18
107
5
127
12
206
7
114
8
270
9
460
7
433
11
410
11
459
12
234
4
482
9
365
4
103
6
325
5
43
2
60
3
470
4
337
5
D
180
18
24
4
105
1
38
0
258
2
80
2
32
10
437
5
58
4
190
6
298
6
489
9
267
9
480
0
362
6
420
6
128
3
499
8
339
4
X
240
11
216
15
326
13
367
8
456
17
126
18
48
15
89
18
467
18
431
16
30
8
202
16
W
320
16
235
8
350
11
93
11
335
17
121
1
248
17
435
6
341
4
20
9
88
6
424
8
130
3
154
17
380
14
1
20
173
0
P
340
12
417
17
15
12
348
28
163
3
59
0
386
28
262
0
100
24
302
15
55
18
461
13
249
19
H
37
28
1
103
160
17
90
289
59
206
29
301
470
446
88
126
417
282
444
326
139
138
465
339
380
454
171
410
207
482
