7
21
S
340
3
285
14
1
3
451
14
M
140
12
414
6
464
9
368
5
218
3
193
5
9
2
28
5
158
2
263
3
199
0
200
4
13
4
G
360
18
191
6
76
14
143
6
79
13
276
19
206
20
472
7
491
5
43
4
88
15
427
11
406
2
81
11
398
20
80
12
12
8
84
2
166
13
Q
380
3
473
18
228
2
109
104
N
100
5
428
13
6
5
177
8
431
0
112
16
C
360
8
101
1
336
15
454
31
266
9
493
43
279
31
498
31
127
33
I
140
5
244
2
282
22
130
12
174
14
388
20
W
300
15
403
16
394
6
313
13
47
15
376
13
283
17
61
8
419
15
303
7
188
4
294
19
478
3
476
6
119
15
321
7
J
160
4
364
34
459
2
496
36
98
10
K
120
13
60
3
495
4
161
7
351
2
68
6
311
6
162
0
99
1
328
0
444
2
52
9
360
8
381
4
L
120
19
171
6
184
0
337
0
446
6
115
4
467
1
34
5
251
3
241
1
54
5
255
3
260
3
489
0
102
4
215
3
319
2
317
1
114
1
214
2
E
380
3
280
49
347
49
325
113
Z
240
8
475
3
179
3
198
3
397
12
437
13
69
17
24
15
254
8
R
100
19
157
0
474
1
415
5
439
4
44
5
141
0
96
0
314
4
494
1
231
5
35
5
201
1
133
5
425
0
245
1
389
2
258
5
411
1
140
5
Y
300
8
326
34
5
16
442
4
138
16
227
36
113
5
118
14
29
30
X
200
3
246
64
277
44
40
49
D
380
4
100
12
229
34
167
19
484
12
B
100
5
92
13
70
8
340
7
89
0
438
20
T
180
19
45
6
104
2
367
5
154
9
339
4
265
8
30
7
385
2
219
5
153
1
380
2
53
2
91
2
300
7
453
1
183
2
463
9
435
1
195
2
P
120
13
159
2
106
2
252
2
293
7
82
3
170
0
421
5
470
8
449
6
4
0
17
8
139
9
448
3
H
140
8
386
7
306
5
488
4
291
11
275
5
487
3
440
17
126
6
B
70
36
472
84
139
166
319
154
266
437
385
44
285
321
219
35
195
143
170
494
241
474
12
339
215
427
306
476
484
294
252
206
293
174
428
254
464
184
