7
20
C
160
3
24
9
155
1
167
38
V
220
15
172
6
30
12
436
10
485
0
481
13
360
3
263
2
395
7
98
6
388
10
404
5
46
12
32
4
385
3
200
8
J
320
3
21
21
381
39
104
4
S
320
8
471
39
197
4
363
10
43
39
26
6
5
21
82
28
54
25
I
100
18
25
0
418
5
257
3
215
5
240
0
202
5
328
3
444
0
105
5
491
0
353
4
373
5
464
2
319
1
48
4
149
1
85
2
11
4
U
140
19
428
7
6
7
87
4
90
0
366
7
165
0
351
4
383
2
230
7
37
3
479
6
88
0
106
7
218
3
457
1
249
2
440
2
79
1
348
6
P
140
5
486
14
398
6
452
8
407
28
161
5
O
300
12
146
7
326
13
299
15
144
23
416
14
459
18
490
16
456
18
393
11
184
22
242
2
191
9
B
300
10
9
20
183
24
302
16
50
1
334
20
492
20
377
24
306
21
140
17
76
17
M
280
18
225
12
81
8
219
7
364
15
217
5
467
14
1
1
424
13
107
14
376
11
244
3
282
0
310
15
108
6
320
2
437
15
268
0
422
5
H
240
16
150
1
476
13
204
2
275
3
495
5
38
15
344
4
312
4
99
7
42
1
192
0
262
8
196
1
74
7
410
9
356
0
L
200
19
164
8
358
5
67
5
133
4
77
5
251
2
405
3
179
7
280
3
232
0
170
10
371
5
372
9
110
6
2
4
0
4
259
7
265
7
488
4
K
120
14
288
1
29
3
44
6
290
4
415
1
229
5
311
1
125
0
239
4
209
5
448
3
397
3
454
8
361
2
T
340
18
234
5
64
4
94
18
91
11
122
17
447
5
61
1
489
16
368
3
450
17
308
5
253
3
132
11
159
8
499
1
442
3
15
10
86
13
Y
140
17
434
8
143
3
322
6
173
6
78
7
341
5
439
0
59
2
28
2
494
5
35
4
208
3
455
4
343
5
246
4
201
4
264
7
W
320
10
116
23
221
32
321
13
300
9
188
0
39
13
291
13
57
4
284
30
128
31
D
140
8
350
15
210
17
466
11
347
5
235
3
362
2
148
16
266
15
N
340
16
349
21
111
11
14
18
20
8
160
16
431
8
252
11
380
8
17
19
487
1
392
13
22
3
427
4
141
8
117
19
309
21
G
360
19
124
5
180
8
256
12
152
5
52
4
493
0
166
1
273
0
55
15
339
14
435
3
433
0
269
5
162
9
324
12
274
6
254
18
177
9
145
3
E
200
6
370
22
182
21
271
33
121
9
194
3
390
21
J
104
31
479
256
39
363
392
290
350
312
488
11
28
30
191
146
268
362
427
306
254
15
339
311
490
373
422
141
310
164
26
343
380
