7
21
S
220
3
2
14
46
40
120
40
A
260
10
10
5
162
8
343
16
394
26
368
10
71
6
438
21
44
15
127
20
171
11
L
140
4
14
14
155
21
32
28
335
23
I
100
11
16
1
278
9
435
8
391
8
209
8
270
0
378
4
156
5
184
7
467
0
291
5
D
180
13
295
10
17
13
333
9
462
1
90
2
294
5
1
3
280
11
254
0
19
7
214
13
345
4
22
3
X
140
16
45
8
144
8
15
2
239
0
59
5
75
5
499
7
484
8
151
1
312
7
324
8
192
0
432
1
3
0
189
4
92
2
C
280
4
21
48
460
59
451
20
360
1
Z
140
16
93
3
344
1
288
5
204
5
492
3
123
1
379
4
495
6
264
8
97
4
34
2
246
0
218
5
27
0
160
7
107
2
J
220
15
149
14
244
11
479
5
376
6
131
9
284
5
54
4
293
11
78
3
446
11
175
2
419
2
167
7
358
14
67
13
Q
220
3
24
20
221
57
256
60
O
260
13
174
6
289
1
130
10
392
17
357
16
327
13
109
5
443
12
185
13
486
17
442
1
105
16
200
6
F
140
18
240
3
290
6
79
1
31
7
326
1
96
6
41
2
35
0
183
5
210
3
332
1
485
5
262
2
297
5
134
5
267
7
420
3
466
3
N
100
10
266
7
407
6
26
5
461
5
359
2
224
7
388
10
28
3
260
10
355
3
G
180
17
455
3
49
1
276
3
364
3
23
9
458
3
202
8
69
1
348
0
168
4
198
5
113
0
18
0
401
6
450
1
424
9
143
8
M
300
12
319
14
119
7
313
24
199
5
91
3
483
25
186
8
375
7
40
21
301
4
197
7
70
5
T
360
9
152
17
478
30
382
27
235
28
356
14
437
9
223
36
117
24
133
7
K
140
14
108
0
141
7
473
1
417
5
73
8
241
8
135
8
83
7
169
2
248
10
53
3
422
1
271
8
259
4
U
180
3
7
1
139
38
178
29
B
140
17
86
7
464
0
74
0
325
2
314
6
404
6
173
2
323
1
497
1
269
4
339
6
194
3
386
1
321
8
418
6
215
5
180
2
E
300
15
110
14
354
18
62
14
429
2
409
17
469
1
400
19
58
15
57
6
277
4
9
8
304
4
112
18
245
8
226
6
W
320
15
494
10
413
12
366
10
472
21
474
8
230
8
263
4
205
19
132
20
233
21
38
8
228
6
157
4
187
21
373
18
A
394
1
460
