7
16
J
380
13
114
18
263
9
217
26
487
17
497
0
410
28
359
8
337
28
209
28
420
17
257
29
320
1
249
29
N
180
17
205
8
11
8
333
8
133
3
260
9
109
10
476
10
177
4
283
9
166
0
149
3
353
1
188
10
372
1
69
3
23
3
336
5
G
200
16
425
11
340
12
310
11
54
9
10
8
356
1
298
9
111
1
451
11
13
8
115
5
268
12
275
4
253
6
110
5
442
0
K
360
12
52
17
170
7
207
27
143
25
354
8
22
10
229
12
395
6
163
30
290
3
382
19
236
19
R
300
8
258
7
484
19
456
28
331
18
0
33
178
28
113
20
125
2
E
280
12
345
8
306
8
185
7
281
5
486
2
4
5
25
13
38
10
304
14
200
23
187
22
319
23
V
320
18
454
12
16
10
413
9
104
1
5
15
376
9
485
13
493
6
96
16
89
15
455
7
221
10
65
1
42
10
84
15
60
16
108
17
491
7
W
260
12
433
16
53
10
119
13
2
6
344
14
58
2
411
18
1
17
116
18
256
13
303
10
314
8
S
140
4
377
4
489
1
231
25
118
8
B
260
14
483
10
289
6
197
6
21
4
72
11
470
5
461
5
130
8
280
11
447
16
234
11
327
9
150
6
6
12
T
180
5
112
33
450
11
134
33
478
0
248
16
I
320
16
15
1
227
8
106
10
246
8
129
7
210
14
164
4
31
0
175
9
159
10
173
8
225
16
211
9
462
13
373
11
274
5
Y
200
6
171
30
155
29
45
6
302
10
61
23
362
30
C
160
13
180
1
498
7
161
12
224
7
293
12
81
7
259
5
393
11
220
10
102
9
167
10
138
3
388
4
O
200
11
284
17
299
7
19
3
378
5
292
4
368
17
291
15
181
10
162
16
401
2
29
2
F
160
3
192
53
93
40
244
28
Y
362
26
163
163
359
118
13
210
337
377
314
410
116
344
130
493
454
359
248
451
487
38
410
401
10
256
483
19
