7
18
Q
200
8
65
0
353
23
177
8
307
17
252
19
488
17
226
14
105
16
H
220
18
428
4
457
6
234
9
334
10
229
1
59
6
154
5
181
10
368
3
301
0
231
1
136
12
365
11
436
3
322
2
215
12
374
5
399
3
N
120
3
7
35
270
22
323
16
V
360
6
311
46
379
12
202
42
49
44
380
59
165
47
B
340
11
404
11
87
18
462
27
189
29
402
10
401
24
26
12
253
26
89
6
356
12
17
13
R
180
7
342
15
453
6
452
3
275
18
159
10
397
15
91
19
D
300
7
143
0
265
12
40
5
410
18
477
8
70
31
475
13
A
120
19
133
4
363
5
178
3
447
1
209
3
302
4
499
3
247
6
64
0
249
4
142
0
434
1
201
5
357
2
328
1
237
4
77
5
400
1
220
5
E
360
6
421
3
199
1
81
25
35
26
4
11
366
6
S
140
10
264
3
305
8
350
5
408
2
210
0
216
5
407
6
360
3
300
5
31
12
P
240
6
282
24
296
12
162
2
29
40
280
16
312
20
U
360
8
207
23
58
9
90
42
316
7
272
3
250
23
123
45
3
34
C
180
4
445
19
387
44
450
28
339
14
M
240
12
32
14
262
12
163
16
115
4
438
14
455
9
471
17
182
1
325
5
149
1
169
11
240
13
T
360
14
362
18
454
22
230
2
204
3
429
0
235
7
108
17
340
10
261
22
160
18
326
21
103
25
431
24
349
3
J
180
19
242
9
60
1
173
8
348
4
239
0
187
6
86
5
146
7
286
5
185
8
180
9
120
2
76
9
188
1
269
2
104
9
444
0
132
7
50
9
O
300
12
314
7
260
13
423
23
101
19
130
19
267
24
61
22
11
9
128
12
273
21
433
5
495
15
X
180
3
129
31
158
45
224
42
C
339
32
423
457
311
452
149
235
301
397
40
77
360
123
280
59
162
401
302
499
143
402
199
431
229
76
429
488
307
362
312
165
374
247
