7
21
J
220
13
259
14
27
9
150
7
224
6
28
13
47
3
410
12
373
12
428
11
3
4
346
11
212
4
220
9
L
100
9
423
4
462
11
61
1
110
5
12
0
260
7
306
11
452
2
288
11
U
100
4
331
22
134
6
443
13
196
16
F
200
8
194
10
359
17
316
13
186
0
365
6
210
21
46
7
312
0
S
120
18
122
3
478
4
144
1
66
1
390
1
200
0
324
5
116
2
79
5
311
4
19
4
271
4
419
0
300
6
392
6
181
4
152
5
72
5
E
140
19
461
6
108
3
412
3
13
4
1
1
23
0
48
3
176
4
89
3
40
4
132
2
6
6
225
7
86
3
58
1
386
1
234
3
107
1
84
2
D
340
16
145
3
457
1
238
17
339
17
246
12
287
20
463
3
456
15
403
7
399
11
190
9
232
0
26
3
180
6
249
8
357
21
Q
120
14
285
4
472
5
489
8
182
5
283
4
111
0
239
1
131
8
378
0
350
4
74
0
114
7
364
5
228
4
M
180
8
137
1
450
4
477
7
414
2
67
4
223
11
175
19
226
14
Z
120
4
494
29
57
29
174
9
31
0
R
300
5
247
17
51
3
317
53
211
5
133
2
V
240
18
120
12
381
4
280
3
102
9
434
13
445
3
94
10
22
5
481
13
168
9
289
3
466
9
383
10
329
9
475
13
188
1
417
4
397
13
A
160
17
310
6
380
5
229
2
342
1
361
9
257
0
230
9
14
6
493
7
205
1
274
3
21
3
217
5
55
9
154
5
487
9
455
7
X
140
5
219
27
374
10
197
10
473
0
282
17
W
320
4
294
62
258
77
44
48
302
47
Y
360
11
50
11
5
11
244
26
301
5
291
5
460
27
499
23
56
19
315
26
25
17
498
25
G
320
7
337
31
126
41
340
3
256
12
124
36
467
16
278
38
N
100
7
433
9
262
1
444
8
459
2
387
12
78
5
162
12
T
260
18
441
12
141
2
405
9
418
6
69
3
349
4
370
10
250
8
368
1
318
12
396
12
18
3
323
0
252
9
439
0
233
10
96
13
214
3
O
380
10
407
33
352
8
73
20
409
4
101
13
113
36
129
8
415
10
155
38
471
9
K
140
5
277
15
115
10
343
13
332
23
453
23
T
318
21
310
489
19
84
74
78
115
329
108
12
364
312
108
101
46
357
414
1
89
155
463
