7
7
C
200
3
227
44
494
51
163
38
K
340
13
224
18
436
8
421
15
78
26
450
16
220
12
424
15
333
2
31
6
197
9
77
22
38
2
297
16
F
380
5
318
47
107
47
47
70
154
46
182
12
U
240
5
402
42
85
45
382
9
469
13
228
1
W
380
5
254
4
147
48
370
30
319
30
464
75
Q
140
16
41
4
146
1
111
4
71
4
42
2
27
3
161
2
279
8
103
4
205
7
383
3
352
6
6
8
287
7
263
1
417
6
Y
380
14
127
20
169
4
398
17
92
3
190
10
401
2
348
26
120
7
453
20
442
23
93
7
275
0
271
4
149
19
K
220
17
146
190
93
383
287
263
182
318
127
271
417
120
161
254
163
6
402
