7
24
D
120
12
389
7
62
7
452
6
461
0
43
1
76
10
151
6
378
9
113
0
89
10
374
9
126
0
M
160
17
402
2
140
0
27
6
20
4
353
1
442
5
4
0
169
8
458
1
129
0
0
7
24
0
441
8
477
2
256
0
352
7
118
3
N
180
7
456
5
173
16
96
8
82
13
88
12
246
1
248
25
L
360
18
266
2
432
11
282
2
117
18
372
2
343
4
192
1
23
14
316
14
495
12
339
14
65
17
462
1
79
4
15
8
184
19
187
0
123
1
A
140
8
278
10
233
3
308
0
127
7
138
1
409
3
144
7
156
10
V
100
5
3
5
172
17
16
9
323
3
431
17
J
240
7
108
28
18
29
244
24
25
26
393
32
30
17
332
24
C
300
15
201
2
149
5
322
4
387
10
1
15
132
1
66
18
179
2
229
15
444
15
71
8
120
14
195
10
130
9
356
2
X
360
15
242
2
97
7
50
11
28
22
143
19
305
21
218
21
209
11
33
10
392
10
281
4
7
8
150
21
275
14
417
13
R
320
5
359
30
45
25
64
17
497
54
264
2
Q
120
13
44
4
412
7
405
3
210
2
421
5
159
6
49
4
196
2
239
6
295
7
164
3
56
2
317
0
O
100
8
309
7
193
5
36
11
167
6
303
5
364
5
177
3
467
4
G
240
8
263
27
12
22
101
25
336
17
116
8
285
16
274
3
330
10
E
220
4
377
18
247
24
324
39
231
16
I
140
13
114
9
37
10
494
8
355
7
480
3
51
6
191
2
170
9
137
8
69
5
386
7
95
0
224
2
S
100
9
296
7
320
3
178
4
422
6
300
7
42
5
298
4
447
1
9
11
P
300
13
326
21
426
11
72
20
362
11
40
3
420
19
394
4
439
16
486
2
47
2
306
0
304
17
310
0
W
380
11
396
3
425
27
472
25
331
28
475
30
265
10
443
21
419
34
327
2
487
33
406
11
Y
360
11
34
6
267
26
429
13
148
28
286
12
482
13
292
12
376
18
468
4
255
10
490
26
U
320
8
337
40
217
36
463
16
369
31
70
28
105
10
399
6
141
27
K
220
18
474
1
470
8
21
3
87
7
99
3
411
3
125
11
152
0
110
7
321
4
276
6
288
3
273
9
188
3
205
9
160
8
294
11
124
10
Z
120
8
481
6
39
9
91
12
385
2
427
0
434
9
391
0
460
1
F
380
18
90
19
213
10
485
18
260
13
346
21
219
0
381
12
182
8
238
9
212
16
81
5
235
18
363
1
368
21
73
11
435
8
119
7
415
8
B
220
9
335
12
222
17
388
12
450
3
340
1
223
4
171
14
299
14
493
4
Y
148
38
281
160
3
101
346
124
467
303
224
364
218
352
177
444
244
79
327
7
263
149
288
331
167
381
229
12
159
300
96
399
399
167
224
140
296
177
480
27
