7
9
O
320
11
170
5
465
16
157
28
457
17
379
3
105
4
12
13
391
6
59
10
437
21
152
22
K
140
17
183
4
219
5
467
4
442
3
311
1
149
4
355
6
375
4
411
3
13
2
231
7
120
8
357
3
184
1
478
0
162
3
343
2
M
360
13
224
11
125
3
127
9
368
13
21
16
323
0
302
2
353
27
348
25
100
24
2
24
123
6
458
12
H
180
17
291
7
64
9
371
1
46
1
255
9
370
8
298
7
91
7
441
5
280
5
497
9
225
9
130
6
9
1
342
1
297
1
481
3
B
340
4
30
4
469
44
86
1
410
61
Q
280
12
208
17
389
0
279
8
134
11
109
10
293
7
35
21
124
3
94
4
455
2
197
0
384
22
N
220
6
17
6
471
18
462
25
77
13
207
12
61
16
U
340
9
300
10
350
36
359
20
421
23
200
33
128
11
450
20
103
8
483
2
T
240
8
245
7
151
12
491
19
333
29
95
8
367
5
164
30
312
17
H
280
5
127
353
375
124
219
