7
12
C
340
8
199
16
455
42
278
27
56
18
63
31
482
19
300
20
69
37
O
180
17
346
9
226
10
113
8
456
1
105
8
276
0
369
1
255
5
411
8
145
8
489
7
246
2
306
4
322
0
499
4
173
8
320
2
A
300
13
447
4
434
9
222
13
104
0
387
11
433
23
273
16
60
7
152
22
207
1
304
14
143
23
37
21
P
240
16
31
2
176
6
374
7
59
11
486
8
14
4
497
14
420
8
38
1
163
3
132
5
245
12
70
5
162
9
423
0
205
4
H
160
8
298
12
216
17
269
10
133
11
254
10
377
18
317
10
110
0
Z
240
7
46
25
236
3
44
10
193
5
249
4
421
11
103
7
W
140
7
234
5
196
16
111
19
475
5
142
17
41
12
66
15
R
160
13
72
3
459
12
102
3
187
8
266
3
437
12
122
7
166
12
218
10
468
11
481
5
169
10
401
0
K
120
6
250
6
263
2
149
6
52
20
389
20
354
8
N
360
12
308
12
293
10
440
3
418
22
253
2
366
7
34
23
311
6
121
5
170
10
284
16
83
19
T
380
19
30
1
281
17
295
11
289
8
18
5
203
0
472
0
297
9
432
9
367
16
77
11
81
7
416
14
310
5
426
12
19
3
101
8
318
8
100
7
M
240
9
129
26
220
24
136
7
157
12
228
23
485
6
120
0
365
1
241
24
N
284
35
203
52
132
365
143
152
499
66
143
401
142
203
193
411
222
250
63
19
374
254
297
166
486
216
142
423
273
59
298
193
421
41
266
377
249
