7
6
I
240
4
251
27
366
35
49
22
199
48
W
360
15
323
16
95
13
124
20
412
24
318
23
86
21
436
13
346
12
100
24
177
1
106
16
374
4
129
0
333
4
325
21
D
100
16
133
0
76
4
65
0
351
5
2
5
32
1
375
6
465
3
52
5
54
3
93
3
373
6
382
4
466
5
246
1
128
4
U
300
17
195
12
495
17
284
0
277
15
267
0
463
10
216
11
293
3
143
7
96
1
221
12
438
14
4
2
360
9
472
14
269
16
211
13
A
260
5
386
45
303
22
158
41
448
46
408
5
O
160
13
468
11
241
5
299
9
210
9
484
4
418
11
185
7
33
2
282
2
136
3
454
2
17
2
259
12
D
32
27
277
251
408
210
284
448
463
293
259
323
468
177
211
267
4
216
33
325
129
299
106
199
282
472
221
143
303
