7
15
Y
360
7
451
6
15
1
96
30
202
7
312
36
48
34
245
50
J
260
12
221
0
269
14
6
6
110
2
436
21
360
5
21
1
400
20
359
7
104
9
495
7
378
2
N
120
11
404
4
195
10
102
3
483
9
42
3
142
0
393
10
162
10
275
0
174
3
205
8
D
360
14
473
14
316
9
320
20
300
1
242
22
160
9
354
1
45
19
438
18
4
0
212
3
277
0
204
11
469
3
S
220
19
319
3
379
3
389
2
197
9
372
6
158
3
250
7
98
7
498
11
406
1
181
1
239
11
18
0
2
6
408
10
37
7
211
6
230
8
115
10
E
320
4
460
28
386
21
492
25
394
59
C
320
14
261
14
465
1
297
3
286
0
132
0
89
20
477
10
476
18
276
11
486
16
223
6
138
19
179
22
268
19
H
320
9
35
1
184
20
151
17
123
5
346
33
365
24
240
26
91
26
274
23
O
240
3
135
11
210
27
462
58
K
180
12
224
13
273
13
44
7
281
12
447
1
288
13
326
14
454
14
260
3
299
11
193
6
150
8
Z
120
19
467
1
305
3
198
0
23
2
225
5
373
1
196
3
172
0
413
2
27
1
330
0
235
4
222
2
485
2
417
6
329
4
328
5
252
6
444
6
A
300
12
187
0
395
19
490
16
237
23
283
17
337
14
327
0
307
4
62
24
200
14
163
3
287
22
T
320
7
171
25
484
12
267
15
446
6
463
0
290
45
41
22
X
280
3
339
17
119
4
10
33
G
140
6
127
0
258
8
114
15
450
6
189
23
24
0
K
193
7
276
205
4
2
123
490
400
