7
9
G
140
16
298
8
404
0
308
7
341
1
354
5
361
3
370
1
436
4
259
5
32
6
317
5
362
0
379
1
495
0
3
8
321
2
J
280
8
226
3
187
9
133
12
5
6
423
2
73
22
203
33
346
7
O
340
6
365
4
39
47
182
37
381
39
50
41
338
8
N
380
5
334
73
206
5
345
46
279
74
191
15
A
320
4
344
17
327
2
82
61
94
14
M
320
19
156
5
331
12
83
3
87
3
115
8
263
10
53
3
157
12
401
11
154
10
443
14
428
1
494
3
233
15
108
5
325
13
408
5
393
16
175
2
L
100
7
277
6
106
9
92
6
199
7
93
6
322
4
190
14
C
360
17
243
19
476
2
266
7
49
6
214
3
4
15
291
6
125
18
356
1
275
14
437
21
250
18
276
19
128
1
97
4
309
9
215
1
R
340
19
442
8
488
5
221
0
260
0
68
12
86
3
231
5
383
13
392
0
212
17
222
5
337
4
171
10
284
14
145
5
336
11
282
13
475
17
335
2
L
190
38
354
475
291
50
39
39
495
341
39
442
379
354
495
266
187
344
222
260
86
282
68
157
321
437
337
495
381
3
476
475
86
154
154
94
436
423
157
488
