7
8
E
200
12
97
4
486
6
443
0
197
1
451
13
80
4
9
3
27
13
134
8
141
13
67
8
355
5
G
160
10
223
12
417
14
406
9
210
16
246
14
327
13
32
10
222
4
177
9
127
12
K
220
7
231
31
53
25
370
5
4
30
450
20
390
7
55
16
J
300
16
106
15
399
6
466
15
40
8
403
11
420
2
176
13
492
14
418
7
373
17
353
1
118
6
308
1
345
3
378
2
330
11
P
120
6
323
0
464
11
458
8
251
13
152
11
184
10
X
180
19
41
0
18
7
264
6
472
0
287
4
237
6
311
9
61
9
132
7
8
1
171
3
375
4
172
0
435
9
16
7
188
8
324
5
242
8
331
6
O
180
5
190
31
62
23
207
33
5
33
250
11
N
360
4
344
55
146
65
92
86
256
40
P
251
11
177
97
256
399
418
141
4
237
16
435
378
