7
18
H
380
7
385
54
279
29
219
46
29
54
290
28
182
22
440
20
J
280
14
373
2
391
13
277
2
247
4
84
10
465
20
417
14
107
17
437
18
9
14
154
20
303
14
95
10
324
12
O
340
5
425
30
185
23
212
55
119
20
194
23
L
200
18
329
6
134
7
447
7
311
7
208
5
4
3
283
1
273
8
26
4
157
10
146
9
172
11
162
0
230
6
289
3
62
3
111
2
487
2
K
320
12
456
25
403
26
420
5
476
26
46
21
198
16
257
10
436
18
64
7
122
18
109
11
7
11
Z
120
18
255
1
388
0
236
3
292
1
173
3
70
1
262
2
380
3
433
2
304
0
76
1
266
6
199
2
428
0
470
1
83
1
366
3
49
3
A
300
7
401
10
473
8
280
24
394
8
305
5
441
3
312
40
B
200
19
21
1
270
2
39
8
205
8
25
10
314
7
353
5
20
6
267
3
295
3
387
5
89
4
52
9
251
9
71
10
166
10
54
1
140
2
448
2
X
120
15
444
7
116
3
68
8
413
4
453
7
336
2
171
3
396
3
481
5
32
1
275
7
117
7
325
2
349
7
191
8
V
300
16
339
8
422
14
365
16
374
0
274
4
48
14
407
14
469
11
168
7
326
16
75
5
223
13
187
7
482
8
310
2
483
7
I
260
16
272
16
281
10
252
15
442
2
285
6
445
10
315
11
495
0
80
4
195
5
271
12
343
2
78
4
156
1
127
8
351
15
P
120
3
5
2
60
40
238
1
N
160
5
105
30
175
23
264
29
207
26
371
8
Q
240
19
197
6
165
5
235
7
1
1
161
10
497
10
382
4
361
12
402
3
338
9
43
4
164
6
319
2
169
9
419
6
474
11
114
11
432
3
99
8
G
380
9
472
11
170
3
196
32
218
26
227
26
408
32
278
35
23
3
126
25
T
300
5
214
6
306
44
186
27
379
4
57
12
R
100
19
454
2
0
4
291
3
153
0
332
3
475
5
142
3
333
3
452
2
406
4
268
1
233
5
150
0
130
1
369
0
372
0
152
5
149
3
183
4
C
240
18
97
13
395
8
13
9
443
5
44
4
245
2
352
4
362
9
439
4
178
8
53
12
299
3
346
1
344
9
133
10
155
1
294
12
225
1
L
26
37
470
156
267
402
173
439
482
420
57
299
444
153
83
495
422
21
349
436
396
291
166
80
285
278
75
20
218
195
277
262
428
13
71
353
408
23
46
