7
10
U
280
4
132
10
408
46
161
11
247
26
B
140
7
474
6
345
16
43
11
325
17
394
11
361
15
94
10
F
320
5
421
25
485
10
212
57
24
7
233
34
Z
180
4
266
2
131
6
170
35
364
20
O
160
4
3
1
460
33
412
16
311
13
R
160
19
98
5
328
7
87
4
45
2
174
7
19
3
339
6
179
8
388
8
146
4
196
6
393
6
455
1
404
8
260
0
484
0
76
5
344
1
23
4
A
360
15
199
1
347
6
211
15
2
17
79
6
157
2
291
24
357
15
205
4
248
21
353
8
363
19
30
2
315
22
469
20
P
160
16
127
6
298
3
159
10
348
0
41
6
270
6
370
0
372
7
358
0
242
8
32
1
232
0
365
7
163
4
44
5
25
4
L
160
14
197
2
379
1
277
2
90
3
137
8
294
0
70
0
117
3
305
11
495
5
172
4
167
4
110
6
195
2
D
220
5
38
0
274
33
230
42
88
7
450
2
F
233
37
344
372
23
370
3
365
167
88
137
274
45
23
347
32
163
32
328
196
88
247
137
315
195
159
412
364
270
315
157
469
408
179
127
197
270
242
79
