7
15
T
180
15
199
7
68
10
425
4
422
0
415
9
249
1
168
5
284
8
149
2
21
5
460
3
366
0
370
4
53
5
299
5
I
260
16
441
2
4
11
363
3
113
12
288
0
157
2
134
15
446
3
277
15
328
16
295
4
275
15
361
11
107
9
476
5
40
5
D
120
16
256
2
78
1
254
6
470
7
387
1
225
1
485
5
203
0
190
5
29
7
382
5
13
4
174
3
272
2
155
2
477
0
R
140
14
432
7
150
6
342
9
265
3
208
10
281
6
335
5
194
6
45
4
227
8
108
4
324
1
94
3
216
0
N
140
12
317
3
175
0
482
4
58
1
56
6
480
3
172
4
377
2
166
0
294
11
400
8
302
6
B
180
4
316
6
351
37
373
6
188
12
A
300
18
37
1
127
13
390
3
112
2
66
14
315
7
171
6
191
13
24
12
210
6
453
1
173
14
65
9
130
4
144
13
331
15
211
13
103
13
W
360
19
326
8
424
18
11
5
468
13
310
1
283
12
333
13
241
16
209
15
20
14
186
17
179
15
219
10
386
14
49
4
493
16
117
13
367
7
246
12
Q
300
10
450
1
300
30
61
10
197
2
266
30
439
4
337
27
389
29
449
5
255
8
X
120
4
260
23
109
3
466
3
140
6
O
180
19
454
3
348
5
413
5
218
5
345
0
139
7
90
5
180
1
224
3
427
6
438
5
341
5
162
2
70
3
226
1
128
9
44
7
483
0
236
5
P
220
5
181
32
238
21
34
22
360
8
497
10
H
280
19
397
7
445
2
119
14
495
4
193
2
304
2
279
14
88
5
132
6
245
0
421
1
141
2
321
9
80
11
195
10
330
4
434
4
67
12
12
6
M
300
16
323
17
247
13
433
11
365
11
478
0
223
1
479
10
229
2
403
16
64
9
156
16
17
12
213
13
269
14
262
18
122
17
Z
180
10
267
5
63
15
332
18
273
9
455
10
176
3
282
2
83
10
423
8
305
7
H
330
31
83
128
433
365
21
389
477
288
108
299
113
20
360
254
335
266
186
40
302
269
227
460
262
480
323
4
427
127
466
13
282
