7
17
K
100
8
39
4
12
4
324
10
174
8
275
7
205
0
361
4
338
1
N
140
5
466
16
271
19
67
4
27
14
190
6
J
220
18
413
0
430
9
111
12
138
6
302
6
4
10
316
5
399
0
126
2
104
2
98
9
460
4
420
12
295
8
494
0
308
11
32
7
344
7
V
120
3
178
30
15
11
261
20
I
360
13
249
27
21
17
59
16
234
14
432
12
468
8
329
4
241
11
219
6
475
17
331
10
323
27
218
6
L
360
17
180
16
66
4
103
6
296
10
477
20
239
1
291
20
35
16
109
11
128
16
319
16
465
3
30
17
0
13
389
19
172
19
211
6
E
380
18
76
18
195
12
370
4
347
8
391
21
61
4
143
17
478
2
377
11
186
5
455
9
232
16
184
9
225
10
197
12
132
7
10
16
384
0
U
220
8
240
15
439
12
167
15
467
17
238
20
57
3
300
27
372
27
X
280
4
411
53
410
21
458
54
369
62
R
100
13
259
3
100
7
191
1
459
0
473
6
206
0
73
0
289
6
223
4
77
2
255
0
304
4
145
6
M
220
7
216
22
8
14
258
25
352
20
315
9
5
16
141
9
S
100
9
134
11
401
5
171
1
162
0
262
1
279
3
474
10
274
9
435
1
T
160
13
146
4
148
2
237
2
213
0
75
9
247
8
81
8
179
2
290
5
243
8
402
3
208
10
233
0
H
220
10
433
20
43
17
360
4
147
18
53
17
373
19
476
9
159
13
446
21
22
16
C
220
6
152
1
448
0
253
5
263
32
72
21
144
4
G
360
7
429
44
124
41
318
32
236
0
357
38
116
15
133
7
O
340
12
305
28
452
27
270
23
209
26
48
2
397
8
447
12
382
17
385
6
415
2
406
16
398
20
S
171
7
190
415
369
315
141
308
253
