7
16
T
100
10
221
8
457
10
275
6
139
4
93
5
134
8
305
4
338
8
378
4
29
10
E
140
7
321
4
455
15
343
1
215
13
12
18
388
5
427
19
A
360
14
248
20
137
23
483
11
238
10
247
14
176
7
400
9
194
17
425
24
412
15
101
13
285
7
492
17
3
3
L
120
15
212
7
70
1
62
4
474
7
442
4
287
1
269
7
497
1
404
3
202
0
494
1
409
3
84
7
102
3
184
0
Y
100
19
141
5
13
4
372
4
100
3
382
1
79
2
206
4
216
1
21
4
6
3
63
3
300
2
158
4
27
4
461
4
386
0
226
1
1
5
90
0
P
140
10
244
14
103
7
71
4
54
7
181
13
489
6
340
10
66
8
325
3
109
6
I
300
15
470
17
229
4
450
14
46
18
265
18
169
14
350
17
179
5
60
11
190
4
390
16
177
18
399
6
290
16
458
2
J
340
11
78
6
191
13
51
26
302
24
159
5
129
14
65
19
175
13
291
11
43
29
22
1
V
320
3
55
92
485
57
115
67
N
180
14
210
10
498
12
448
2
367
11
403
8
384
1
341
9
142
4
81
4
496
8
74
8
58
5
377
6
393
2
X
240
8
42
11
359
26
201
25
164
7
246
30
249
17
363
20
272
14
Z
240
18
342
3
68
4
150
3
149
5
28
13
188
1
414
8
389
10
64
12
459
5
140
0
86
1
121
1
218
2
430
9
203
10
257
8
87
10
H
340
3
328
71
263
53
77
62
B
300
16
165
10
39
2
358
12
495
0
318
8
493
13
41
7
256
12
196
14
476
10
396
14
436
11
80
4
322
7
421
3
467
15
S
360
3
253
62
402
9
151
114
Q
100
19
52
5
293
1
83
3
211
4
413
5
392
4
446
1
408
5
160
1
267
4
193
4
344
0
397
5
53
0
280
2
309
1
445
0
31
2
9
5
Z
342
10
446
496
137
109
476
164
269
450
483
196
