7
22
Y
100
5
415
17
68
10
54
12
80
2
337
1
J
320
19
404
1
17
13
133
3
156
3
411
14
96
10
179
16
138
14
223
12
444
8
403
5
297
4
158
8
493
14
253
8
496
14
252
13
302
6
70
1
Q
180
14
374
9
355
3
194
6
365
3
106
5
451
3
233
3
128
11
267
8
81
4
87
9
65
10
76
11
484
12
F
260
18
327
12
342
11
62
5
357
4
150
2
494
8
363
11
5
8
408
12
195
1
139
4
468
1
288
4
41
10
486
0
173
11
385
0
174
1
X
320
19
110
0
491
0
306
1
31
11
460
8
378
2
198
15
393
8
431
16
347
1
439
12
442
13
475
6
296
0
225
14
463
12
331
13
77
7
402
13
H
160
15
436
1
71
4
236
6
79
4
315
4
160
6
130
2
164
10
124
4
259
0
237
8
216
2
389
0
3
3
410
2
I
360
7
312
13
489
20
273
2
143
26
476
22
210
17
112
17
G
140
12
180
6
293
8
364
0
308
8
165
9
141
2
356
10
276
0
91
9
430
2
163
9
300
1
N
160
13
307
5
169
7
182
6
405
0
429
0
75
10
354
8
149
7
461
12
387
1
278
4
345
5
90
3
W
200
14
127
5
215
14
246
12
268
5
325
0
1
4
107
13
336
3
103
6
217
8
241
10
193
13
320
8
450
4
T
100
15
381
5
230
6
328
2
113
5
448
1
34
1
219
4
61
2
10
5
20
1
449
3
6
3
343
5
118
1
111
3
O
240
17
94
14
361
14
362
11
129
10
427
3
13
6
398
8
388
3
279
1
159
5
358
12
36
0
114
7
420
5
322
9
56
4
283
13
V
220
3
284
54
392
2
265
2
R
320
4
472
75
200
46
58
17
445
37
Z
340
18
490
2
373
1
121
5
9
16
390
11
26
18
401
6
316
9
134
9
204
7
368
8
271
10
74
10
32
15
22
18
274
15
258
12
351
9
U
180
15
465
6
93
2
319
1
458
8
447
10
303
10
243
1
370
0
27
12
4
8
324
0
492
2
464
1
240
6
157
12
P
160
18
332
2
187
0
39
5
45
7
147
6
257
2
353
7
380
8
350
3
344
5
242
7
72
3
377
0
435
6
441
0
131
2
231
7
310
4
M
300
3
188
8
414
46
166
28
C
280
16
29
15
338
1
456
5
485
5
47
17
190
16
120
2
466
5
235
1
382
14
227
8
175
2
256
17
299
17
498
0
487
15
A
320
11
52
11
224
20
220
12
474
3
417
20
391
14
161
5
482
26
50
23
46
7
122
27
B
180
14
317
4
301
12
102
8
48
1
53
0
104
9
423
5
82
3
207
1
229
9
148
4
480
10
467
10
339
2
S
300
9
455
25
295
29
375
7
63
33
277
2
196
10
40
2
116
12
249
19
M
166
9
116
402
299
455
71
10
402
40
253
