7
7
E
220
14
94
6
255
1
494
11
427
6
447
0
188
14
395
13
192
13
236
10
320
5
87
11
181
5
403
4
27
6
Q
360
8
445
24
327
17
177
17
304
44
338
14
247
43
111
7
3
24
K
100
3
337
10
83
16
57
15
B
320
13
62
13
306
7
351
23
325
10
48
3
84
16
92
3
312
17
14
24
199
22
123
8
259
24
205
9
L
340
13
169
7
399
17
496
2
22
6
333
15
417
6
152
22
441
15
49
13
310
11
467
16
76
17
281
5
R
220
15
175
10
189
3
30
0
246
6
464
2
210
6
288
12
172
0
24
5
204
12
439
6
154
3
42
6
245
10
60
10
W
200
18
161
7
228
3
298
11
326
5
54
1
37
11
136
3
17
5
230
5
430
10
393
10
329
7
117
5
47
2
242
4
267
6
275
11
265
8
Q
338
32
210
403
117
54
181
439
49
192
496
439
496
439
259
210
298
255
329
329
24
230
399
83
329
395
54
288
27
204
42
320
439
447
