7
25
X
300
8
97
31
295
23
254
12
494
0
180
31
469
19
410
28
331
19
N
340
10
420
0
429
4
493
16
167
11
216
20
224
8
187
0
310
18
131
20
426
11
U
160
17
452
6
193
9
386
7
491
4
497
0
437
0
87
4
322
5
243
9
288
6
432
6
279
9
373
3
56
5
395
4
319
5
106
4
G
200
5
237
40
48
39
112
21
353
7
142
8
Z
260
9
5
6
16
12
356
15
408
3
2
9
100
8
123
17
463
21
403
18
L
300
4
49
19
381
65
401
44
175
49
Q
160
5
370
17
312
28
146
6
107
5
299
15
A
360
10
57
7
62
1
263
9
269
21
158
35
444
17
72
35
371
11
337
7
195
33
T
220
10
12
17
379
9
311
22
110
4
424
2
37
3
250
20
40
17
329
12
235
3
P
220
6
174
9
136
1
357
14
382
22
151
25
234
2
D
380
4
423
38
117
7
298
66
367
38
H
380
18
6
18
176
10
171
2
52
0
204
6
277
17
215
1
372
10
133
14
259
11
280
8
253
11
477
16
360
5
126
7
262
13
465
4
201
16
K
360
11
489
3
75
18
355
27
163
31
139
20
467
27
82
13
462
29
283
16
68
28
125
12
E
140
15
124
5
327
3
83
3
51
6
39
2
488
5
66
4
383
3
59
1
23
1
222
8
400
7
302
4
78
8
122
8
B
220
11
409
13
456
17
459
20
377
11
156
10
394
3
53
9
346
15
406
13
376
1
184
2
V
240
10
239
16
164
13
307
18
454
22
76
23
229
20
349
12
67
10
94
6
194
14
J
100
12
352
5
287
5
268
4
154
8
20
7
390
7
443
0
227
5
347
0
42
1
118
8
378
6
I
120
7
244
7
191
14
41
13
69
12
104
7
79
7
33
0
M
120
11
461
0
449
6
422
5
10
5
179
2
246
0
411
3
101
1
361
1
18
9
4
1
F
220
3
345
73
266
37
274
40
Y
200
19
291
2
233
4
404
3
45
1
186
5
480
0
60
10
111
3
344
7
17
5
9
10
436
5
430
4
265
0
160
8
96
7
350
8
369
2
296
3
W
260
19
77
1
468
12
85
0
99
8
140
8
474
7
47
9
225
12
297
12
88
8
7
12
304
10
221
3
276
10
416
5
46
4
236
5
80
7
492
8
S
120
13
326
3
157
6
455
6
419
3
91
9
282
7
414
5
81
6
207
3
190
5
366
9
332
7
19
3
O
380
15
397
17
481
6
294
18
482
3
271
18
466
7
438
14
335
10
128
20
192
21
446
9
351
19
320
5
223
10
485
15
R
220
17
21
1
147
8
260
1
162
4
384
5
198
1
152
9
212
3
451
5
483
6
476
0
247
6
255
3
159
5
25
6
470
8
148
9
J
443
30
279
476
87
319
329
68
16
192
140
296
60
304
77
2
360
307
79
255
438
225
5
410
462
456
53
158
469
451
446
449
