7
11
V
280
8
488
21
263
35
304
33
273
6
321
33
198
35
166
13
10
35
W
280
6
312
45
217
36
333
11
59
15
5
11
36
46
S
300
15
276
5
436
19
457
14
203
8
341
4
289
17
91
6
354
15
21
5
20
7
280
8
81
6
30
17
215
6
103
2
Y
340
10
90
26
117
28
178
11
452
32
322
0
285
14
25
12
149
34
433
7
431
20
B
100
6
238
6
271
12
254
13
310
1
22
15
445
6
H
100
10
142
2
155
5
402
3
454
2
127
7
262
3
320
0
296
5
61
8
75
1
O
260
12
189
0
42
20
422
13
18
21
116
15
396
19
68
18
284
9
346
20
364
19
458
16
241
8
L
260
16
393
13
251
3
176
0
1
13
270
0
459
5
76
15
67
9
460
6
104
4
152
5
309
3
397
7
98
15
164
2
192
2
A
220
17
439
4
209
12
115
2
131
3
490
0
448
6
450
9
475
0
125
7
269
12
200
0
151
8
423
9
451
2
495
4
233
4
2
8
R
220
14
99
8
106
8
31
12
92
8
146
5
323
12
46
3
449
8
297
3
71
14
175
12
352
9
435
15
376
13
N
260
7
73
16
221
10
462
25
486
36
202
28
424
25
384
0
A
451
26
67
10
462
73
176
178
92
71
435
270
20
397
457
310
116
263
273
384
75
127
221
333
46
202
289
424
