7
15
S
180
9
298
2
233
6
27
12
464
13
292
11
439
12
461
14
94
17
131
15
Q
180
7
61
0
332
23
469
10
88
20
129
16
280
16
118
19
N
160
19
251
0
7
5
241
7
161
0
29
1
288
3
250
5
264
2
441
1
203
5
121
6
381
6
283
4
422
2
112
5
10
1
4
2
49
0
307
7
F
280
8
402
31
263
30
457
28
205
32
8
33
63
0
72
33
336
9
U
340
13
41
20
73
19
40
19
389
1
445
12
208
5
19
12
326
20
58
11
106
19
232
6
151
14
122
26
A
100
14
408
0
397
7
343
1
499
2
311
1
50
2
180
0
212
3
188
6
143
2
197
2
167
3
407
5
247
4
G
180
10
444
8
382
10
494
12
489
5
237
0
9
12
136
16
139
10
432
2
426
5
L
340
19
485
14
108
17
384
13
454
12
296
8
0
6
230
17
194
13
322
7
175
9
156
11
497
11
159
16
339
0
287
15
306
4
158
1
195
12
1
0
K
200
19
368
7
348
0
470
4
77
6
2
4
64
2
400
0
491
5
18
3
413
10
265
3
104
7
285
2
328
7
405
7
24
3
214
8
435
2
270
0
C
260
17
471
11
467
13
272
8
456
11
66
11
421
9
169
0
437
0
327
5
486
12
190
2
150
1
366
3
26
10
23
12
300
12
75
9
W
120
15
191
1
301
1
277
6
252
4
352
8
144
2
363
0
86
3
362
5
349
0
59
6
310
5
472
4
480
6
492
2
P
200
5
355
7
176
20
154
4
294
30
377
18
J
100
11
53
6
297
7
479
7
484
3
124
2
430
7
385
3
204
3
168
0
189
7
22
8
V
240
14
394
13
57
3
409
3
14
15
359
13
330
14
302
8
91
14
222
7
183
0
429
10
231
16
279
5
325
8
X
320
3
67
56
20
25
228
78
A
407
33
479
191
277
422
14
265
0
454
264
489
470
472
241
23
194
205
457
108
231
233
405
168
287
297
439
169
22
104
7
336
8
298
402
