7
23
Q
140
3
208
26
3
45
304
1
O
380
6
266
58
50
51
295
41
455
0
495
33
479
56
M
300
10
18
14
115
8
273
27
453
9
416
24
159
22
387
21
230
22
408
0
263
14
U
320
7
192
15
166
30
161
3
319
8
434
37
390
16
342
3
A
220
12
235
0
28
4
259
2
54
3
86
5
389
15
37
2
452
5
301
15
480
11
297
5
322
10
P
340
8
289
6
270
31
105
34
352
12
339
18
484
40
334
30
257
26
N
380
9
486
42
405
31
287
19
396
10
303
0
470
40
239
9
139
11
381
37
W
280
7
471
13
425
39
276
0
332
23
255
18
325
4
373
10
F
260
16
27
9
140
16
52
12
445
1
317
6
300
9
56
15
107
7
148
16
382
16
265
1
475
14
164
13
228
4
53
8
358
12
B
240
3
465
65
114
76
199
69
H
380
19
420
7
222
19
117
10
36
7
404
20
125
11
402
14
361
9
189
19
172
20
214
9
16
6
240
10
485
17
34
13
88
10
26
20
497
3
340
18
E
200
3
55
63
116
3
204
28
J
300
12
43
6
48
20
473
20
94
23
439
24
226
4
205
6
130
12
323
10
351
0
212
25
237
8
Y
360
17
13
13
89
15
488
10
415
5
179
21
336
3
468
13
185
14
260
10
193
20
63
14
374
13
272
4
419
16
162
8
47
21
84
12
D
160
18
368
2
316
5
446
7
376
3
181
6
360
0
307
6
66
1
338
3
142
4
417
0
184
2
6
3
275
2
74
6
246
2
174
4
227
4
G
320
17
363
2
418
9
384
8
30
8
370
13
423
3
433
18
160
8
183
0
85
11
406
7
238
8
294
10
1
14
443
9
81
5
229
6
C
120
7
328
13
348
17
173
6
392
3
218
10
119
8
11
1
K
240
16
135
13
355
4
261
13
378
0
111
4
198
1
72
3
97
5
293
4
0
14
153
3
221
0
380
9
312
3
2
8
247
4
T
260
8
61
30
256
11
494
3
4
13
462
0
254
26
118
17
78
25
S
200
6
131
13
292
10
284
26
147
18
156
19
39
12
X
300
4
472
51
169
27
110
39
282
27
L
340
14
187
21
132
8
252
24
244
7
75
10
337
17
112
17
383
17
345
9
309
19
394
18
437
24
491
3
95
13
Z
320
3
440
90
146
87
460
5
H
420
5
66
212
342
75
235
