7
5
E
180
18
285
5
6
1
65
5
298
5
104
9
207
9
196
6
411
5
26
1
61
8
94
1
327
6
93
9
274
10
97
7
384
7
355
1
101
6
Z
280
11
226
13
67
19
370
21
138
14
231
17
482
3
249
24
206
0
490
22
136
12
418
1
C
240
13
241
17
201
12
401
15
461
5
358
9
20
3
144
10
307
12
233
10
238
3
474
1
386
4
439
18
J
360
5
212
44
245
37
221
49
438
61
261
57
S
100
13
325
0
331
2
202
1
374
7
383
0
251
1
430
1
403
2
436
6
236
5
400
7
365
4
34
2
S
236
17
94
307
136
26
327
207
97
285
298
67
233
20
411
201
104
6
212
