7
21
U
360
17
226
0
258
6
90
0
48
16
181
21
156
10
46
20
162
12
178
16
231
16
279
12
465
9
125
0
67
16
163
18
220
14
493
1
L
340
19
135
1
422
7
280
7
157
9
408
7
432
10
232
7
113
12
358
2
443
7
424
15
303
5
17
11
468
16
316
8
380
16
95
1
475
17
169
10
S
340
5
410
13
222
46
478
47
254
58
393
52
B
260
12
108
15
205
15
127
2
217
7
352
11
137
16
177
21
385
4
495
10
50
12
248
8
36
9
M
340
8
302
39
107
34
147
26
330
10
138
36
394
32
98
36
25
30
Y
100
18
418
4
74
1
307
2
71
1
154
4
289
3
208
3
439
2
225
4
299
2
202
1
171
1
15
2
492
1
349
5
483
5
407
4
459
4
Q
160
17
144
3
377
4
445
0
26
4
460
4
485
2
93
1
437
8
434
9
300
9
386
1
86
2
76
9
20
0
326
1
343
6
193
2
V
160
13
33
8
52
12
186
0
211
7
374
6
497
10
267
4
190
7
101
2
212
11
304
9
369
3
116
11
X
300
16
97
12
384
0
64
11
333
12
166
0
266
12
61
4
433
5
262
11
390
1
431
10
312
9
119
6
256
16
185
17
218
0
T
320
6
91
33
444
38
173
15
131
21
456
38
449
42
J
200
10
348
13
255
2
92
1
199
19
183
2
96
12
458
0
401
5
441
13
42
15
E
320
10
176
1
331
13
0
31
368
10
223
24
272
2
436
30
8
2
308
18
277
28
H
300
4
164
20
375
22
453
34
470
11
C
280
17
499
14
496
5
450
3
311
6
339
1
249
1
350
3
243
1
313
1
73
7
3
2
111
8
351
0
224
0
355
13
13
8
489
4
N
200
5
415
31
239
37
473
10
160
24
297
14
D
180
13
373
10
99
12
479
13
21
12
191
1
115
3
463
10
84
0
210
7
414
7
152
11
440
3
29
2
A
360
17
490
0
247
9
296
8
151
13
216
8
268
13
219
14
27
3
251
11
35
14
294
0
309
2
270
20
435
19
345
1
438
4
201
16
I
120
7
88
17
68
6
51
1
269
16
242
12
290
11
129
12
Z
200
11
388
10
395
17
488
0
60
6
5
9
236
17
338
2
419
12
329
13
371
7
192
11
G
160
16
429
5
364
9
391
5
23
8
276
3
284
2
314
4
69
9
476
9
246
4
182
3
180
9
165
9
94
5
57
1
63
1
R
360
13
32
8
120
14
81
2
392
27
38
13
336
26
215
12
244
8
416
19
53
4
474
3
221
8
188
21
U
48
16
388
249
224
339
316
127
15
450
17
254
435
345
410
51
129
307
