7
18
Q
240
7
111
29
452
3
418
17
95
33
160
15
299
16
19
5
O
220
19
242
1
383
0
127
6
373
10
355
8
252
4
447
8
22
8
302
10
331
10
457
5
316
1
25
8
153
4
101
8
210
0
368
6
152
9
314
1
M
280
14
269
4
217
5
429
2
420
6
363
19
327
13
241
8
271
10
490
18
132
17
284
15
267
18
72
7
176
20
B
260
12
32
6
254
0
110
16
379
16
124
18
263
3
385
0
55
8
337
2
117
16
277
1
26
11
X
320
3
173
61
430
5
42
73
K
140
14
45
7
370
5
208
1
466
0
472
4
90
2
354
6
232
5
68
7
474
2
190
7
431
7
164
10
37
2
H
380
3
445
105
49
103
476
121
A
300
10
306
21
351
27
322
25
205
0
382
17
56
20
204
22
77
1
283
17
192
14
G
120
18
120
5
159
3
222
3
126
2
292
5
174
5
444
5
387
2
151
0
100
4
495
0
18
1
276
6
35
3
333
5
470
5
448
3
493
5
Y
260
17
244
13
142
11
73
15
408
10
468
1
477
14
334
1
163
6
442
2
92
3
285
14
229
3
59
6
381
6
473
15
460
15
412
2
J
340
15
375
14
48
5
70
3
260
11
240
21
94
1
258
17
403
18
21
18
180
9
396
8
309
10
394
18
308
2
171
18
F
140
11
112
12
147
11
361
0
294
6
362
2
238
3
20
5
480
11
239
10
119
2
347
2
T
100
17
273
4
83
5
65
4
167
4
372
5
328
2
40
0
384
4
317
1
7
5
215
3
486
4
57
5
463
2
491
2
360
3
212
4
S
300
4
107
68
211
43
280
21
34
2
P
140
15
99
3
349
1
28
9
47
7
172
2
220
7
88
8
343
9
288
0
369
9
108
7
406
3
128
8
249
1
97
7
R
120
10
301
3
388
9
87
4
193
7
439
7
31
10
231
8
345
2
93
3
281
3
I
220
8
41
24
245
16
397
2
137
7
139
6
228
0
17
25
255
9
V
300
5
248
23
213
25
135
2
105
13
169
12
H
445
9
65
408
42
77
126
73
360
248
448
