7
25
Q
300
17
70
9
16
7
196
9
54
14
38
0
460
7
15
7
227
10
47
9
488
9
351
5
332
4
403
17
107
1
90
7
226
13
266
13
G
320
17
356
14
9
15
147
15
419
17
398
18
127
7
381
13
479
0
390
14
180
7
451
12
142
7
296
18
304
12
1
3
190
8
383
12
X
200
6
194
8
163
4
387
1
171
8
243
4
468
25
B
120
10
360
0
99
2
443
3
386
10
186
4
401
4
448
12
285
8
205
3
111
1
L
300
15
484
1
431
8
392
6
187
3
482
9
416
14
255
8
177
5
486
19
320
7
319
0
370
8
30
15
481
14
114
13
O
180
19
157
8
499
4
214
1
132
2
206
1
307
8
252
8
162
2
396
7
487
2
405
1
262
0
122
2
145
8
240
4
137
1
176
7
423
1
250
9
R
140
4
300
16
334
31
85
19
182
25
N
160
13
123
12
245
3
53
2
350
9
89
2
212
9
409
1
461
0
475
9
394
0
464
0
29
12
152
1
J
220
12
287
1
410
4
259
14
159
2
283
0
5
16
343
15
156
14
374
2
414
17
454
5
459
11
H
180
3
317
54
455
17
201
27
I
340
6
491
22
318
0
211
6
256
44
18
49
440
48
S
240
10
223
8
436
16
246
11
435
18
302
13
20
2
117
16
174
13
198
4
445
20
W
280
4
45
7
362
32
371
7
492
53
T
200
5
292
10
340
14
462
21
67
30
130
17
K
260
8
426
24
79
18
254
6
294
30
179
6
224
30
335
21
125
12
A
160
7
119
21
44
15
21
20
434
3
355
0
471
12
291
0
M
360
3
23
115
277
33
422
12
F
120
5
345
17
388
22
257
20
315
17
418
24
Y
140
8
8
11
6
12
458
4
109
1
199
6
103
6
308
8
474
8
D
220
5
311
9
269
22
365
40
272
40
135
38
P
140
17
349
7
429
1
267
6
441
8
265
0
279
7
232
4
56
3
231
4
299
3
301
1
60
3
237
5
297
0
281
7
59
7
75
7
Z
220
5
14
34
128
41
336
0
276
25
344
10
C
260
17
496
6
78
10
327
6
415
11
271
11
406
0
357
11
19
2
248
2
73
15
26
15
306
5
372
12
424
10
193
8
450
8
158
12
U
260
17
141
5
427
8
463
11
400
10
253
1
97
4
457
11
116
0
437
13
80
0
104
9
373
4
402
9
235
10
49
15
173
13
298
4
E
300
11
367
25
172
6
359
23
161
2
153
11
233
27
188
13
236
15
203
0
222
2
303
14
D
365
15
231
147
109
179
454
190
257
424
53
186
199
335
245
302
262
