7
12
T
300
5
211
31
139
20
291
44
15
44
36
51
G
140
11
421
10
275
11
149
11
204
2
163
0
461
0
452
8
134
10
34
10
451
12
66
12
W
360
11
72
14
479
13
463
18
455
27
152
10
89
11
446
19
347
17
375
24
491
28
141
10
A
280
9
88
23
289
17
405
29
1
22
16
13
202
9
345
4
319
10
241
27
U
300
14
408
14
393
1
121
5
270
5
94
10
125
13
96
16
87
4
277
10
268
7
286
13
158
8
10
7
81
2
C
360
13
80
26
397
11
142
23
39
1
385
15
228
6
282
24
156
1
266
6
325
7
469
25
417
1
267
17
Y
200
9
206
14
337
3
194
17
358
17
372
14
68
5
234
7
60
20
423
15
D
120
19
327
4
210
2
33
0
116
4
394
1
493
5
497
3
390
4
484
3
331
5
181
1
426
6
321
3
217
1
18
3
28
0
454
1
265
5
460
1
K
100
6
226
4
363
6
458
13
293
12
144
4
258
1
F
240
11
56
2
64
2
188
17
58
5
172
10
162
3
376
12
431
16
167
2
208
10
25
13
S
140
16
232
5
190
1
177
6
126
0
137
4
352
0
108
2
387
3
395
3
418
1
468
7
287
2
130
7
273
6
236
7
379
7
M
320
19
63
6
309
5
432
7
145
12
290
10
419
9
437
12
439
11
316
1
314
3
115
5
353
2
118
6
322
15
95
11
348
7
171
5
239
11
140
1
F
208
19
491
202
394
348
108
358
18
327
232
134
461
66
149
458
206
273
81
33
181
