7
7
C
160
17
170
3
343
6
86
2
362
0
106
5
14
0
60
6
439
6
432
1
139
1
249
9
225
2
299
3
335
5
247
9
100
9
138
5
M
220
10
475
16
19
19
279
4
414
5
378
1
103
21
164
17
7
6
366
1
34
9
L
260
14
379
12
63
9
162
0
266
17
435
15
140
11
232
11
147
16
457
4
496
13
199
9
5
18
275
13
270
0
A
160
19
229
1
6
0
261
4
24
8
75
4
447
3
221
6
449
2
93
3
206
7
126
5
236
4
338
5
264
1
493
8
54
6
267
7
365
0
191
4
H
180
13
216
9
385
12
448
7
224
4
134
4
286
2
95
0
213
1
92
9
372
8
408
6
168
11
393
4
V
340
10
66
27
434
27
390
32
352
29
33
27
101
16
488
31
82
10
348
19
440
18
R
360
10
159
24
451
6
41
5
480
29
116
34
315
20
55
4
462
1
490
11
94
15
L
140
3
393
365
106
