7
10
V
260
14
311
8
393
5
339
6
374
11
103
13
234
0
489
5
417
8
407
6
150
11
179
13
24
1
147
0
137
10
P
120
19
386
6
346
4
126
5
161
6
117
5
19
5
467
2
215
6
380
1
82
4
194
4
85
6
50
6
204
2
317
5
482
3
428
1
438
5
145
5
F
200
6
22
19
225
32
0
19
356
25
250
12
253
27
R
140
19
475
5
200
7
49
1
66
3
446
6
167
3
124
4
6
2
228
1
323
3
270
4
309
4
118
2
254
5
196
4
281
5
401
5
38
7
68
3
W
120
10
271
7
412
1
61
5
351
2
390
9
365
11
65
4
251
7
210
3
157
2
I
340
16
46
1
378
17
230
21
375
10
274
0
213
4
35
7
497
2
458
21
473
13
9
0
37
10
244
7
452
6
416
2
216
20
M
140
16
16
8
97
5
197
0
300
1
115
5
290
2
275
6
329
3
387
3
480
4
423
1
296
8
350
4
291
2
429
5
169
2
D
380
9
4
14
88
39
206
3
408
11
297
13
235
5
276
33
155
29
470
25
Y
300
8
474
27
277
4
358
31
221
34
305
14
432
31
201
31
106
7
C
360
18
74
2
258
15
371
10
336
7
190
16
469
1
152
5
472
14
425
16
29
13
83
16
164
3
441
19
448
13
397
12
382
20
141
6
140
19
I
274
25
88
412
258
106
475
24
311
311
397
275
197
228
291
276
448
24
371
179
374
386
83
16
200
480
290
