7
16
C
300
18
121
7
443
3
277
7
126
15
371
3
139
6
206
6
247
15
239
11
26
11
415
10
499
3
399
13
340
12
377
11
308
10
57
11
339
1
F
160
5
337
9
246
2
413
12
373
14
274
9
N
360
3
116
105
89
47
404
50
J
160
15
284
9
323
8
307
0
436
3
174
9
193
3
0
6
465
2
19
5
159
5
363
5
39
8
58
8
278
10
93
8
W
340
12
306
13
366
16
114
3
369
10
209
9
466
9
472
4
2
12
84
12
190
10
346
17
214
24
T
200
3
312
8
461
35
176
19
P
160
12
396
13
493
1
184
2
221
10
282
8
120
8
12
8
390
3
136
4
389
2
452
6
75
0
S
340
15
393
16
133
7
444
3
177
10
40
0
495
16
145
2
103
22
1
4
427
16
286
9
18
22
447
10
361
16
141
14
A
300
18
6
1
249
16
334
14
367
14
434
8
66
2
357
14
119
11
462
13
212
14
441
5
382
14
456
1
348
2
433
10
17
12
185
6
359
16
V
160
9
362
6
95
8
243
9
225
15
201
14
167
14
266
8
267
6
134
7
I
260
8
241
31
459
20
313
23
448
26
381
24
23
25
191
23
423
7
K
200
10
258
3
124
12
418
4
318
0
464
20
428
7
91
19
147
6
397
14
281
10
X
160
10
144
10
250
12
188
13
488
9
99
8
230
2
455
2
203
7
205
9
497
13
H
280
12
131
12
486
3
417
23
160
23
163
23
94
4
322
12
113
19
70
10
128
9
20
23
189
22
R
200
12
412
16
451
14
492
14
409
7
168
5
471
2
329
1
226
1
164
10
280
1
215
1
204
7
Z
300
17
142
9
118
0
28
12
166
11
303
11
152
2
54
17
271
10
244
8
483
8
100
17
251
17
180
11
467
5
350
12
105
0
264
14
C
247
9
418
361
258
404
472
128
362
100
322
