7
5
L
260
16
401
8
207
10
248
14
366
6
304
8
7
11
411
13
70
7
147
0
278
13
173
2
377
6
185
11
26
2
259
14
454
2
F
260
10
298
21
182
19
450
23
113
3
408
25
446
8
275
4
188
19
261
18
461
8
R
300
15
421
11
0
7
122
7
346
15
336
4
488
18
292
1
490
10
291
2
308
10
263
7
56
6
497
8
240
0
178
8
O
100
14
8
7
82
4
25
2
172
5
449
6
145
3
482
1
270
2
276
2
41
0
236
3
134
7
60
4
133
7
A
360
14
440
13
85
3
361
19
177
11
289
12
414
9
121
0
87
7
397
5
100
0
295
2
425
5
11
22
146
15
O
41
32
261
361
275
7
185
113
397
497
446
397
177
261
446
70
490
298
425
121
461
411
275
292
414
188
408
178
461
304
100
240
411
147
