7
18
U
360
19
422
3
146
13
330
18
487
4
270
0
256
11
151
10
230
14
111
17
357
6
340
15
332
2
250
6
320
15
167
0
201
12
84
8
261
14
467
2
Q
320
5
121
44
289
45
53
49
186
43
39
16
G
140
13
82
7
361
9
243
5
19
5
22
5
32
7
482
10
418
6
259
3
383
1
33
0
442
9
135
7
J
380
10
461
23
37
2
333
15
224
11
104
20
127
19
193
21
446
33
294
13
435
4
T
200
10
411
6
335
10
222
11
12
2
325
13
448
6
328
9
444
5
228
3
379
18
V
100
13
98
0
159
7
291
3
345
5
162
1
142
0
296
7
404
2
317
0
197
4
396
2
130
6
430
7
W
300
19
244
10
493
15
105
10
192
12
417
10
65
7
70
10
483
7
220
3
139
10
309
13
69
8
462
15
374
9
35
1
286
13
449
15
171
8
478
2
D
220
9
299
5
421
11
306
14
144
24
187
14
103
15
310
24
156
8
288
23
P
120
13
217
3
497
4
464
9
173
8
341
8
466
0
79
5
125
1
255
3
438
7
20
2
415
2
112
7
A
120
10
491
6
114
2
199
8
23
11
252
9
205
5
488
8
312
7
234
10
426
4
B
320
10
119
12
433
9
2
11
314
5
376
15
318
6
88
11
498
8
198
2
235
10
R
120
9
161
6
337
7
68
7
184
9
428
8
445
5
378
9
277
6
183
5
E
300
11
297
19
401
5
131
0
474
25
329
7
350
26
273
17
266
2
290
24
76
27
55
24
F
260
7
36
30
249
22
338
25
362
11
10
8
293
36
305
30
M
200
5
158
34
120
20
307
30
231
27
304
21
X
240
6
129
34
115
32
60
34
0
33
63
5
31
21
C
300
17
108
7
372
4
133
13
402
6
393
17
136
16
4
11
359
0
392
2
143
12
3
13
56
14
238
5
432
11
226
16
154
1
366
1
Y
280
15
331
17
485
4
87
13
179
10
278
9
78
17
44
11
473
16
96
2
189
12
434
10
223
9
93
16
30
14
354
7
P
173
14
418
231
259
493
392
286
162
449
119
294
171
144
143
314
