7
13
T
160
4
57
2
164
15
497
17
65
6
L
220
4
136
29
158
20
33
17
224
53
H
360
10
119
19
251
30
396
15
42
2
225
16
258
28
129
32
117
24
23
14
178
10
X
320
16
409
16
400
20
479
10
338
13
182
11
484
8
360
11
450
10
26
8
255
8
335
7
122
12
481
16
454
20
206
6
461
1
G
160
9
211
11
331
2
172
12
148
7
179
6
124
8
99
2
315
0
349
2
I
180
11
53
14
232
12
207
13
308
10
275
15
138
16
97
0
465
4
352
2
441
11
344
15
Z
180
4
380
13
215
20
226
29
295
26
Q
260
11
83
13
134
5
69
1
405
4
429
23
34
2
284
8
491
0
273
19
443
9
167
15
U
180
3
5
33
310
15
408
43
F
360
8
176
37
93
1
386
12
248
44
417
4
112
5
239
23
265
15
Y
360
8
460
24
473
34
256
20
28
18
322
17
3
37
120
23
113
38
D
120
16
142
6
354
1
404
2
402
6
452
3
15
2
85
7
286
4
118
7
235
4
388
4
282
6
147
6
154
2
200
1
488
2
K
140
11
263
6
390
5
426
9
312
8
43
2
188
8
277
8
108
8
152
9
41
8
487
6
D
286
30
479
239
331
487
408
429
256
454
34
275
57
308
400
215
349
390
113
497
41
461
172
120
97
69
460
119
409
312
23
265
