7
17
R
100
3
288
2
428
9
323
15
T
200
13
479
7
335
3
107
4
100
0
77
15
280
14
256
15
384
0
372
10
374
11
137
3
147
1
16
0
Q
380
15
104
1
493
22
476
10
473
13
459
10
64
7
200
5
394
1
205
15
125
11
437
4
42
21
483
2
209
2
433
8
W
280
14
261
14
234
6
179
15
298
9
480
2
129
19
3
17
350
2
333
16
94
9
492
16
22
4
448
8
400
10
P
240
15
170
12
172
1
360
9
98
14
260
5
282
9
59
6
207
15
153
12
54
9
281
15
198
2
488
1
436
4
449
7
K
240
12
31
19
469
18
28
9
4
10
353
0
235
3
357
16
233
20
457
19
325
17
75
0
169
3
H
180
6
307
9
162
12
456
12
339
13
487
15
393
14
S
140
15
237
9
9
8
472
5
25
4
311
6
397
0
482
3
212
9
345
1
0
3
63
9
20
2
164
2
27
2
10
0
Y
220
10
355
5
342
13
202
12
228
1
149
22
62
21
276
6
484
2
175
12
490
6
L
260
17
211
1
399
5
96
3
279
11
33
1
491
0
425
13
136
10
495
2
263
5
127
15
176
2
380
15
361
0
12
6
173
12
321
8
O
320
17
65
6
178
2
302
11
271
1
142
5
230
8
141
6
109
5
331
6
358
3
21
10
274
18
223
18
352
16
290
7
214
18
81
9
C
360
16
91
10
73
10
388
15
47
20
273
2
40
10
249
9
89
2
124
12
427
10
257
19
414
13
151
16
379
5
326
2
41
20
B
300
19
418
6
354
3
126
0
56
3
486
3
470
10
295
5
39
12
262
0
370
9
82
6
139
1
334
7
5
1
11
2
293
8
83
15
144
11
382
11
M
220
3
154
7
194
22
37
2
D
340
7
30
43
68
3
103
13
14
8
432
37
236
15
43
45
F
200
9
133
12
55
1
475
4
244
0
226
12
168
19
171
22
191
8
386
13
Z
180
7
434
4
221
20
181
17
270
25
317
15
222
13
289
0
K
325
8
280
261
129
162
490
374
139
335
