7
18
P
380
19
498
15
452
3
206
3
179
2
385
13
218
16
269
14
364
4
178
0
296
18
84
10
497
6
484
5
367
19
401
6
99
14
163
9
395
11
193
4
O
140
8
487
13
383
14
253
17
182
14
390
1
451
2
442
11
161
6
Q
320
7
332
4
429
5
349
35
225
7
173
0
176
20
194
21
L
220
15
466
7
447
5
110
6
209
4
361
10
358
4
423
9
283
7
93
3
228
12
247
4
264
10
287
3
181
11
118
12
T
220
8
495
8
210
9
190
5
55
16
23
25
271
16
13
20
334
3
E
220
19
479
11
59
3
138
4
217
10
415
11
145
6
78
5
449
0
37
0
278
4
234
8
87
1
381
9
20
11
81
3
441
10
12
6
323
5
208
6
S
140
11
488
4
463
12
245
0
31
7
335
0
5
0
378
8
224
8
143
2
64
12
365
0
W
340
7
97
18
205
2
469
12
432
32
472
46
294
23
149
7
D
120
5
342
21
156
14
371
21
311
9
306
3
N
140
10
406
8
155
14
350
13
140
11
274
2
400
10
222
3
427
0
341
10
107
12
F
360
6
413
5
445
18
474
16
312
56
392
57
238
59
M
100
3
232
12
160
17
370
15
K
180
18
301
3
27
10
68
7
72
5
151
1
343
1
142
2
404
1
408
2
260
10
154
2
3
9
28
5
258
7
39
6
54
8
303
8
17
6
C
120
11
122
8
354
7
431
7
410
2
470
0
412
6
0
5
496
9
299
6
4
8
242
5
A
260
11
77
19
212
17
333
11
320
23
141
1
405
21
128
3
41
10
418
21
290
3
196
23
R
100
14
106
2
315
4
112
1
486
6
51
7
388
2
60
3
250
0
329
5
461
5
471
5
356
7
159
2
397
1
X
100
19
309
3
189
5
85
4
21
5
230
5
91
3
380
0
47
0
407
5
483
2
75
0
328
0
435
0
322
3
148
0
174
3
29
1
191
0
491
4
U
380
11
425
20
259
23
32
14
338
28
113
16
167
24
82
8
175
19
211
8
394
30
263
19
C
410
31
208
154
474
178
370
349
210
160
294
380
154
5
72
349
401
247
365
160
381
484
181
342
442
306
334
106
296
182
449
278
181
