7
4
E
260
14
168
0
447
15
250
6
375
5
139
16
306
16
272
14
420
3
90
6
475
4
409
7
427
6
357
3
132
0
I
240
10
119
10
200
6
88
4
164
11
485
11
384
22
434
7
274
23
441
17
238
11
W
220
19
80
2
6
7
491
6
353
0
402
10
478
9
30
2
78
0
233
5
117
8
426
4
360
4
326
9
277
0
134
2
193
8
9
7
258
6
470
3
H
160
15
173
2
121
5
228
0
242
9
8
4
125
8
213
4
181
2
112
4
304
10
354
4
127
2
387
10
176
5
407
1
I
485
24
475
6
387
426
242
491
447
233
387
470
9
139
354
78
354
168
420
409
90
228
30
426
134
478
