7
14
B
340
10
244
9
60
6
93
13
208
10
330
7
352
23
247
20
348
33
416
2
296
28
Y
260
15
455
6
391
5
237
4
235
10
363
12
272
8
160
2
135
12
184
2
478
12
394
14
115
2
101
10
76
15
13
0
T
120
14
138
5
253
7
44
3
450
6
133
5
239
2
331
4
225
1
119
0
377
0
70
2
417
2
103
6
492
1
N
280
13
85
10
121
7
400
5
354
10
365
20
110
3
43
8
306
14
493
7
246
17
481
3
55
1
295
8
Z
240
15
137
8
424
0
113
1
123
15
383
16
497
5
3
15
204
16
107
14
0
2
195
16
355
16
280
12
32
11
168
9
R
360
7
18
24
16
19
252
7
388
1
305
14
192
28
19
31
Q
280
18
243
5
386
12
458
10
441
8
173
12
126
10
403
4
479
5
415
7
299
8
142
7
153
12
136
8
335
9
21
5
276
11
185
4
203
1
L
100
5
250
19
428
17
310
17
275
18
360
0
W
240
3
438
48
334
9
146
48
E
140
10
28
12
22
11
217
6
351
12
425
10
210
14
34
13
457
6
174
0
23
14
V
200
10
242
14
446
17
249
16
164
16
265
7
162
11
194
6
2
14
432
16
384
9
U
340
10
183
19
283
15
454
30
328
21
325
29
222
15
57
11
262
29
336
33
464
19
M
340
11
124
12
139
14
190
18
99
9
129
10
321
17
163
9
451
5
399
25
117
13
255
5
C
140
8
496
15
498
13
230
1
67
12
392
8
298
5
301
3
422
3
Y
391
15
225
438
428
454
403
464
450
457
153
18
306
262
386
383
305
