7
17
S
340
18
276
13
453
8
340
12
296
8
207
13
451
7
210
15
248
17
204
11
257
18
472
1
166
2
348
18
162
13
49
16
180
7
145
8
423
6
H
300
10
459
28
434
24
245
26
110
19
291
4
284
24
174
15
138
10
424
23
326
29
V
280
19
201
13
108
8
33
1
167
9
272
1
321
0
79
10
113
10
373
8
122
3
28
3
433
12
141
5
131
8
370
11
165
1
395
11
361
1
214
4
K
260
15
181
3
415
14
330
4
450
1
311
5
172
16
121
14
327
4
278
13
29
5
27
10
350
6
430
7
287
12
488
0
X
140
17
337
0
17
5
324
3
441
2
319
8
184
3
55
4
117
2
87
3
309
4
50
3
242
7
465
3
485
5
474
5
228
2
317
5
C
200
15
304
10
382
11
109
10
378
12
380
4
492
9
252
9
238
11
289
2
63
13
362
3
57
0
105
2
140
10
310
9
F
320
9
308
13
135
10
80
23
355
29
97
27
473
16
179
29
398
8
364
35
L
140
11
119
7
129
11
416
7
497
1
374
3
468
12
21
0
495
3
274
6
403
11
202
1
Q
300
15
426
13
237
15
39
8
407
1
53
4
484
13
410
4
193
10
98
20
329
9
471
3
470
5
265
9
132
15
11
12
R
360
16
422
19
279
13
271
3
425
16
118
19
283
11
368
8
194
8
406
19
70
1
225
4
386
22
44
4
359
9
155
22
2
2
Y
100
15
81
2
400
1
351
5
128
4
23
3
390
0
182
4
89
1
133
4
22
1
288
5
219
6
101
5
298
0
294
3
M
380
18
418
17
254
14
8
19
299
7
461
9
253
21
83
20
1
5
437
5
332
11
26
5
220
0
413
1
458
7
243
15
476
10
209
2
36
6
W
160
12
438
12
32
11
328
12
198
2
196
2
144
4
197
0
234
4
444
4
475
1
349
11
123
2
I
240
12
295
6
493
2
41
1
61
20
149
15
72
4
466
0
126
7
90
13
227
8
233
9
419
16
U
300
7
363
13
195
15
411
17
186
39
323
33
159
25
345
38
G
380
7
246
10
223
19
414
32
456
37
256
1
13
47
115
3
T
120
10
249
8
130
12
496
3
18
12
464
1
82
8
94
0
455
11
399
3
421
4
V
167
18
180
57
219
399
461
294
1
246
332
340
299
349
271
485
50
242
450
132
