7
18
B
200
10
58
10
498
3
183
19
115
3
70
2
222
13
164
10
356
9
454
2
465
16
J
180
12
229
3
226
7
116
3
467
14
120
6
402
8
189
8
298
7
150
1
453
6
24
14
481
10
Q
200
12
269
2
293
14
130
7
372
9
340
12
235
6
251
13
323
12
1
0
400
7
15
0
57
15
U
380
9
118
31
105
38
228
11
359
24
77
31
177
32
227
28
254
19
443
41
H
300
11
107
26
289
15
38
14
176
25
463
0
275
10
327
21
194
25
59
25
3
5
281
2
Z
140
18
460
7
220
4
106
4
8
0
469
7
137
7
179
0
409
5
212
6
162
3
405
2
218
5
378
5
485
3
497
7
446
2
117
5
433
5
C
100
17
255
1
427
1
140
3
101
4
428
1
277
4
484
5
45
2
309
0
142
4
104
5
122
4
488
2
376
0
198
1
271
5
138
5
N
140
11
432
7
48
7
114
9
276
6
199
5
343
12
209
12
25
2
173
4
257
2
244
9
R
280
3
263
70
43
29
415
85
P
140
8
159
8
311
3
297
9
40
5
56
4
338
15
210
5
487
9
E
260
16
267
13
349
7
388
16
223
0
348
7
110
15
16
9
239
3
426
13
10
7
455
12
81
9
27
12
411
5
89
12
479
13
F
200
15
11
3
286
8
461
8
355
13
242
7
28
10
304
1
13
0
328
10
167
1
385
1
329
3
345
6
420
12
362
3
D
300
12
92
2
398
24
331
7
50
5
288
14
141
24
154
25
123
17
272
23
303
12
26
20
240
10
S
200
9
499
17
191
4
216
18
424
14
203
4
119
20
103
18
381
13
243
15
W
120
13
23
1
404
5
213
9
445
5
393
7
86
7
399
3
245
3
346
5
148
5
132
5
208
7
437
2
O
100
17
352
2
258
4
111
1
280
2
187
0
233
1
312
0
60
3
422
1
330
2
68
4
186
4
456
5
124
1
441
2
290
4
195
1
L
380
18
232
10
171
16
364
4
410
21
444
3
72
14
184
7
386
11
380
19
215
5
494
7
172
19
319
19
353
12
88
6
418
5
431
11
61
6
M
300
13
47
4
337
21
230
13
133
18
69
23
67
21
211
9
231
17
17
22
84
21
382
3
246
16
202
5
Q
372
27
107
240
255
243
304
497
25
215
50
398
40
213
162
142
242
116
281
38
386
424
61
289
433
290
319
77
467
