7
24
X
100
10
156
1
150
7
429
8
42
7
346
6
345
5
453
5
427
10
192
4
350
5
Z
120
11
459
2
212
10
168
5
389
9
88
9
309
4
367
8
230
0
31
7
421
2
75
4
Q
340
11
289
20
5
20
402
11
243
0
222
24
313
2
433
18
469
4
108
2
226
3
140
25
W
220
11
383
4
240
2
161
3
301
20
100
15
59
8
310
6
352
12
193
12
67
17
173
19
Y
220
14
36
2
56
12
364
4
179
8
137
3
307
8
28
11
314
1
66
8
446
15
181
7
86
9
344
6
200
3
U
300
7
266
22
238
38
51
25
279
15
18
24
333
5
202
18
O
160
3
434
33
399
12
191
8
V
280
11
233
12
117
25
172
8
210
18
365
2
312
14
342
13
10
11
356
6
461
6
493
24
H
120
8
466
4
331
7
68
4
396
11
82
3
294
5
196
10
478
6
P
100
15
160
6
277
2
90
0
71
1
250
6
217
1
339
0
419
6
450
2
203
2
134
1
395
6
351
2
95
3
176
1
F
140
9
81
1
72
12
377
4
174
0
237
3
335
5
111
2
448
13
288
12
M
180
4
247
26
272
29
182
15
263
31
E
260
4
274
17
65
34
481
23
106
29
I
160
17
293
7
214
3
130
8
153
5
162
8
91
6
190
2
473
9
242
4
483
1
425
2
122
6
306
9
334
8
45
0
319
4
99
6
A
160
17
21
1
423
8
494
6
44
6
80
7
252
6
50
5
349
6
332
1
154
1
133
7
235
8
479
5
387
5
167
7
327
0
136
7
J
300
9
223
33
37
0
458
6
271
17
407
7
29
6
268
21
128
21
390
18
G
260
15
83
11
269
14
330
2
53
4
207
2
3
10
371
16
234
10
186
4
251
7
159
12
58
17
424
4
326
17
188
3
B
280
12
198
13
236
5
129
21
302
13
465
17
462
7
464
23
374
7
146
14
16
22
359
22
426
0
D
240
10
164
1
273
3
131
17
406
14
199
24
416
1
79
13
257
24
220
12
20
1
T
260
16
19
14
372
5
485
2
139
14
422
9
23
10
248
16
27
4
373
13
143
6
24
3
363
10
101
1
33
2
175
3
496
7
R
140
3
166
12
440
26
165
27
N
100
10
219
8
87
5
488
6
475
2
360
4
278
7
499
6
413
0
283
5
4
5
C
180
10
110
4
299
0
227
9
73
0
151
10
321
0
428
17
17
11
451
15
386
4
L
220
8
14
18
9
1
489
22
343
11
460
5
436
27
400
18
412
21
U
51
22
200
68
272
153
424
396
483
167
165
19
66
451
406
339
465
4
460
81
489
433
419
332
