7
14
Z
100
13
352
5
253
4
266
6
404
2
365
4
204
7
250
1
29
3
102
7
491
6
105
0
278
1
397
0
F
300
19
391
9
430
2
377
15
317
4
453
15
173
1
488
9
470
8
258
14
206
10
101
6
157
7
97
8
131
3
179
15
87
5
238
14
229
2
344
13
Q
360
4
183
47
132
1
4
3
241
3
L
360
5
146
8
220
13
476
6
61
10
388
20
D
340
17
176
0
372
20
341
2
156
2
296
6
36
14
177
18
240
3
362
13
350
2
485
11
201
4
288
5
480
3
282
14
367
1
96
8
T
280
8
67
29
394
15
316
14
393
34
442
19
346
26
370
7
11
22
O
300
13
276
3
1
16
216
18
195
13
233
4
334
13
104
9
355
3
91
10
187
10
246
11
424
11
327
11
P
200
11
298
11
392
13
231
13
260
13
249
9
473
15
158
0
46
1
51
1
492
5
171
10
Y
180
16
236
6
22
6
415
2
121
0
406
10
125
2
99
1
92
2
26
6
402
4
184
4
314
2
375
7
320
3
269
0
15
5
G
300
3
222
44
284
31
214
4
W
140
13
213
3
155
3
20
0
226
10
257
9
329
9
461
0
434
5
338
0
8
3
311
3
307
2
110
8
J
160
3
65
9
280
13
152
29
E
140
16
332
5
191
3
124
4
381
2
390
4
420
1
336
0
210
0
39
7
90
7
163
1
464
5
486
0
462
7
293
2
299
4
I
200
9
407
14
405
21
474
1
363
2
60
3
444
13
283
20
252
13
379
14
E
90
21
15
388
1
317
394
213
29
363
231
283
284
241
276
92
179
131
222
434
391
375
367
