7
14
A
300
18
245
2
29
11
124
14
424
9
101
16
302
12
279
15
374
6
439
14
334
6
179
8
273
8
176
11
472
3
414
6
437
5
256
11
35
10
Y
100
13
406
7
480
3
20
1
243
3
98
0
286
5
491
3
21
0
287
4
87
1
301
0
200
7
462
2
D
240
16
108
1
368
8
299
1
270
12
211
15
159
11
6
4
274
5
436
3
305
15
137
11
393
6
323
6
223
9
242
9
93
10
S
200
19
471
8
44
8
464
9
453
7
481
8
48
9
160
1
369
6
392
10
106
0
118
0
438
1
99
4
212
10
86
5
140
6
26
10
386
9
236
10
N
240
15
474
9
496
7
121
2
477
10
122
16
51
16
319
0
239
14
325
15
383
16
347
8
57
14
67
1
263
14
210
1
R
200
17
316
3
24
8
2
6
186
2
468
9
171
0
463
2
163
8
431
0
112
9
79
1
295
5
5
8
384
11
360
1
333
6
321
6
O
140
9
332
10
269
12
3
14
415
13
306
0
371
5
267
0
409
3
277
5
H
180
17
389
8
235
9
247
5
423
1
395
6
494
6
104
7
154
4
17
6
8
7
385
10
459
6
486
2
233
5
351
9
156
5
168
1
M
380
9
354
23
40
20
117
27
107
37
396
2
447
7
47
17
394
0
370
41
F
260
11
42
18
262
9
4
2
485
12
350
9
78
6
271
12
96
4
499
17
81
5
129
23
C
360
10
421
17
220
12
430
12
261
32
66
23
126
13
341
32
7
29
145
26
433
7
T
200
16
309
7
363
7
382
5
348
7
340
4
416
9
41
6
475
12
372
5
251
3
450
7
185
11
37
12
64
11
15
1
488
4
X
360
4
381
63
63
19
196
69
221
21
I
240
4
142
41
324
22
440
15
328
11
O
277
29
247
301
486
168
142
302
386
179
386
21
47
263
154
24
235
416
93
351
66
142
406
423
499
395
439
316
63
168
462
