7
19
Q
220
15
481
1
155
10
419
10
183
3
426
12
79
7
90
7
251
10
3
10
11
4
145
10
230
11
311
3
468
12
390
6
C
280
18
21
5
30
10
485
6
252
2
304
15
8
8
464
8
201
7
295
8
98
2
398
10
323
8
228
0
234
10
104
15
377
6
70
3
313
10
J
240
14
456
15
2
6
331
15
397
7
366
9
380
16
83
17
418
4
157
2
97
10
27
12
238
7
277
12
404
1
Z
320
11
410
8
193
7
466
16
152
5
433
6
127
11
375
15
181
24
383
7
271
22
89
5
H
180
4
315
5
170
41
116
10
43
42
E
240
8
46
12
344
7
275
27
463
11
178
14
114
0
67
20
213
24
K
100
13
198
3
63
0
399
4
307
5
247
7
204
2
255
4
334
6
332
2
109
2
236
5
241
4
17
6
X
260
11
15
20
37
0
352
13
86
6
288
5
75
21
336
16
194
23
357
23
72
14
480
5
N
260
18
88
9
293
6
14
5
176
13
447
13
59
14
24
10
385
3
150
4
229
6
262
3
23
7
107
13
154
1
26
0
235
7
219
10
5
13
R
220
11
417
20
51
5
486
15
443
9
144
18
32
17
92
1
396
5
449
18
347
7
226
9
O
100
13
18
4
493
6
309
6
56
7
34
1
299
2
282
2
202
1
80
2
13
2
475
1
33
2
337
2
U
360
19
310
8
438
16
268
0
65
7
222
18
259
10
312
2
119
8
126
16
168
12
195
15
225
3
478
0
138
13
240
2
488
7
394
17
362
1
495
0
T
340
4
256
47
291
8
428
42
414
66
L
200
12
458
6
174
7
460
16
350
2
143
12
289
12
253
12
395
2
261
14
182
15
160
16
158
1
Y
220
12
416
5
451
10
156
12
432
17
244
8
115
11
60
4
401
18
267
9
413
2
172
5
369
14
V
120
4
164
24
425
11
384
24
388
11
A
200
10
165
14
314
10
38
11
287
11
35
7
402
8
231
12
335
13
208
19
68
16
G
360
3
284
23
391
89
379
117
M
160
3
496
49
212
14
148
27
H
116
29
481
334
394
35
432
2
402
51
195
83
18
5
115
332
98
396
80
357
226
271
114
157
438
56
21
34
334
397
225
