7
7
R
120
4
490
7
477
3
287
20
388
17
O
360
9
130
1
178
35
399
11
450
4
401
27
429
21
497
30
165
11
362
17
N
200
9
421
14
30
20
363
6
409
17
339
11
439
13
221
16
162
17
333
4
X
160
13
412
1
229
3
442
1
354
12
192
7
338
7
231
7
470
8
179
8
217
6
393
11
396
11
447
0
K
280
10
37
18
379
5
307
0
184
26
387
17
38
28
12
10
215
11
349
1
157
25
E
260
11
29
9
331
12
352
6
313
10
315
18
52
6
209
3
163
11
210
8
76
19
443
17
Z
380
5
90
11
47
66
150
71
81
30
20
71
E
29
19
409
363
497
192
447
450
450
363
338
184
38
287
354
30
287
38
38
47
412
