7
6
C
200
12
42
0
54
0
59
9
332
7
188
4
353
5
350
3
367
3
301
4
0
10
491
10
160
0
N
100
11
131
2
395
6
270
5
136
7
101
6
275
1
383
3
232
1
80
6
325
4
255
5
P
300
11
392
14
72
13
274
26
60
9
55
2
30
9
284
14
309
16
291
14
480
8
240
5
R
220
8
118
5
37
4
321
19
287
10
73
10
424
21
27
23
224
19
M
240
8
256
13
313
23
316
22
178
29
423
25
376
17
107
10
170
0
B
240
6
361
7
495
19
40
40
435
30
452
21
324
23
R
27
15
42
383
30
361
452
131
232
101
395
170
55
392
435
270
313
