7
20
X
160
13
157
12
156
4
241
7
332
6
401
10
138
5
137
11
297
12
252
7
316
3
417
1
23
9
212
4
Q
160
12
418
6
453
4
464
8
294
13
182
1
55
2
357
5
44
10
41
1
492
5
159
8
51
3
N
220
6
218
1
126
27
207
28
483
7
165
8
17
21
P
300
12
466
20
271
5
48
13
448
16
425
18
373
2
171
1
164
17
469
3
376
12
0
22
93
1
J
100
19
42
5
440
4
49
4
393
1
108
1
195
1
430
4
27
2
336
1
478
4
204
3
45
2
9
4
472
3
309
4
258
0
322
3
239
2
404
2
E
140
9
141
3
21
14
313
4
222
12
132
6
380
7
119
2
362
13
330
1
I
160
11
437
1
161
10
452
0
209
10
460
3
186
0
123
9
191
6
350
2
349
7
102
6
F
120
16
402
5
64
3
216
4
379
7
100
3
267
2
305
5
128
6
140
7
193
2
372
3
468
6
231
7
109
7
223
5
272
6
T
360
14
90
6
439
5
163
23
315
22
65
13
295
1
424
8
454
16
488
18
300
24
497
10
130
10
131
1
142
11
Y
120
7
307
17
84
5
228
3
293
1
458
14
364
4
476
5
D
280
17
498
2
274
12
487
2
292
11
449
10
363
4
170
6
71
15
371
12
386
0
459
11
201
4
54
11
106
11
257
0
398
1
444
11
K
140
7
99
20
154
0
205
11
249
20
143
15
83
4
136
19
H
160
18
242
4
105
0
124
7
111
8
408
7
447
1
275
5
230
4
63
0
337
2
479
3
406
2
172
5
91
3
248
8
311
8
36
2
3
0
U
380
9
353
29
253
21
69
37
221
9
377
18
409
37
419
37
177
15
149
11
O
360
11
162
0
435
4
43
26
308
18
340
30
194
26
155
13
412
0
75
13
296
11
461
27
V
280
14
211
13
270
20
92
3
7
2
396
17
486
10
173
16
382
10
39
16
25
2
360
19
489
10
265
8
442
0
A
120
5
457
10
318
8
104
22
67
17
13
16
R
140
10
450
12
158
5
323
11
306
13
341
5
314
0
347
11
125
4
202
1
22
1
S
160
12
94
2
196
3
477
4
88
0
107
11
117
13
215
13
333
1
217
9
429
5
183
2
263
5
W
220
7
144
30
331
16
422
4
38
3
61
17
120
31
240
29
R
158
21
487
71
194
231
333
271
41
51
444
318
55
265
164
193
13
212
205
398
476
67
42
