7
10
X
300
13
445
22
100
23
93
1
36
6
416
4
417
12
126
5
408
6
59
3
245
11
71
11
327
14
315
19
V
100
18
25
2
156
4
194
4
444
2
16
3
15
3
80
5
9
2
380
5
243
4
421
4
412
4
292
4
110
3
250
2
188
5
212
4
302
1
G
220
8
98
3
455
12
359
25
411
25
383
17
121
17
277
24
422
8
Q
220
12
482
2
339
10
333
17
41
10
130
12
433
12
95
15
356
12
276
14
347
13
124
1
346
13
D
240
12
409
18
348
6
334
8
7
2
322
16
196
13
420
10
407
9
363
6
316
14
225
20
369
0
E
200
7
92
17
385
21
56
21
136
28
338
22
376
7
193
28
W
180
12
382
7
33
14
233
2
337
5
5
3
341
0
431
9
58
4
44
11
331
0
441
15
238
1
J
200
4
389
23
26
44
171
44
415
11
R
340
15
223
15
443
10
222
18
295
15
21
2
197
14
224
21
462
18
174
11
330
16
83
17
158
3
430
8
492
5
374
11
B
260
4
272
30
214
6
460
10
131
50
R
374
7
385
380
359
334
225
408
93
