7
7
W
140
10
225
8
79
11
386
0
401
12
337
2
387
8
497
11
479
14
87
3
184
6
G
300
13
295
16
54
23
240
3
128
10
449
0
378
22
215
3
82
23
171
4
283
14
97
11
334
2
42
17
V
240
8
201
18
360
20
183
23
369
15
91
27
414
17
385
9
259
28
X
240
7
458
14
162
24
336
4
176
16
29
2
216
22
260
2
O
160
14
77
10
286
6
304
7
212
7
407
9
83
11
72
8
200
7
118
0
40
5
410
4
476
7
172
10
285
4
Q
260
13
274
10
470
10
123
11
214
4
121
19
491
4
416
3
10
2
241
13
321
13
356
18
376
9
435
5
Z
200
17
152
3
71
0
405
3
305
10
297
7
327
1
47
4
30
5
136
0
49
7
306
8
23
7
66
9
104
2
474
9
3
6
31
2
Z
49
24
72
479
259
40
401
285
162
77
172
449
295
240
435
410
225
304
118
97
476
360
176
87
336
497
