7
15
H
360
4
297
45
159
33
349
85
457
15
N
280
13
442
12
397
7
273
0
384
16
74
4
63
2
21
18
137
13
379
5
171
17
467
2
61
12
475
3
F
100
13
323
3
312
7
123
1
335
7
382
6
54
3
282
5
363
4
405
1
162
7
305
4
494
6
225
3
D
340
17
126
6
204
5
359
0
8
0
4
5
113
3
75
15
96
8
468
17
269
9
246
17
433
17
100
3
388
3
296
14
314
20
488
20
E
320
4
428
10
36
0
150
66
248
25
T
200
14
473
13
452
10
247
10
57
11
186
12
415
2
60
14
417
13
124
0
252
10
408
10
438
7
337
1
267
7
V
180
7
295
23
376
5
456
11
334
18
422
18
423
25
161
18
I
100
5
367
8
111
10
236
8
243
20
464
19
Z
160
12
404
7
97
5
209
12
237
5
413
0
53
12
277
10
491
9
366
7
409
12
168
0
104
11
W
280
3
91
64
470
42
257
81
U
140
11
298
0
371
1
287
9
331
3
499
9
477
8
16
10
120
7
195
6
392
8
492
1
Q
340
13
321
11
35
11
306
5
23
13
175
1
352
9
218
10
495
18
65
12
378
1
153
5
272
19
374
0
K
160
15
307
2
327
4
117
0
216
7
271
9
458
0
130
2
9
6
169
4
81
1
90
7
361
0
249
3
351
2
241
7
J
200
17
144
6
68
0
47
11
369
10
463
0
132
9
250
11
2
6
432
8
232
7
142
2
94
5
303
4
255
6
346
5
122
3
395
8
P
340
4
84
82
147
40
465
16
419
11
J
132
35
277
361
422
492
54
298
75
247
458
392
464
124
246
4
312
90
161
237
8
252
305
468
465
488
65
267
169
470
378
384
272
359
104
126
159
