7
8
D
260
9
91
4
130
10
320
24
175
26
430
5
12
15
205
7
42
9
388
15
Q
140
15
223
7
113
2
46
2
61
0
146
5
364
3
106
4
105
6
188
9
184
6
335
4
90
7
274
6
389
6
220
6
J
280
7
333
1
279
12
403
33
312
37
157
3
473
28
153
23
O
380
12
385
25
58
12
356
23
278
2
431
2
14
9
121
30
132
28
99
17
1
15
39
13
172
24
E
220
18
97
5
4
0
155
10
45
8
227
7
440
10
341
1
0
6
20
9
336
8
123
12
396
2
229
1
216
2
236
11
107
5
259
0
233
8
L
340
12
406
13
480
4
104
0
471
28
52
16
412
19
134
6
142
9
307
4
457
6
109
4
194
15
B
100
15
268
4
419
2
241
4
345
0
272
3
256
0
421
0
149
4
277
1
183
6
422
5
298
0
47
2
262
4
351
3
W
360
11
441
10
89
29
435
8
182
27
71
17
48
29
425
26
207
24
151
24
176
11
366
16
L
142
25
205
105
0
12
183
39
220
421
188
188
12
4
153
277
48
97
1
396
435
188
435
256
12
422
175
