7
23
R
200
8
224
9
276
24
418
1
71
23
431
14
144
24
63
15
129
16
K
140
9
205
13
164
5
428
13
115
1
307
9
383
6
323
13
102
2
358
6
V
200
10
10
4
413
0
225
3
321
18
265
15
15
19
176
11
345
18
183
16
171
18
M
160
5
245
3
86
4
175
27
12
15
359
7
O
160
6
52
5
430
25
236
10
255
10
112
7
398
7
J
100
11
498
9
72
8
269
5
447
1
186
4
347
7
314
3
360
1
395
6
59
7
432
0
I
100
4
64
20
284
18
106
18
96
9
B
120
13
166
7
107
9
355
8
397
8
243
9
434
5
133
9
286
8
412
5
190
3
18
9
230
5
334
8
H
360
16
145
20
128
3
482
12
409
0
9
20
356
4
247
21
246
22
436
10
6
13
419
21
75
13
7
12
466
18
253
22
153
17
Z
140
12
488
7
235
0
474
2
189
7
234
6
374
3
36
7
404
3
449
4
278
8
240
0
258
1
D
320
18
494
12
237
12
381
7
289
9
89
16
426
10
365
6
218
2
344
2
315
5
322
15
163
11
43
4
376
16
39
3
272
5
101
6
134
16
G
280
8
159
29
298
16
73
19
362
28
490
25
271
30
127
19
126
11
Q
280
11
352
2
367
3
67
4
3
14
416
14
481
7
478
8
424
21
408
13
462
18
257
11
X
280
8
461
33
385
35
423
23
495
3
295
9
380
17
147
12
84
6
W
300
9
330
2
213
32
77
31
41
14
291
0
68
17
32
8
242
0
492
6
U
240
16
480
11
248
2
485
4
297
14
262
9
100
11
8
6
279
14
170
9
267
13
108
9
140
2
221
6
394
12
489
5
131
9
T
380
10
130
7
148
1
79
20
306
0
264
17
304
38
198
27
167
19
34
9
285
29
F
200
5
388
24
28
4
113
20
483
27
98
30
Y
320
10
114
7
420
30
78
7
433
13
154
24
5
27
231
26
208
19
16
10
57
21
P
380
15
288
12
229
14
65
1
371
24
53
4
239
15
103
1
260
12
123
2
27
21
477
20
294
20
455
9
366
21
399
1
A
320
9
335
10
341
30
58
22
38
22
411
13
142
18
211
9
74
17
61
31
S
100
17
165
1
370
5
2
5
93
4
181
5
357
2
301
2
207
1
4
2
317
5
382
1
372
2
493
3
459
1
486
1
277
0
83
0
L
100
15
25
1
475
3
111
4
252
0
151
3
454
4
203
2
292
5
377
3
233
5
241
1
226
3
472
1
313
2
23
6
Y
114
34
394
41
474
113
291
398
428
366
461
253
18
198
38
286
242
229
322
265
175
77
128
15
151
413
248
416
23
240
409
2
489
165
418
345
