7
10
K
240
11
454
18
409
9
180
3
193
14
182
10
55
3
318
16
427
16
308
10
141
15
372
0
R
300
5
82
26
34
57
127
37
254
56
50
18
C
120
10
274
4
429
0
357
4
261
3
177
1
68
7
56
2
106
12
286
9
451
9
B
280
11
258
11
116
4
26
10
418
12
37
12
479
14
367
14
100
9
275
25
466
19
59
19
L
340
10
343
10
303
18
270
4
299
13
93
24
314
22
392
16
416
14
101
15
385
25
H
100
5
54
0
411
0
189
8
273
19
243
9
P
360
18
391
1
46
19
434
6
234
17
406
1
10
14
396
10
77
2
251
16
210
3
13
4
111
3
436
9
419
13
446
7
109
16
124
17
476
1
F
160
10
19
6
362
7
497
0
8
2
225
4
236
3
144
1
320
15
61
3
250
2
G
120
19
339
1
301
6
266
1
334
3
33
1
153
6
498
2
174
0
439
3
355
3
267
6
488
1
331
2
162
4
214
5
48
3
157
0
76
1
386
2
V
220
7
80
11
344
23
268
26
315
16
134
27
172
10
137
14
L
343
7
109
106
13
111
50
355
189
