7
20
X
260
4
396
45
226
48
68
51
497
8
Y
140
4
433
21
308
8
406
0
442
31
L
180
13
286
2
410
11
367
1
26
8
491
11
293
2
152
10
395
3
108
1
482
8
48
11
360
8
301
5
Q
220
10
92
6
269
0
282
13
270
2
37
7
449
11
255
7
398
14
210
16
34
6
O
140
5
31
2
243
11
346
28
399
0
201
1
M
140
5
61
0
344
8
247
3
309
22
459
0
I
380
19
175
13
314
8
188
11
448
3
60
15
326
10
496
17
443
3
81
14
235
9
245
16
421
2
87
20
9
10
340
6
278
11
173
12
157
19
197
20
P
300
15
453
6
411
11
317
11
490
10
71
4
53
13
241
12
216
14
487
8
256
15
436
15
431
19
240
5
103
15
414
16
V
220
18
312
5
303
4
249
12
167
9
295
1
187
5
375
11
289
9
347
12
49
1
168
2
105
12
174
10
180
0
310
0
428
9
368
11
5
0
J
160
17
413
5
284
5
369
3
409
4
462
8
139
5
427
5
318
8
440
8
184
9
183
1
215
2
266
2
394
7
493
2
0
6
415
2
F
320
15
221
21
356
10
464
15
429
11
134
5
408
20
423
6
73
3
296
1
288
5
259
16
463
9
122
8
62
10
437
3
W
140
6
376
18
159
6
63
6
11
15
401
18
57
0
C
160
12
298
0
211
6
8
7
315
3
233
5
441
0
133
8
444
11
29
8
343
0
19
2
378
8
A
100
5
171
16
302
10
141
15
10
8
350
20
T
200
4
143
41
212
32
287
44
280
45
G
180
5
386
35
20
15
472
1
384
11
163
15
R
380
16
190
6
238
0
7
13
93
16
32
6
348
16
113
3
479
12
56
15
12
2
253
6
306
9
336
6
418
19
257
9
225
6
S
180
18
4
8
385
2
217
9
248
6
337
10
435
4
191
2
106
9
42
6
261
7
477
10
237
10
199
5
58
8
498
5
345
10
476
5
79
9
K
280
18
89
8
392
4
149
12
145
1
97
6
335
15
117
6
185
14
27
2
229
10
14
12
147
4
328
11
162
3
21
0
230
1
110
1
311
13
H
240
19
327
4
218
9
390
6
313
7
236
4
95
12
349
2
424
12
434
1
170
8
420
2
150
8
330
8
15
2
234
12
202
11
124
4
80
9
109
7
W
401
38
26
202
81
113
287
308
395
171
162
326
317
472
349
309
386
434
270
89
318
476
5
449
498
14
257
106
490
394
71
92
266
415
226
431
87
188
143
249
