7
8
Z
280
14
140
18
4
11
28
6
231
7
321
4
171
2
475
12
237
3
479
9
22
11
91
10
232
10
105
0
371
12
F
340
10
470
1
77
15
101
5
272
2
132
14
131
2
444
23
416
24
465
29
411
29
L
320
14
277
0
180
21
114
13
260
0
130
11
5
16
490
15
306
12
268
0
432
1
111
6
46
6
435
8
153
18
W
260
5
26
34
322
38
451
9
247
32
35
24
P
220
5
13
41
380
38
305
18
242
13
496
40
T
140
15
372
0
314
2
176
2
278
3
64
8
353
7
377
8
172
4
368
1
456
3
142
8
42
4
240
3
412
2
292
0
D
140
6
204
17
299
14
338
5
410
8
385
15
387
22
M
360
19
234
7
284
0
266
12
355
14
417
5
12
10
52
13
139
13
208
16
403
11
44
16
135
11
115
11
394
17
413
4
117
10
331
8
408
13
99
15
P
305
24
490
172
377
284
451
237
91
385
52
314
101
299
234
456
355
153
277
115
132
64
338
77
135
130
