7
6
J
200
12
64
11
446
12
144
9
47
2
300
12
240
5
104
11
262
11
143
4
229
11
467
2
32
5
M
140
7
222
8
183
15
239
17
29
19
436
16
119
7
110
10
D
360
12
409
5
323
30
94
3
265
14
373
25
211
1
481
28
383
29
42
7
197
11
232
5
255
17
O
360
19
337
7
148
11
485
15
102
3
349
0
72
13
279
13
272
7
394
12
477
12
336
10
228
7
338
15
12
2
469
18
470
10
289
3
199
8
484
6
A
180
18
342
8
86
10
116
9
259
9
226
7
95
6
41
0
79
6
326
3
429
9
308
1
434
9
475
1
441
10
159
8
98
5
70
0
106
4
Q
320
19
278
4
379
3
346
15
367
14
496
14
447
14
268
10
8
13
472
7
276
16
488
4
316
0
186
7
114
10
225
9
431
16
193
5
295
4
371
16
M
436
38
323
379
94
143
472
496
367
467
394
371
144
32
496
143
276
316
496
70
228
337
262
186
295
488
434
481
98
116
278
95
431
225
477
477
70
295
431
232
