7
14
E
360
5
416
55
263
26
2
27
67
17
325
42
A
160
7
381
8
138
17
398
7
66
12
322
22
440
9
54
13
R
160
3
339
46
236
8
83
46
M
300
13
467
18
355
5
38
2
173
8
56
19
366
18
254
3
71
2
156
19
233
16
15
20
469
10
406
15
O
280
6
315
10
362
1
195
16
444
25
491
41
405
24
Q
140
13
133
9
414
3
403
7
300
7
181
9
153
2
209
7
495
6
8
9
186
4
442
0
436
10
152
8
P
300
3
249
63
145
45
390
60
J
360
16
374
2
359
21
107
0
485
15
17
7
412
22
40
9
183
18
347
10
407
8
128
1
480
0
470
0
109
10
41
21
490
6
H
380
12
417
23
432
6
222
27
28
17
175
4
314
28
203
14
164
1
229
3
349
5
364
31
93
16
U
160
4
269
1
455
2
499
7
385
29
F
300
3
85
72
340
80
131
17
T
280
3
104
44
461
17
151
52
Z
140
15
399
2
477
7
220
0
130
0
73
5
212
7
460
2
118
8
361
1
344
8
74
9
270
3
171
4
492
6
235
6
D
320
12
49
7
191
14
216
15
132
10
468
22
58
24
413
20
304
1
253
14
321
19
168
24
190
7
R
339
3
49
186
151
