7
7
G
240
16
129
4
363
6
91
5
286
9
491
4
254
9
293
12
43
8
347
12
135
15
34
11
395
15
400
4
368
12
214
0
132
13
K
300
16
248
18
452
6
216
13
31
7
498
17
5
11
397
4
204
18
120
9
364
15
327
10
167
2
367
14
89
4
326
16
148
12
T
360
4
140
65
374
44
32
30
67
19
L
180
12
152
0
237
8
325
14
68
1
39
8
405
10
277
10
469
8
99
11
391
15
142
6
18
0
V
100
10
155
0
251
3
59
6
186
2
440
6
287
0
310
4
394
1
356
8
85
5
J
280
6
399
28
86
7
477
39
210
9
487
44
236
32
O
140
12
230
4
308
9
221
2
191
8
156
11
38
11
267
7
143
7
56
2
176
8
265
6
49
10
T
67
23
391
368
132
254
310
237
325
85
167
286
204
59
265
191
364
68
38
363
236
498
405
143
31
