7
19
S
260
4
388
54
260
44
56
34
40
62
E
360
13
195
8
269
13
168
11
384
8
144
14
460
19
349
12
20
13
53
3
197
11
52
26
105
19
136
18
T
180
12
54
2
5
5
123
15
495
1
234
12
479
10
281
14
143
11
387
3
446
3
14
8
179
5
W
200
6
139
17
153
10
355
33
219
30
63
15
228
3
D
120
18
154
3
483
3
236
2
36
1
256
1
337
4
478
4
158
0
363
2
352
4
82
2
235
1
225
0
426
3
77
5
118
6
419
1
324
5
F
280
13
400
13
223
9
336
0
411
3
110
2
215
8
458
20
191
3
475
11
422
7
122
5
372
17
262
8
U
320
18
230
3
451
5
80
8
109
13
408
16
34
9
59
13
258
2
307
3
2
9
96
3
417
0
286
15
347
13
441
6
209
6
265
7
88
16
X
200
15
319
11
329
1
293
8
10
1
92
2
377
1
201
13
360
6
210
5
432
10
49
3
4
9
299
4
69
13
298
3
B
220
14
51
6
302
2
358
10
39
11
474
0
482
10
322
5
192
15
157
0
13
2
32
6
99
6
57
0
480
4
L
180
17
249
0
66
9
199
2
285
7
327
3
268
5
176
5
461
1
24
4
488
7
253
0
304
4
181
6
449
8
237
8
467
3
476
5
V
340
17
300
4
245
18
415
15
248
0
289
15
328
5
130
5
62
7
378
2
444
6
46
1
152
17
389
1
448
15
15
12
217
20
272
5
I
320
17
303
10
254
1
375
4
385
16
23
6
421
3
3
11
224
11
407
1
267
11
127
6
437
0
150
15
226
17
246
11
79
2
101
1
A
180
12
148
5
146
3
9
10
73
13
35
2
321
15
335
13
172
4
44
8
310
4
428
14
41
15
R
160
3
380
15
305
11
149
42
Q
220
13
233
3
271
14
100
14
90
2
442
4
103
7
132
8
102
13
394
12
332
3
369
8
106
3
486
7
P
380
19
38
18
222
3
311
6
174
18
70
1
161
15
416
11
390
19
351
13
331
1
308
1
16
4
184
3
334
4
115
10
439
16
28
10
313
9
114
13
N
260
15
86
17
18
13
284
8
481
17
431
11
42
9
309
12
463
3
8
2
214
7
273
12
141
1
187
10
145
7
196
5
M
280
17
78
0
406
16
440
3
30
5
279
16
165
11
126
11
194
13
206
10
263
12
137
11
21
6
111
2
359
0
276
13
232
6
288
3
K
360
3
213
117
266
37
468
54
P
351
32
90
145
329
146
329
384
181
406
53
460
14
234
417
352
329
408
355
187
78
481
118
40
18
237
437
9
284
299
165
214
479
360
