7
7
B
300
3
298
99
423
40
128
51
N
200
13
174
7
334
12
99
1
267
15
115
1
0
3
175
8
437
1
180
7
224
13
491
9
492
8
212
14
O
160
6
140
11
288
3
104
19
356
4
466
19
132
19
A
320
3
291
1
465
7
359
51
M
120
12
233
4
482
2
324
1
153
10
160
2
227
8
13
9
269
1
268
7
234
5
194
8
3
3
I
160
11
221
2
303
8
421
8
371
10
328
0
11
3
111
6
377
14
256
14
120
11
264
6
T
120
3
295
31
46
39
496
36
M
160
12
174
334
132
466
11
224
298
437
496
111
212
356
