7
15
D
160
11
465
4
296
9
52
8
22
14
414
7
231
4
330
10
333
0
493
6
340
0
125
6
L
120
17
246
7
405
7
124
4
222
3
73
2
409
7
383
0
138
3
119
6
212
1
209
0
233
0
198
5
393
5
43
5
467
2
293
2
C
280
12
232
11
262
19
179
14
102
14
389
12
20
20
131
21
395
16
319
1
274
12
497
5
441
19
Q
220
6
235
16
107
27
97
21
388
31
56
15
489
28
J
380
10
53
20
382
13
217
34
446
15
4
23
339
11
41
27
108
14
82
26
449
9
Y
380
3
24
26
61
103
237
65
G
340
9
175
21
143
24
86
24
98
30
30
29
95
16
128
12
257
35
478
18
N
160
9
368
7
307
0
413
13
305
13
396
11
195
11
468
5
407
1
495
7
H
180
16
473
1
133
7
16
8
42
6
385
2
256
3
350
3
130
10
453
9
177
2
238
0
294
0
252
1
431
5
286
2
334
9
R
120
18
148
0
329
3
297
6
156
1
440
0
391
6
162
5
268
3
121
0
464
1
6
2
160
5
166
4
300
6
481
2
282
1
461
5
230
5
M
280
15
184
9
40
10
215
8
221
12
267
3
202
5
270
9
218
2
375
4
85
18
322
6
311
7
84
16
411
15
114
5
S
260
16
227
10
197
15
338
8
55
4
26
5
92
10
404
2
422
12
384
10
18
12
103
15
214
11
362
7
261
13
76
8
447
5
V
300
14
65
17
142
1
33
5
54
11
38
9
105
21
109
9
436
13
429
15
381
1
474
12
360
0
310
20
321
4
Z
280
10
210
24
14
27
344
9
455
19
348
23
70
0
460
10
355
2
288
22
298
27
P
300
7
491
38
93
21
17
29
192
37
442
2
244
40
226
17
P
226
39
85
467
393
489
497
293
305
76
383
143
441
307
355
395
252
391
14
446
319
105
227
65
298
231
179
246
296
474
235
447
24
214
478
294
440
267
114
128
405
