7
8
T
380
12
26
21
429
0
468
23
212
24
390
3
409
28
157
30
312
14
436
7
91
4
271
9
392
23
P
220
10
71
7
370
18
318
7
327
11
29
8
281
18
412
13
94
22
342
7
457
18
N
200
8
377
15
473
14
257
13
209
8
441
6
256
13
111
6
110
16
Y
280
17
305
7
453
0
357
1
476
12
192
13
87
13
428
0
252
16
176
7
280
2
261
0
97
12
423
0
205
10
151
12
228
11
130
11
Z
240
13
146
13
449
9
100
17
86
8
19
13
399
2
118
0
82
1
475
10
127
14
260
18
303
7
445
13
M
380
12
302
11
343
30
446
7
48
12
381
8
134
19
168
31
268
22
90
21
208
8
49
19
442
28
J
380
19
331
1
489
0
122
5
411
16
397
5
459
13
401
5
372
3
200
10
44
5
163
9
315
1
463
8
20
20
241
10
469
15
204
20
413
0
366
9
F
380
8
255
36
285
24
451
11
27
39
345
19
226
22
239
47
46
6
M
49
15
239
457
130
280
252
331
261
151
118
122
390
87
46
468
91
