7
24
L
200
17
115
11
360
7
58
6
356
6
144
6
127
1
395
1
474
2
376
2
402
1
180
0
162
5
129
1
336
0
319
4
63
0
418
9
D
340
7
121
1
471
20
199
37
240
37
86
15
408
15
216
0
E
180
16
309
7
25
8
322
5
407
9
449
7
348
9
311
2
307
2
483
2
118
2
374
0
198
4
420
9
357
10
427
2
454
11
I
200
18
5
5
205
9
117
10
30
7
380
10
375
9
229
10
26
5
22
3
499
11
99
3
112
2
161
4
96
1
389
0
291
6
421
11
431
1
R
340
12
203
19
280
26
133
13
424
25
51
19
457
0
254
12
339
18
409
13
120
4
37
8
217
17
Y
300
13
446
23
245
22
494
18
111
9
381
3
288
9
102
21
366
6
134
17
412
18
172
17
33
15
272
1
X
120
15
191
1
32
5
310
3
108
2
201
5
295
4
414
0
212
5
27
0
233
5
23
1
14
1
105
2
177
0
385
3
A
360
5
148
50
116
33
19
0
211
13
477
13
Z
360
4
394
20
496
12
248
9
256
72
Q
280
5
21
22
463
26
299
1
73
31
89
32
B
340
3
323
101
335
58
346
29
O
160
15
352
10
39
10
196
8
400
8
325
2
297
5
169
8
35
5
442
2
306
8
189
0
207
10
444
1
413
0
265
6
U
360
6
359
33
326
32
382
27
250
4
41
4
301
9
P
220
12
128
6
274
0
139
8
320
16
369
17
62
4
125
7
200
17
135
18
242
1
220
9
167
14
G
100
4
314
1
258
24
238
17
278
7
F
160
11
4
10
434
13
36
11
368
10
59
14
478
9
218
0
255
0
124
4
441
4
489
10
T
260
6
20
42
370
33
64
37
13
37
350
32
34
21
H
360
16
405
15
10
10
267
2
315
3
176
5
383
3
222
4
246
2
72
18
343
8
371
17
137
15
42
21
269
9
143
5
401
15
S
320
5
247
25
227
4
283
39
157
37
448
11
N
340
5
486
60
151
21
316
29
464
18
391
16
W
340
9
363
37
192
33
100
26
65
14
159
22
277
23
318
15
312
17
467
14
M
160
14
208
8
482
2
406
6
98
11
251
1
195
0
252
1
462
4
331
8
170
10
244
5
46
3
67
11
259
3
K
240
3
12
32
183
20
221
3
C
340
10
215
17
485
9
182
21
262
1
184
19
158
15
293
25
84
14
83
13
92
22
K
12
35
23
483
356
177
494
394
474
115
125
199
64
220
233
189
21
482
26
134
316
463
212
360
383
274
36
315
478
105
408
184
121
471
357
124
402
