7
25
G
180
6
93
17
113
26
153
23
231
30
351
20
279
25
A
160
11
262
5
379
0
177
9
373
8
308
0
21
5
303
12
59
3
97
14
14
8
80
4
Q
360
16
273
5
425
17
125
2
69
13
288
4
196
6
454
22
5
22
432
14
398
8
72
1
350
2
462
13
55
4
461
21
445
15
C
240
9
268
19
305
20
304
9
13
5
321
10
104
25
296
14
106
0
481
15
K
340
13
271
23
115
4
216
6
46
16
29
22
57
2
245
22
417
24
160
25
182
15
386
14
0
13
206
5
B
140
9
265
2
252
15
378
0
428
13
484
4
412
6
369
6
45
13
448
1
J
100
3
459
10
38
33
476
11
U
100
16
159
0
140
5
100
3
471
3
6
2
49
5
205
5
149
2
439
1
277
2
88
6
402
0
370
2
250
0
184
6
295
2
O
240
19
171
8
134
4
226
3
364
2
63
1
450
0
282
9
400
3
190
2
94
11
411
0
105
5
336
12
299
5
298
2
314
7
473
9
486
12
36
12
P
120
11
383
7
25
9
230
10
344
5
60
3
108
8
294
1
24
5
152
7
309
1
253
7
H
300
13
20
16
236
2
98
6
401
10
300
7
410
3
339
1
418
10
165
23
148
0
82
11
433
11
155
2
Y
220
9
192
11
224
14
340
15
170
24
320
15
110
24
310
0
234
23
112
0
R
180
16
50
6
222
0
275
11
337
1
4
8
209
1
306
0
91
1
494
7
367
6
179
9
347
4
416
5
117
0
330
11
31
8
T
380
9
426
15
415
9
349
11
111
31
468
14
238
19
172
17
479
6
447
30
M
200
7
99
9
220
21
488
15
465
3
355
9
333
15
435
23
W
320
9
256
16
169
20
18
5
126
19
397
30
86
10
429
12
204
23
421
14
D
360
16
375
21
346
21
2
0
116
22
441
21
388
15
191
17
469
20
54
17
132
9
290
19
477
17
291
8
274
19
139
18
27
18
V
160
7
456
11
124
19
259
10
1
3
247
3
217
17
70
2
X
340
17
195
19
315
3
186
15
47
3
12
1
404
3
212
16
68
3
384
17
95
8
251
9
161
9
478
8
183
12
362
8
407
9
380
9
S
340
7
389
21
229
13
463
1
393
44
327
47
301
1
146
22
I
320
8
10
25
23
27
334
11
352
17
127
16
482
19
289
3
150
37
Z
220
12
133
16
201
4
376
0
255
2
239
2
65
1
302
10
90
17
385
3
52
1
353
14
326
16
F
300
14
331
20
371
7
406
7
214
11
325
6
228
17
189
7
323
7
181
18
208
21
176
11
187
5
92
6
443
20
L
200
17
8
3
272
4
498
4
40
11
408
4
185
10
374
6
359
5
197
10
285
1
173
8
35
8
7
5
168
11
316
2
144
2
387
2
E
360
8
75
5
28
36
136
32
409
3
335
17
403
22
74
17
101
2
I
127
14
14
247
389
426
462
155
290
197
403
74
274
12
416
92
