7
16
I
200
11
148
11
357
11
177
14
118
16
209
11
216
0
365
9
4
6
6
11
123
9
494
16
P
160
3
401
20
241
36
417
51
U
120
12
433
0
56
6
110
1
497
3
147
8
259
5
212
7
204
8
68
9
325
5
186
5
373
4
J
340
10
310
24
162
0
237
32
133
3
160
17
211
6
316
19
370
27
290
4
295
26
Z
100
14
483
4
244
1
296
4
378
1
283
4
429
1
478
0
487
5
64
0
52
0
236
4
74
4
195
2
442
6
H
220
6
70
29
106
23
247
29
144
36
468
18
167
35
A
120
17
415
4
404
6
332
1
120
4
390
4
308
6
263
4
474
3
107
1
416
3
203
5
115
4
16
3
490
3
288
1
476
3
22
2
X
360
18
42
14
399
8
26
20
258
0
222
6
94
20
217
18
39
15
198
4
192
20
10
5
194
3
435
15
57
11
445
1
180
8
448
8
202
9
R
160
5
77
23
15
24
382
4
9
28
174
21
F
340
4
83
51
246
8
200
58
108
38
D
200
10
270
2
304
6
408
3
71
17
169
14
187
7
48
0
397
5
100
7
125
4
S
240
11
92
13
23
8
58
9
386
21
409
21
472
3
199
9
473
17
455
13
486
6
189
3
W
120
12
321
0
364
6
191
5
138
8
156
6
98
2
36
0
426
4
385
0
131
8
438
1
166
2
L
380
11
250
25
342
0
334
0
11
10
67
12
423
25
491
27
143
10
51
12
300
23
220
9
Q
260
6
407
25
135
28
188
17
168
16
34
3
181
23
T
180
13
33
10
354
10
245
3
178
0
27
12
392
8
302
7
470
2
485
0
12
6
312
6
65
0
381
7
L
67
11
4
147
107
168
123
144
26
365
15
125
304
