7
15
G
200
16
378
3
22
10
184
0
196
0
185
1
271
0
138
3
55
0
118
6
336
0
234
1
446
1
330
2
282
1
344
10
214
5
J
280
11
444
10
151
9
222
16
499
11
108
9
17
10
117
23
78
13
466
3
135
6
79
0
R
100
5
133
2
43
4
191
2
161
14
243
14
L
240
16
452
9
421
11
457
8
166
0
251
14
442
12
199
7
345
1
430
6
232
3
170
14
302
8
235
7
420
13
124
11
206
10
O
200
9
363
6
494
19
132
14
145
3
388
15
215
20
231
10
242
22
74
13
Q
180
10
14
6
260
8
267
9
368
1
498
0
162
13
143
7
288
0
7
5
240
16
D
120
13
403
4
402
9
370
9
348
5
270
7
33
9
469
0
35
7
427
2
418
0
365
6
346
4
269
9
I
380
14
175
14
479
6
103
22
105
10
75
11
364
10
435
13
156
15
342
14
136
11
264
20
98
10
97
2
167
6
N
260
3
262
0
383
48
280
45
S
300
14
155
11
34
4
19
2
121
18
485
0
174
21
413
2
72
17
266
21
331
13
163
3
319
0
273
11
23
5
U
280
18
107
12
291
8
401
8
341
9
333
3
338
9
59
7
419
12
397
1
62
12
268
8
73
15
241
3
66
1
211
7
38
10
276
9
411
7
V
260
17
183
13
220
0
91
8
28
15
379
15
83
4
447
5
433
11
300
10
245
5
164
0
76
7
354
11
391
2
489
1
149
9
445
12
B
160
4
165
5
41
18
114
10
8
28
F
120
12
106
5
115
7
256
7
323
6
434
5
301
10
187
0
483
8
225
4
406
4
324
5
85
10
C
320
15
227
17
305
9
468
4
343
3
250
6
58
7
441
18
375
8
352
3
159
15
94
8
67
15
109
15
371
10
221
5
S
72
27
91
375
76
103
161
191
17
336
341
397
406
167
241
98
411
62
282
94
378
365
166
499
452
106
370
8
227
