7
10
B
100
17
76
2
246
1
460
0
126
4
474
0
461
1
300
0
202
3
297
3
158
0
353
4
423
1
64
0
404
2
362
1
259
5
311
5
P
300
15
94
5
398
6
110
3
250
10
280
7
348
5
84
9
342
9
466
17
106
1
267
20
142
19
205
14
380
6
257
8
E
320
7
385
1
372
28
281
21
408
18
499
12
51
4
337
0
Y
220
9
120
11
351
2
478
2
27
23
119
6
482
1
92
20
415
11
217
10
N
220
19
324
2
117
5
367
4
387
9
489
4
79
11
414
0
429
10
86
7
32
11
467
9
285
2
115
9
326
5
48
6
173
10
347
8
208
9
361
7
V
260
17
56
3
196
1
78
5
496
13
258
7
226
12
15
13
22
1
386
1
1
5
165
7
28
11
433
9
470
12
236
3
128
6
304
12
X
240
13
141
9
335
14
289
8
14
9
93
15
316
18
483
8
252
13
102
4
12
0
445
8
144
9
90
1
M
360
11
358
31
66
25
491
22
181
22
296
0
481
16
472
9
325
5
172
6
7
16
439
14
D
160
13
25
11
468
8
136
1
229
4
381
1
221
12
72
7
309
2
308
11
480
11
279
11
99
1
260
1
C
260
16
419
4
396
9
383
1
98
15
431
12
322
13
273
12
26
6
310
11
101
12
256
10
183
6
430
11
332
3
80
13
341
4
P
348
2
433
347
