7
7
G
200
10
314
5
485
15
242
16
180
20
147
10
129
15
379
1
263
15
34
20
320
0
H
340
13
484
12
48
23
444
24
65
26
357
18
271
15
19
10
250
4
337
0
133
6
373
3
95
14
57
17
Z
380
5
407
71
290
45
313
40
419
23
224
29
O
380
11
280
6
85
21
3
24
222
26
79
10
418
16
212
30
422
34
304
18
120
7
154
9
V
320
10
488
29
329
26
363
10
153
4
486
2
218
8
356
29
45
5
105
1
157
14
P
240
17
127
8
415
10
232
13
146
8
302
9
164
6
61
3
207
8
149
13
395
6
90
7
338
10
332
13
243
11
278
14
7
4
448
3
R
320
4
68
38
173
77
479
39
268
77
R
479
9
164
278
484
363
357
127
356
278
357
