7
12
W
380
4
45
86
428
2
64
78
473
53
J
260
13
249
14
267
13
122
10
260
16
417
16
205
8
162
19
152
11
337
6
334
11
396
4
171
14
15
8
V
380
19
202
10
27
4
389
6
392
3
128
13
451
19
91
19
298
3
418
0
19
19
452
10
93
8
50
1
362
0
275
5
492
5
1
15
261
12
59
8
D
280
18
33
14
214
2
411
3
300
0
459
6
158
1
438
2
310
0
350
1
391
15
453
13
46
8
30
15
472
15
2
3
23
7
376
5
445
8
O
180
19
111
6
478
6
441
9
165
8
490
5
120
5
43
0
109
5
151
3
238
6
106
3
35
1
303
4
274
4
224
7
101
1
345
2
306
0
83
2
Z
340
3
457
27
96
39
104
88
X
300
13
39
4
7
8
102
17
269
2
420
11
44
9
312
5
85
22
246
9
32
8
489
4
208
21
285
17
A
180
3
308
27
29
22
8
8
T
260
13
279
18
156
4
194
7
324
15
141
1
115
12
449
20
218
3
235
17
349
10
482
11
429
6
313
0
N
280
7
343
7
221
33
13
20
247
33
228
10
408
37
211
3
L
120
6
169
20
243
17
329
7
286
3
201
0
292
7
Y
320
15
358
5
12
8
461
1
204
21
28
4
369
2
348
7
367
4
86
5
368
5
232
14
233
6
56
13
215
4
136
10
T
349
6
2
492
1
12
50
350
