7
20
A
320
12
17
22
497
16
337
19
420
5
202
1
11
4
480
2
472
17
282
12
172
19
237
4
156
0
Y
160
17
372
9
62
6
131
0
465
2
42
2
437
4
353
9
86
5
419
8
400
7
296
5
38
3
453
8
442
4
331
0
370
7
160
2
W
380
16
274
12
242
21
205
21
334
11
166
7
16
6
226
1
300
11
415
22
268
4
122
12
263
12
376
13
287
20
49
12
229
10
J
240
3
141
4
233
60
213
8
M
320
7
270
8
81
32
204
34
489
34
342
7
365
39
252
9
O
380
3
454
105
298
20
129
106
F
320
5
223
45
207
53
57
29
180
37
176
31
T
100
13
216
5
58
4
293
6
327
4
217
5
308
4
253
1
168
5
182
0
146
5
410
3
75
0
363
6
I
360
11
221
9
125
15
46
0
9
23
159
9
3
30
21
13
320
13
272
7
232
21
275
18
C
300
7
157
1
469
29
413
31
414
19
394
34
348
18
261
12
X
340
7
306
9
203
19
53
14
120
27
92
48
491
31
432
48
D
200
3
235
63
373
17
305
62
U
340
15
355
5
181
6
14
5
158
22
118
4
255
0
139
7
98
19
194
12
436
0
332
3
424
2
69
5
463
4
65
9
N
320
5
277
64
80
11
498
14
455
58
238
30
P
320
5
316
20
13
27
45
50
173
49
227
35
B
180
17
294
1
151
4
68
5
403
1
443
10
264
5
167
3
5
3
299
8
103
10
426
9
67
2
87
3
303
9
461
3
6
2
301
5
Q
240
16
247
4
84
3
458
15
71
4
307
12
495
13
50
6
136
7
144
12
322
0
482
3
258
1
145
11
439
7
280
2
212
1
K
140
7
289
19
409
7
175
8
74
15
488
20
224
5
440
0
Z
300
11
90
7
128
25
284
12
328
15
378
13
178
9
405
4
44
25
184
13
234
5
257
2
R
360
16
358
5
88
20
366
11
12
19
185
20
416
9
29
2
297
8
499
11
388
8
447
13
187
0
343
9
115
12
354
3
422
6
Q
136
37
202
422
122
440
342
3
306
242
461
394
131
442
328
272
443
498
17
252
257
270
175
301
275
293
182
49
205
388
98
294
253
118
14
176
226
185
334
