7
19
P
360
8
319
24
79
1
150
28
72
25
284
18
282
34
29
25
102
44
W
160
18
192
6
432
3
241
1
393
5
141
2
300
5
30
5
67
4
418
0
12
3
23
8
57
0
387
2
318
2
345
7
2
3
474
7
453
3
A
360
18
222
4
402
14
126
1
252
20
243
12
286
3
75
9
244
16
323
12
314
3
478
0
81
1
272
13
483
3
236
15
320
15
119
1
280
5
T
120
8
308
1
415
7
464
8
297
8
307
5
39
15
9
5
496
6
N
240
6
260
23
68
5
223
22
45
21
36
29
420
29
Z
380
5
227
61
112
48
247
0
78
69
19
35
L
180
12
245
5
84
4
214
10
466
9
398
3
331
6
44
8
382
14
220
8
442
11
149
6
22
7
J
100
17
215
3
205
2
264
5
274
3
99
4
250
2
186
5
448
2
281
1
218
4
147
3
131
2
395
3
130
3
296
0
342
4
400
4
V
180
9
165
4
66
13
409
1
417
10
158
1
491
18
235
3
184
6
440
8
S
340
14
32
15
396
0
499
24
306
0
123
19
232
7
204
3
114
4
156
18
332
12
356
10
294
17
270
16
134
21
G
200
11
178
14
258
11
101
1
212
18
411
8
159
10
50
8
287
0
155
18
139
10
132
18
K
200
18
391
6
302
5
24
0
316
4
493
3
51
11
8
9
346
7
325
10
259
3
59
3
97
8
322
3
41
4
489
1
240
5
475
5
64
0
H
120
11
27
8
465
5
348
2
10
6
327
4
433
0
93
8
17
9
452
4
48
1
152
2
O
260
13
70
19
488
0
412
3
305
1
256
19
121
11
443
6
175
3
194
10
487
11
191
16
424
3
46
18
Y
100
17
390
5
185
5
310
1
103
0
313
5
133
2
174
4
399
0
128
2
193
3
229
3
497
4
492
1
326
3
283
4
439
4
83
3
Q
100
14
221
0
187
4
76
4
74
2
116
1
457
6
151
2
315
4
166
6
367
2
28
0
251
5
459
2
54
7
X
340
15
216
18
458
15
358
21
436
7
104
5
481
16
201
16
210
15
257
7
381
12
140
6
181
22
233
17
228
19
361
7
R
140
3
163
2
143
25
253
38
E
300
3
171
20
438
35
11
26
Y
439
38
264
315
68
140
323
316
465
236
457
233
187
243
466
493
294
319
331
204
361
171
415
175
272
448
281
78
232
51
67
440
79
75
256
306
29
253
166
99
