7
7
W
340
5
112
26
335
51
201
20
310
53
289
39
S
300
6
298
11
91
7
378
43
356
30
237
39
93
19
G
320
19
149
4
327
8
168
10
437
2
27
13
254
14
296
4
134
7
113
1
400
14
4
15
11
9
233
1
329
5
98
8
6
10
167
8
259
12
498
10
O
340
11
116
3
385
22
46
22
31
8
13
19
172
23
164
19
333
12
466
13
360
22
231
14
Q
200
14
268
11
110
3
139
13
479
1
373
12
1
4
499
0
364
14
74
9
99
13
150
2
370
5
305
5
213
10
F
380
4
28
55
297
47
358
92
21
83
E
320
12
207
26
374
22
347
26
340
26
343
16
165
5
387
5
410
20
280
25
141
17
42
18
54
16
Q
150
17
167
358
333
27
237
259
31
168
93
4
116
329
343
385
356
298
134
