7
19
E
180
10
436
10
344
10
324
11
191
3
203
3
128
6
378
3
363
2
61
2
424
3
B
220
19
240
4
117
8
160
11
316
2
454
7
285
2
173
5
112
3
366
0
416
4
232
8
317
8
283
0
67
0
295
1
37
11
355
11
221
5
431
7
M
320
12
243
22
486
2
301
9
473
19
364
12
134
10
24
13
312
19
49
25
46
1
373
26
274
18
X
360
13
455
25
39
0
121
13
276
16
444
11
138
0
256
16
242
7
45
10
492
17
47
27
463
15
94
7
D
340
18
69
1
310
13
86
9
102
17
84
16
493
12
54
0
129
18
184
15
119
9
469
3
303
17
348
14
370
9
288
8
272
15
208
14
16
6
R
180
15
109
1
20
7
198
6
51
6
60
1
411
4
27
4
259
1
277
5
419
4
157
12
65
2
30
6
25
11
79
4
O
240
12
476
9
296
16
278
20
8
13
300
15
446
19
438
10
123
9
337
14
322
8
321
14
43
2
W
380
15
498
1
255
18
132
16
2
19
334
19
196
1
29
19
66
18
327
9
108
6
178
1
339
20
447
12
63
12
217
23
A
160
7
11
2
435
20
432
18
343
13
292
17
75
9
154
13
G
380
12
80
5
458
3
103
14
92
5
375
2
234
10
85
27
350
8
124
14
326
2
133
7
194
5
T
180
6
308
28
405
15
118
13
213
30
280
30
404
12
V
200
15
365
7
158
7
10
3
347
8
461
4
389
8
372
6
379
13
371
1
182
4
406
2
214
4
239
10
200
10
367
7
J
340
9
263
2
241
21
307
21
341
29
314
16
481
12
445
28
429
33
64
30
F
120
16
440
2
456
0
412
3
168
3
167
7
116
2
340
4
55
4
313
2
197
0
336
0
26
7
144
3
96
3
140
2
190
2
P
160
12
298
11
188
9
41
4
374
6
5
8
149
12
354
9
415
6
484
7
400
13
358
5
304
11
Z
160
15
177
4
199
10
466
1
281
1
342
0
449
0
421
5
166
0
218
5
480
6
482
7
35
8
478
7
418
7
266
8
L
100
4
122
15
361
16
153
13
401
4
K
380
16
73
3
441
17
359
19
183
14
368
9
57
0
156
0
465
14
87
12
319
16
352
23
139
9
136
5
15
11
289
7
279
9
Q
100
4
7
4
135
9
253
20
320
18
L
361
34
416
458
5
16
366
354
119
149
138
324
367
378
240
316
112
123
255
405
295
140
436
102
217
412
279
480
160
191
352
55
431
371
45
118
