7
22
B
160
6
229
4
349
13
207
26
428
26
420
5
414
23
M
220
18
391
4
232
8
247
8
466
2
14
6
244
7
2
4
297
9
16
0
112
9
183
9
107
6
88
8
233
12
228
8
217
11
454
3
58
3
L
340
13
66
15
320
11
31
15
149
1
477
21
376
4
215
18
108
20
411
24
322
20
189
10
483
20
243
5
G
340
7
225
39
105
2
449
46
338
29
476
18
353
34
314
11
O
220
5
497
44
253
30
306
17
365
38
372
30
K
120
9
460
11
279
10
94
6
241
4
431
4
190
4
319
8
12
2
386
12
U
260
19
211
4
219
12
422
3
403
11
383
1
277
5
46
13
397
9
129
12
221
6
303
13
118
2
475
12
257
6
254
2
495
10
481
5
92
11
157
0
N
280
6
25
31
63
40
266
30
110
32
187
40
15
36
Y
200
19
480
0
473
3
471
9
39
10
139
3
125
7
435
10
487
7
256
10
432
10
379
4
4
5
312
1
302
7
106
6
445
6
80
9
48
6
401
0
D
220
7
91
2
134
19
470
10
464
23
76
26
292
26
307
18
F
380
9
182
3
486
37
284
1
437
36
156
8
65
1
213
33
410
26
152
41
S
100
8
444
3
315
7
174
1
102
1
496
12
276
2
209
5
148
3
Z
180
11
67
15
86
15
305
15
195
1
151
4
196
11
184
6
301
11
402
9
167
3
197
6
H
140
14
95
1
498
9
484
1
130
10
226
4
479
1
137
7
186
5
230
5
427
0
75
9
53
7
339
10
89
6
I
120
9
142
4
357
2
19
4
398
10
131
0
271
2
262
6
24
7
117
0
E
180
10
163
2
459
2
439
9
280
7
456
14
99
6
354
16
178
7
296
13
154
11
Q
340
12
282
16
47
1
368
20
158
14
329
22
392
22
54
19
378
3
364
13
298
6
272
15
337
9
X
360
13
44
5
116
13
290
26
400
9
23
7
267
17
385
0
50
4
468
27
164
0
205
14
355
18
384
21
C
220
6
98
36
491
18
323
13
352
0
287
26
43
5
P
160
12
406
3
120
13
171
1
381
11
440
10
36
6
245
11
309
12
55
5
135
6
180
8
220
1
W
300
7
336
29
93
4
426
6
250
11
20
42
300
27
126
29
T
300
5
356
53
325
4
159
0
404
45
442
8
M
244
19
262
120
152
76
323
47
229
420
139
106
25
352
46
422
339
460
53
43
312
