7
11
Q
120
19
256
2
453
0
177
3
252
1
471
3
181
0
48
2
457
2
341
2
320
4
83
1
321
1
203
3
443
2
44
2
379
3
497
2
106
3
272
5
B
140
4
448
24
123
10
326
8
242
13
N
240
5
57
24
146
21
484
4
335
24
413
1
O
380
5
402
24
361
4
418
4
384
16
396
50
M
200
4
187
15
127
25
212
10
473
30
H
220
9
30
3
105
8
39
6
398
3
318
17
438
6
297
14
214
18
460
9
R
160
8
186
18
338
6
287
15
267
15
182
7
327
1
115
20
101
7
F
280
4
348
53
375
57
107
23
253
64
S
280
19
298
10
248
8
486
4
223
13
209
10
190
13
356
2
119
1
247
14
492
12
151
3
437
8
292
14
184
9
306
12
169
0
360
12
268
14
2
1
T
220
17
265
11
337
8
113
7
387
8
220
5
383
1
262
1
61
8
90
8
408
0
120
11
33
8
475
10
302
1
36
10
121
9
128
11
D
300
3
260
33
188
67
29
31
M
473
37
252
90
90
272
113
265
383
48
321
306
287
169
418
90
61
36
267
203
408
186
107
90
184
448
209
306
335
203
186
151
29
387
448
337
486
184
209
