7
13
J
320
7
278
24
240
34
413
11
319
0
58
29
52
15
253
43
D
220
5
114
42
156
41
380
27
51
7
446
32
W
180
11
266
9
348
0
322
5
183
15
16
8
420
12
111
15
360
16
224
5
382
3
130
2
X
280
7
434
13
7
23
449
1
80
15
36
1
424
29
358
36
P
160
8
32
20
180
15
237
6
402
4
40
13
369
12
486
8
8
0
G
240
10
168
13
252
1
284
15
251
6
15
9
361
13
137
8
476
5
387
5
318
17
E
300
7
264
32
175
31
131
2
218
37
432
42
466
22
35
2
V
280
5
343
16
200
7
83
24
399
6
91
51
A
380
19
400
0
213
4
2
1
427
6
95
11
473
13
377
19
469
0
194
8
456
0
362
13
496
17
112
5
45
10
272
16
471
8
246
6
210
18
307
12
Q
100
9
274
10
77
10
25
2
11
8
459
3
113
10
164
6
110
7
122
4
H
380
6
342
38
371
54
367
12
215
47
320
5
148
15
B
220
13
483
7
41
5
18
10
487
15
392
7
44
10
309
11
109
16
78
6
3
10
344
7
298
4
327
1
L
360
4
296
55
464
83
187
7
75
30
A
471
14
51
387
320
7
175
80
371
483
237
180
77
41
187
15
