7
19
I
320
18
46
1
106
14
289
14
342
16
327
4
315
7
339
17
204
7
369
0
152
13
215
0
171
7
249
1
236
3
304
1
155
15
417
7
83
16
V
220
11
61
5
140
11
439
14
234
15
452
6
129
12
170
6
4
4
252
3
154
8
296
14
L
180
12
489
10
228
2
282
8
5
7
383
0
8
4
71
11
21
12
376
10
257
1
454
0
292
11
G
180
8
9
20
162
18
441
15
133
20
387
18
116
21
365
14
196
6
K
240
19
56
2
320
12
474
1
124
3
241
11
324
1
16
12
131
5
443
2
13
0
188
3
78
1
261
10
349
0
143
2
85
11
446
12
208
0
51
5
S
220
11
405
16
239
9
110
14
284
9
81
1
214
0
332
1
444
15
285
18
225
2
485
17
B
300
14
173
15
368
12
128
8
394
5
232
11
88
0
404
2
352
17
388
8
481
16
385
19
250
4
493
10
59
18
C
280
10
205
3
105
6
318
16
424
3
451
5
6
10
34
7
346
2
15
19
484
11
P
200
15
313
1
147
3
142
9
379
13
189
0
0
8
172
5
98
0
455
9
134
4
126
4
465
1
268
5
64
9
84
0
D
360
14
310
11
209
20
175
4
213
17
115
18
89
20
244
22
180
17
264
11
378
12
386
2
136
7
497
24
361
20
M
320
5
413
21
117
48
340
63
54
38
192
31
E
140
9
425
0
28
7
174
12
122
6
135
5
31
11
399
13
271
10
430
11
X
280
5
254
6
177
42
226
9
66
15
397
44
Y
260
5
27
47
95
31
374
0
389
9
447
7
J
300
12
464
17
344
14
410
2
10
3
217
23
432
11
263
8
319
17
401
5
362
11
396
5
40
21
T
340
15
120
17
43
11
77
8
334
16
104
8
427
3
79
2
276
1
297
21
398
1
448
14
160
17
409
21
182
13
280
19
W
280
16
488
12
375
0
476
12
165
13
187
9
53
1
168
7
146
12
11
0
242
9
363
17
343
8
423
12
350
0
495
0
341
0
Q
320
5
55
51
123
55
419
12
222
29
371
13
N
220
5
1
16
23
16
227
2
72
28
137
11
Q
55
24
142
78
497
441
56
276
239
339
476
239
386
15
81
174
268
217
324
84
51
124
110
430
396
405
