7
5
U
300
4
64
48
321
17
210
70
495
67
E
360
17
151
16
238
14
233
8
72
9
291
8
384
20
415
14
47
9
292
0
399
19
327
9
85
1
488
0
215
2
421
21
175
12
60
16
V
260
8
0
22
243
21
268
17
333
15
346
0
420
29
145
5
14
21
X
120
12
95
5
2
8
429
10
128
8
55
1
183
8
44
8
386
3
51
6
360
7
185
0
438
6
H
320
18
497
0
154
8
227
3
259
3
349
5
91
1
354
1
143
3
313
5
158
14
437
9
305
11
389
2
499
17
493
15
24
15
269
9
15
14
X
185
29
437
346
420
421
238
233
349
495
259
243
151
321
15
291
488
24
91
47
354
305
145
497
143
384
389
154
14
327
210
