7
5
O
300
18
142
16
484
3
499
10
59
7
60
7
346
6
285
3
162
12
377
1
253
13
249
1
6
5
242
0
463
0
268
7
81
16
387
9
238
8
Y
300
7
53
20
167
12
130
23
348
4
95
21
289
22
287
42
E
280
13
88
20
10
5
186
17
216
10
276
14
237
20
308
9
390
19
468
7
392
10
152
14
192
6
138
8
L
240
14
312
13
163
11
198
3
310
6
78
5
425
8
25
1
469
1
324
13
94
14
54
15
442
0
179
15
40
3
N
260
7
33
0
140
14
345
21
262
1
16
8
264
25
414
1
E
392
12
484
310
324
442
25
59
238
249
285
198
60
268
