2
10
Y
280
11
311
18
9
18
230
24
425
9
378
2
257
10
72
1
46
6
82
21
318
9
392
16
V
120
13
6
1
279
0
94
5
252
5
178
9
412
2
399
8
286
2
326
6
30
6
405
9
262
4
192
9
T
380
17
394
22
464
4
358
3
249
19
101
13
60
3
444
11
339
2
166
21
245
2
376
19
175
3
87
20
337
6
28
7
487
7
244
0
C
380
17
489
15
447
15
185
19
356
15
381
0
423
2
147
8
232
19
205
19
364
15
499
8
189
18
465
10
440
22
482
19
191
21
305
5
P
280
14
157
11
88
14
80
5
85
20
99
4
12
18
124
18
251
6
345
3
248
1
134
13
282
14
246
7
75
15
N
380
15
17
19
449
19
463
8
459
16
281
22
1
5
296
15
343
25
420
24
139
17
110
6
81
15
121
2
428
18
373
24
Z
260
11
25
8
336
4
98
7
19
21
446
18
315
22
266
7
411
8
153
2
400
3
477
9
H
320
7
424
31
496
13
83
45
348
3
51
45
231
3
123
5
S
260
5
115
46
7
16
102
44
398
8
52
33
K
260
4
328
27
478
25
278
46
450
36
V
4
455
8
