2
25
V
340
6
421
2
448
50
165
18
3
24
462
24
431
39
U
240
3
366
67
54
27
305
54
Q
160
15
420
9
342
1
67
6
247
3
17
4
276
4
101
1
60
2
484
8
136
7
55
0
266
4
24
4
112
8
114
8
H
180
11
231
13
121
2
341
14
185
5
297
13
176
9
292
5
11
15
334
3
207
14
235
10
A
300
10
419
11
74
11
192
29
491
1
446
21
183
1
195
6
164
18
327
18
123
21
B
280
9
343
19
454
19
265
30
72
22
131
7
392
24
478
28
357
10
198
26
N
140
9
335
13
126
3
218
3
481
14
152
4
238
1
111
4
318
0
37
7
J
140
8
294
9
399
7
277
7
159
17
339
13
489
11
428
8
426
10
O
300
4
490
16
103
47
272
66
354
38
F
120
7
278
14
389
0
470
7
255
2
473
7
457
13
201
1
X
140
3
158
33
41
15
435
32
M
260
11
25
7
467
16
149
23
374
15
175
3
84
23
395
12
173
18
383
6
364
7
53
11
P
140
11
413
4
168
11
221
7
416
8
464
12
66
1
104
8
385
3
109
12
77
11
205
0
Z
220
19
477
6
268
8
475
4
98
1
438
7
118
10
224
9
387
8
225
7
317
9
1
2
476
11
92
7
479
2
293
4
497
3
263
2
129
10
251
3
E
160
12
288
8
209
0
219
2
115
12
309
9
311
3
270
1
105
5
163
2
346
0
187
7
20
3
R
240
18
486
13
284
1
48
9
403
12
243
8
471
4
281
2
453
12
289
4
320
8
410
8
65
2
345
11
199
3
377
3
287
10
323
4
406
4
W
240
18
148
1
391
3
51
10
290
5
468
11
29
6
432
10
261
10
31
8
190
11
308
2
436
9
223
2
18
1
146
13
363
5
33
2
337
0
L
220
7
56
31
97
25
108
9
282
1
466
14
256
12
86
2
C
240
16
177
13
264
5
394
15
422
15
423
3
280
8
253
0
378
7
447
15
58
2
157
10
100
3
143
8
397
12
381
3
351
0
G
160
3
130
45
85
47
312
20
S
220
19
241
1
358
11
215
0
132
3
271
0
127
4
197
5
415
0
95
3
314
2
125
8
361
9
404
3
113
7
133
0
230
2
200
0
26
1
449
7
D
200
5
257
13
469
14
242
14
326
29
495
27
T
280
14
78
20
373
14
14
0
227
4
42
15
89
5
216
3
169
17
319
10
350
13
450
8
408
9
425
8
184
12
I
380
11
96
2
107
27
172
33
315
13
400
29
181
12
388
23
134
10
64
11
396
18
39
4
Y
140
8
8
3
38
16
295
8
262
16
59
1
269
1
258
10
237
7
X
2
316
11
