2
6
A
360
10
102
8
25
34
34
6
89
22
318
18
101
30
438
25
339
21
419
7
138
30
K
180
16
74
9
60
7
88
5
121
6
352
11
240
3
152
7
168
3
61
4
357
6
156
10
480
3
258
5
257
8
323
4
35
11
I
220
11
315
12
285
12
400
9
116
8
321
1
407
11
14
20
363
17
176
11
122
17
83
3
G
140
14
378
6
450
8
370
0
23
6
26
4
184
0
299
2
157
7
165
7
282
4
275
5
178
5
106
6
46
1
M
100
11
154
0
398
8
254
6
42
4
210
3
136
9
158
4
40
2
227
0
53
8
211
9
U
240
13
172
8
85
11
173
17
498
14
353
15
375
3
235
11
212
14
219
12
292
7
146
5
340
0
376
11
I
5
50
2
