2
22
K
340
4
161
19
233
40
102
77
66
54
D
240
14
73
14
164
7
256
8
92
14
187
14
491
9
205
10
469
3
69
0
211
1
124
10
154
1
12
11
11
10
T
380
5
438
65
294
54
365
56
107
54
13
71
C
360
7
348
43
270
14
136
13
72
9
387
11
255
46
468
44
Q
200
10
260
15
80
13
280
13
219
18
166
2
336
10
103
17
449
16
364
3
433
11
M
240
18
410
1
116
4
275
6
247
6
318
11
439
8
369
1
160
0
171
4
355
3
444
7
485
9
432
7
18
7
332
1
463
7
495
7
445
5
R
340
19
424
14
34
6
428
10
277
9
425
14
194
16
78
7
453
17
309
6
391
10
440
5
489
16
403
2
118
9
29
10
454
13
203
10
446
0
376
9
X
220
9
85
13
149
9
128
24
249
7
283
22
273
18
293
0
327
23
464
23
G
340
12
32
22
408
16
200
7
15
18
131
14
50
17
209
6
163
11
359
28
46
12
232
0
372
1
F
360
13
201
6
119
16
214
20
184
10
2
13
143
22
27
25
298
6
409
13
480
25
304
0
430
12
191
25
N
180
6
338
4
423
24
167
11
21
9
56
21
113
3
P
100
17
96
5
264
3
155
4
377
2
350
3
268
3
122
0
123
3
135
3
64
4
400
0
126
4
253
2
67
4
130
1
45
5
386
4
E
240
10
465
7
483
22
169
20
393
13
248
3
62
4
234
10
281
14
172
8
492
13
H
220
8
427
5
371
5
474
27
269
12
414
6
37
18
24
18
481
14
Y
220
6
226
20
317
4
6
17
52
22
401
1
242
31
B
220
3
437
3
429
65
258
65
J
360
12
147
19
345
9
323
13
181
9
443
13
490
5
199
7
381
7
140
12
473
29
129
17
262
16
S
340
16
441
14
319
3
26
7
285
2
351
15
459
0
229
8
55
16
227
6
340
10
398
11
305
12
57
11
411
17
91
13
53
19
L
380
19
77
1
419
3
299
14
435
4
415
15
265
10
274
13
434
16
471
14
456
9
284
6
292
15
89
3
334
18
16
6
422
15
165
18
346
17
287
3
U
100
10
352
2
138
0
23
7
321
7
375
0
162
3
306
5
196
7
175
3
74
5
A
180
7
322
3
210
13
120
3
343
0
333
6
412
17
90
15
I
100
12
218
2
278
7
104
8
195
6
392
5
361
6
68
2
300
1
212
5
173
0
70
7
244
4
N
5
314
4
