2
22
K
200
10
189
15
87
6
73
5
233
6
112
5
236
12
137
8
299
3
231
5
385
5
L
240
15
200
12
49
5
111
2
147
13
169
6
461
16
66
9
191
12
11
13
36
6
8
14
333
6
15
10
453
14
370
3
E
280
15
252
12
155
0
202
4
0
2
213
11
181
14
210
9
42
9
283
7
108
1
94
5
380
14
469
11
163
15
16
5
O
280
12
1
6
372
8
249
3
166
17
294
12
47
2
403
4
113
0
378
1
182
21
64
10
335
5
F
220
4
136
40
485
5
486
5
55
55
M
360
18
19
4
259
16
234
15
133
15
405
11
79
4
489
3
110
3
363
14
388
11
374
14
60
20
460
6
116
10
128
8
96
0
436
20
26
10
A
300
15
56
8
28
12
152
10
235
14
180
16
224
13
153
15
27
10
198
9
232
14
487
3
493
12
473
18
35
16
195
18
Q
140
8
138
11
412
14
440
3
488
3
351
9
428
2
414
1
296
11
P
220
5
61
13
134
3
146
39
114
15
288
23
S
140
5
34
21
276
0
264
15
123
10
68
5
Y
300
19
310
5
352
13
248
10
218
14
452
2
132
14
389
7
203
13
257
0
254
12
395
7
451
12
160
2
23
4
144
10
80
14
267
8
306
14
237
2
G
120
13
437
6
408
1
382
5
355
5
183
1
272
4
415
6
450
0
164
7
309
2
439
4
88
8
444
9
N
360
11
81
2
393
10
43
11
421
29
141
1
39
10
390
9
12
4
471
20
227
11
262
22
C
240
12
173
1
320
16
304
20
327
5
250
10
98
11
86
15
339
20
472
7
118
17
409
17
121
17
T
140
16
265
4
342
0
318
2
454
1
422
1
312
2
298
4
336
1
344
8
220
5
425
6
284
7
404
2
125
5
337
1
359
4
X
300
11
410
14
334
23
228
15
399
0
411
27
366
26
301
20
159
0
433
22
396
19
464
22
B
300
14
331
19
170
0
290
11
67
0
376
3
54
11
418
8
76
13
328
1
448
18
490
7
434
4
246
20
142
6
R
180
16
72
5
400
5
143
6
75
1
319
4
345
8
308
0
70
0
17
9
51
7
194
0
151
5
476
0
387
4
5
0
74
2
J
260
18
358
3
9
0
491
9
255
0
394
1
13
1
178
9
321
7
364
0
204
10
122
2
129
12
93
5
63
11
216
7
275
4
285
9
468
14
I
300
15
426
7
338
5
65
6
20
18
326
19
457
3
435
13
209
9
443
0
287
18
479
11
277
8
478
16
357
3
419
17
U
300
18
95
1
475
1
462
7
492
16
373
9
38
4
225
9
157
4
226
15
323
11
245
12
185
0
441
16
105
3
150
2
140
8
427
3
381
9
V
280
6
416
16
356
30
316
18
4
27
449
32
495
31
K
0
21
4
