2
23
O
160
12
40
5
210
3
237
0
294
3
124
11
192
7
58
10
28
12
53
7
18
3
96
13
348
3
A
160
15
330
0
203
8
390
3
444
1
430
7
443
8
168
10
459
7
179
8
426
10
142
6
216
5
371
10
208
7
227
3
F
200
12
499
4
130
6
62
2
477
7
414
14
17
1
68
15
428
15
361
6
206
3
255
0
422
13
V
120
12
151
5
331
5
57
1
183
10
230
8
107
0
269
9
196
5
217
6
30
3
385
8
281
7
T
240
12
268
16
153
14
333
14
115
15
99
12
270
20
271
0
188
12
453
10
425
11
87
1
16
17
K
380
3
439
115
455
122
10
112
Q
300
7
373
29
483
21
400
14
1
40
70
40
98
30
404
20
P
320
15
2
6
228
16
55
18
164
11
445
18
7
15
259
17
393
16
466
21
490
17
304
20
74
12
45
17
251
15
114
1
J
160
14
419
6
63
0
258
2
296
4
191
7
486
4
310
3
441
11
305
6
416
3
78
0
39
11
367
10
160
11
B
160
9
92
0
12
17
119
4
350
15
451
4
137
11
85
17
0
0
380
0
L
160
4
339
31
132
22
435
13
197
8
D
120
9
468
6
440
2
106
7
199
12
195
11
38
5
113
6
322
5
397
11
W
300
7
334
20
497
19
6
24
481
14
178
11
354
28
374
23
X
280
13
69
17
159
16
389
18
118
5
82
3
122
0
357
17
321
15
129
14
3
7
136
12
396
5
173
18
H
120
13
34
9
169
7
417
0
478
3
222
6
260
8
79
1
326
1
284
4
381
8
341
1
407
1
363
6
I
340
14
180
0
356
12
121
15
234
7
288
20
131
7
250
13
25
15
24
2
335
7
488
2
90
23
47
16
226
11
Y
140
14
162
6
308
2
149
1
15
0
464
2
11
4
378
0
33
8
431
9
285
2
20
2
187
7
418
2
147
0
N
140
8
241
14
193
16
43
0
238
12
185
9
290
5
376
11
377
6
E
280
9
491
31
205
23
262
0
232
26
190
3
343
19
432
7
461
30
448
4
G
360
9
370
3
353
29
327
11
91
32
473
36
433
29
450
2
140
22
110
5
Z
200
4
438
4
325
42
9
42
291
23
S
160
14
408
4
272
10
465
8
375
5
342
10
163
10
84
8
344
0
8
6
358
9
242
7
403
8
64
4
382
10
U
180
9
337
17
83
12
273
8
72
7
245
3
172
3
152
12
384
18
221
15
H
8
257
5
