2
19
R
240
15
392
13
466
1
403
6
126
16
222
9
477
8
233
16
67
4
33
9
350
0
460
0
127
9
361
9
253
10
416
13
B
340
8
264
7
279
1
267
14
420
42
362
27
227
4
192
28
303
32
Q
240
10
124
10
189
7
237
10
175
15
437
20
168
22
458
11
27
14
329
15
92
7
A
300
4
360
32
200
57
313
45
123
41
X
260
18
8
4
232
14
476
3
406
12
186
0
239
11
314
12
230
0
211
11
55
14
320
5
274
0
480
3
343
1
265
3
418
1
82
2
83
1
Z
140
3
444
37
462
28
334
18
O
280
9
283
7
88
25
373
12
152
30
486
29
119
10
215
17
347
7
332
3
I
100
18
251
1
162
1
196
1
450
5
112
1
47
3
496
4
22
3
171
5
19
3
80
5
140
1
113
4
276
0
412
5
17
0
2
1
249
0
W
380
7
4
38
208
46
344
11
463
4
213
42
5
30
207
27
J
380
19
128
14
346
20
441
10
411
12
132
15
481
3
415
3
106
3
382
17
285
17
29
12
197
2
178
2
131
13
357
13
225
3
190
8
139
0
385
11
T
140
16
120
8
58
4
38
4
261
6
43
0
188
2
299
2
291
3
183
6
393
7
69
5
325
7
137
5
424
6
35
0
258
3
C
240
14
107
10
286
8
266
3
109
3
116
14
439
15
244
17
141
13
454
16
42
14
375
9
203
11
52
7
214
17
Y
320
8
400
22
247
27
242
22
488
22
287
3
432
7
333
39
288
11
N
140
17
134
6
105
7
352
0
290
8
133
3
351
6
199
2
358
0
278
0
446
5
387
8
45
2
220
1
229
3
417
5
434
1
319
0
V
300
7
26
25
20
20
381
22
205
16
228
40
0
38
11
11
E
200
6
50
2
479
8
79
27
174
3
407
1
37
33
H
140
19
86
2
240
2
96
1
90
5
389
3
75
7
308
6
376
6
331
0
110
0
369
0
6
6
349
7
157
3
53
4
273
3
374
6
433
1
195
3
G
360
5
156
47
372
31
397
21
161
64
114
65
U
340
15
23
0
91
6
452
11
468
12
146
10
338
6
327
1
184
8
117
20
483
12
159
4
421
1
219
10
16
2
396
10
H
16
118
10
