2
15
C
140
9
128
12
358
12
361
8
457
0
278
13
11
14
429
13
137
2
108
8
A
240
18
162
9
430
4
297
12
144
6
219
0
373
2
458
0
355
0
103
12
260
3
150
6
3
0
63
7
147
0
87
12
152
3
406
2
47
1
D
140
15
164
3
459
9
142
5
234
7
277
5
224
8
416
6
298
3
259
4
239
1
325
3
353
7
383
2
227
4
114
8
X
180
12
244
7
274
3
254
3
15
0
64
6
125
6
230
15
131
9
184
11
183
7
420
8
117
6
W
280
16
363
8
98
10
334
0
60
0
309
14
326
15
205
11
26
4
287
12
456
2
220
4
464
14
51
9
451
0
371
3
357
8
H
100
6
332
9
216
6
24
0
312
5
42
5
344
8
T
340
12
97
26
29
9
79
0
281
6
493
28
172
12
341
17
185
2
231
0
462
20
208
25
104
25
L
200
19
422
5
263
6
0
9
319
9
446
7
374
5
415
9
222
10
241
6
61
4
96
10
322
7
233
3
40
0
264
0
18
10
390
10
350
3
119
2
I
140
15
84
4
268
2
171
1
480
9
479
2
123
5
436
0
293
0
8
9
294
3
203
9
305
0
19
3
226
3
351
2
O
300
10
151
29
292
15
417
18
487
18
174
12
380
12
270
21
46
1
288
2
296
28
Y
340
19
261
10
141
15
275
1
110
13
391
17
331
3
382
8
33
3
243
10
412
11
10
11
370
16
408
8
477
3
163
12
53
16
282
2
5
16
323
15
B
220
17
186
8
180
9
169
7
191
8
426
5
303
3
74
0
68
0
472
7
377
8
250
10
49
9
129
1
229
3
120
7
289
10
300
7
K
360
18
198
15
189
12
66
6
318
11
271
15
253
11
481
18
439
4
454
2
362
4
499
15
425
20
36
13
31
16
106
15
168
8
88
5
442
8
U
380
8
381
28
308
7
489
41
99
45
494
42
210
2
400
43
478
23
F
140
8
368
3
140
8
145
14
126
12
78
6
345
16
158
15
387
9
B
10
75
1
