2
24
R
320
19
329
1
193
6
25
7
31
16
365
7
99
0
20
7
426
11
404
12
155
11
167
10
222
15
405
5
8
13
53
4
481
0
350
10
120
5
413
13
A
160
17
184
4
495
0
293
0
208
3
381
6
59
5
445
7
51
1
475
2
268
1
301
9
153
6
482
7
290
7
86
4
280
7
143
8
B
380
16
40
8
399
0
88
12
309
12
252
5
27
16
96
12
225
12
265
3
456
21
170
3
358
1
391
8
115
6
235
14
346
10
T
220
16
458
6
341
12
416
5
64
5
216
4
72
12
188
7
73
4
60
12
18
12
37
12
242
10
451
13
9
13
180
2
315
1
W
220
5
93
28
478
10
83
24
326
15
76
24
S
340
4
81
9
298
56
294
57
380
15
N
340
6
130
30
147
23
71
22
304
56
467
10
97
35
O
360
10
477
28
373
3
211
25
10
19
34
10
210
35
337
9
424
33
175
12
276
30
K
360
3
498
109
194
46
295
46
X
220
12
496
15
324
6
263
4
287
5
469
3
462
9
282
18
407
16
452
18
237
3
484
3
174
10
Z
320
10
306
4
299
21
383
1
68
4
159
6
199
16
303
19
111
17
65
20
461
17
H
100
13
161
3
108
5
394
4
302
6
206
2
157
2
470
7
333
3
371
6
79
6
100
2
332
2
70
1
P
240
14
384
15
363
3
474
7
472
14
113
0
47
6
4
13
491
3
141
7
106
8
7
13
392
11
187
1
292
8
I
240
12
493
12
468
9
499
9
214
2
207
10
311
9
447
12
340
8
103
10
22
12
55
19
135
1
U
260
4
133
21
428
13
448
18
163
36
V
180
3
336
44
151
29
419
33
J
100
19
289
0
278
0
395
1
277
3
490
5
402
0
16
2
131
4
233
5
218
1
101
2
389
0
17
0
178
2
19
4
431
4
249
1
300
1
436
1
F
120
13
433
5
144
5
250
2
138
4
21
9
145
1
382
3
266
5
215
6
352
3
487
0
239
6
432
0
E
340
12
82
26
203
9
124
7
369
3
77
5
418
3
116
8
98
12
226
10
408
1
420
6
14
1
M
100
6
471
11
388
6
414
10
344
0
110
3
441
0
C
360
10
195
36
379
22
139
34
453
7
48
31
411
4
158
18
261
29
400
14
359
17
D
160
15
123
9
137
2
244
2
45
2
430
5
320
7
200
10
176
10
185
0
24
2
173
5
154
9
360
2
75
9
385
8
G
280
9
417
27
318
5
283
15
234
29
41
7
230
22
457
29
232
23
281
31
L
140
7
189
11
437
0
117
1
439
4
224
5
273
19
310
10
N
4
197
10
