2
15
H
200
15
158
9
288
0
384
2
495
3
49
4
226
10
269
0
242
11
129
3
169
13
173
12
209
3
45
3
371
9
401
10
Z
360
13
335
10
306
3
363
13
23
16
202
9
140
14
212
4
270
15
456
10
115
7
278
15
11
0
236
19
K
300
9
16
20
94
33
255
19
21
16
280
32
109
24
123
14
364
18
6
25
F
320
10
142
26
183
23
405
20
215
26
224
15
10
32
87
30
161
10
376
6
257
17
O
260
18
383
11
317
5
82
11
331
2
50
12
264
6
100
10
428
6
345
1
199
14
208
10
130
0
145
6
177
4
101
8
121
8
400
13
350
13
P
260
8
289
7
445
26
3
2
330
10
2
18
482
24
284
31
104
6
V
340
7
475
47
228
13
92
38
440
32
423
20
434
28
201
37
E
220
11
341
3
301
7
245
14
220
7
389
10
292
2
453
14
391
10
466
2
134
16
348
7
B
300
5
411
34
413
34
65
22
30
56
404
4
L
160
3
461
51
399
47
167
13
U
220
3
188
48
69
3
344
56
G
200
7
266
1
362
20
329
0
351
4
147
27
221
22
286
18
Y
300
15
407
14
133
3
463
10
175
4
480
6
281
11
455
6
493
13
484
17
342
6
151
10
442
13
217
9
390
0
178
17
D
260
15
367
15
246
1
8
2
203
14
375
2
338
12
433
6
449
1
300
16
139
4
33
2
472
5
51
1
334
4
379
12
J
380
6
99
58
184
33
35
3
309
13
489
13
460
61
Z
11
79
5
