2
10
G
340
17
161
12
329
6
354
13
202
4
352
18
240
11
176
18
36
19
473
11
350
10
331
4
251
13
450
3
320
10
362
6
430
8
425
9
J
180
9
371
6
197
19
145
19
190
14
477
7
131
7
75
6
457
1
47
12
O
140
17
287
1
134
2
493
3
84
3
414
3
333
0
7
6
28
6
466
8
165
0
243
2
121
6
113
3
296
4
162
5
492
6
180
7
H
100
13
109
7
346
1
375
1
324
0
456
1
485
4
229
2
384
1
428
1
497
5
406
7
200
6
468
3
U
160
6
120
7
434
15
264
18
422
7
318
5
79
6
D
140
6
116
17
189
19
294
2
455
3
9
4
98
5
Y
260
18
182
6
361
13
193
4
373
9
138
8
482
11
156
2
249
3
325
14
315
2
48
6
499
10
111
8
387
14
104
12
405
9
130
11
100
4
K
180
8
153
17
291
5
95
0
487
2
149
21
164
18
326
12
132
16
E
340
13
64
22
45
6
103
13
491
13
44
16
146
17
186
24
239
13
254
25
211
17
225
21
35
22
206
8
I
220
13
454
10
255
2
235
14
394
10
459
2
306
0
253
10
14
16
355
4
127
0
358
2
280
2
205
16
E
11
1
8
