2
12
Q
140
7
276
17
398
1
9
1
394
10
463
8
125
0
16
3
B
200
9
396
13
22
17
303
6
255
1
232
14
210
15
66
10
96
12
460
0
Z
200
8
130
2
36
23
492
7
422
0
173
25
48
23
271
22
275
8
X
360
16
415
4
268
6
310
2
85
12
26
17
497
18
228
14
452
7
57
16
52
12
425
22
377
9
244
4
73
5
182
0
319
2
A
220
8
473
6
88
16
427
11
320
15
341
8
158
10
378
10
42
27
P
320
4
392
36
309
47
187
61
164
73
O
380
3
178
121
455
77
292
72
V
180
16
297
8
206
11
14
0
224
9
359
6
101
6
87
7
383
9
93
8
117
6
364
6
128
6
157
8
485
9
298
10
395
0
C
220
17
84
9
409
3
386
6
181
4
282
7
8
4
108
11
30
12
231
10
3
8
243
3
62
10
169
7
140
11
451
1
444
2
185
6
R
340
15
370
8
486
6
312
18
267
20
333
22
281
15
27
3
40
20
159
12
86
14
453
0
287
17
25
9
439
5
449
10
H
280
17
437
14
111
3
337
8
156
6
51
14
495
5
357
12
207
14
107
10
440
13
353
3
78
8
55
6
323
12
332
8
137
2
484
9
N
120
10
134
9
105
0
375
12
54
3
171
9
189
9
261
9
348
9
253
9
411
11
N
8
138
9
