2
4
C
120
8
363
13
402
7
137
13
164
10
292
0
393
15
124
0
100
1
U
140
19
140
6
257
4
117
6
480
3
169
0
465
4
116
7
73
4
68
6
107
5
306
1
498
1
160
3
123
5
254
4
172
0
371
4
157
0
494
4
S
300
16
4
14
367
5
59
9
444
13
359
10
269
18
204
12
233
7
193
8
220
18
238
17
188
4
427
14
234
9
115
11
317
13
N
100
14
439
1
6
3
66
4
245
7
54
1
255
6
177
5
14
5
155
0
78
3
453
3
304
0
333
4
403
5
N
13
384
10
