2
22
X
300
13
255
22
270
22
0
11
356
10
498
16
156
23
410
20
265
15
153
15
190
20
350
4
406
18
300
4
Z
240
8
127
25
399
25
2
19
276
0
133
14
480
2
7
5
435
6
U
260
3
437
31
495
1
232
12
Q
260
7
147
33
313
20
142
4
82
30
485
36
89
18
257
3
T
140
15
159
3
53
3
25
0
244
6
247
6
451
2
339
2
345
6
316
1
66
5
116
2
54
3
476
0
139
5
357
6
W
300
19
439
0
460
3
332
13
254
11
69
7
417
8
39
14
468
0
269
5
379
4
298
14
115
14
239
2
281
10
109
15
85
8
204
0
384
12
326
11
F
160
11
491
14
299
9
95
11
470
12
227
3
182
11
47
13
67
3
409
13
146
14
132
11
P
220
9
422
22
423
12
140
4
456
1
5
22
78
3
107
0
162
3
165
7
A
220
7
494
18
487
6
458
26
403
26
138
14
261
5
324
27
N
220
13
283
7
497
4
328
15
367
8
59
0
282
9
307
14
199
12
475
2
242
12
426
5
392
7
172
7
R
300
5
273
42
260
55
32
60
6
18
370
11
O
280
4
224
10
349
9
335
15
102
47
C
280
7
22
10
41
34
325
27
74
22
343
12
369
22
167
38
K
360
3
448
89
499
115
208
8
B
240
3
489
10
330
8
415
33
I
160
3
97
20
52
7
421
31
E
320
17
385
2
250
1
306
18
135
9
81
11
44
2
192
12
17
6
376
13
197
0
407
15
174
17
292
16
60
9
92
17
337
5
414
2
V
140
18
143
6
323
6
432
4
240
2
126
7
219
0
373
6
237
4
177
4
61
1
29
2
121
0
315
6
43
4
119
5
171
6
419
0
483
3
D
320
11
442
9
55
7
347
8
155
8
180
10
312
1
137
2
342
23
359
7
68
14
62
21
G
280
14
353
16
231
18
27
7
380
18
235
9
154
3
211
18
411
10
389
16
375
2
286
20
124
15
390
1
49
11
L
260
16
42
14
57
1
84
5
72
11
70
11
469
15
21
4
245
14
169
0
176
9
444
9
83
16
11
14
195
4
110
9
19
4
S
180
10
488
8
129
10
36
16
202
8
238
4
348
1
104
12
14
15
168
4
478
10
P
2
38
10
