2
12
U
320
18
353
10
124
17
189
5
448
3
128
8
284
16
10
11
373
1
234
16
77
3
37
7
379
5
206
3
250
8
211
14
277
15
212
4
169
4
E
160
6
74
17
449
12
112
21
217
16
357
16
237
19
A
380
17
259
8
396
15
143
15
417
1
222
15
492
12
351
13
276
15
380
4
438
7
405
12
165
10
423
6
87
9
193
20
175
12
86
10
N
220
7
416
18
85
22
151
31
46
11
341
10
144
16
181
28
M
160
16
458
5
185
0
350
7
186
2
257
7
315
8
368
5
407
9
200
6
269
3
65
4
162
3
490
7
393
3
471
7
198
6
Y
140
19
148
0
137
3
56
0
107
3
325
2
196
7
370
1
367
0
496
4
456
0
154
1
31
5
38
7
291
6
13
5
316
7
90
0
292
4
278
6
T
200
16
99
1
116
6
258
0
427
8
334
4
58
10
113
5
95
2
141
11
460
0
51
8
139
5
358
3
381
8
465
6
15
10
J
160
3
213
27
157
39
354
31
P
340
13
232
2
242
16
173
21
22
6
88
16
383
23
11
18
120
21
433
0
264
25
266
11
233
10
142
25
K
200
11
101
9
239
2
343
11
197
1
419
15
337
5
164
6
152
10
223
18
411
7
3
17
G
220
9
480
10
111
18
248
5
84
19
251
16
382
24
4
0
272
14
192
8
I
180
10
155
18
191
1
332
5
319
2
328
18
326
3
35
9
346
12
297
13
131
8
N
3
454
6
