2
8
F
320
12
190
19
495
6
450
8
5
11
439
6
25
24
376
20
50
16
446
21
472
5
297
26
199
16
D
320
15
311
11
348
18
431
18
273
14
300
5
406
19
163
4
70
12
486
10
23
5
45
4
226
9
444
1
191
1
37
21
N
340
12
480
10
419
11
158
10
415
0
466
11
292
5
331
10
317
0
400
25
35
12
252
11
217
9
J
100
6
270
6
117
10
355
7
233
5
209
13
198
14
B
120
18
121
0
449
0
457
0
366
5
145
5
218
4
139
1
237
2
240
2
91
6
66
5
328
4
12
6
333
2
99
5
496
0
396
2
73
0
Y
300
3
26
63
105
3
46
67
G
140
17
437
5
220
6
488
5
13
7
469
7
181
7
175
4
320
5
492
6
208
5
67
6
49
1
136
3
52
0
441
8
271
1
473
8
T
300
13
421
17
19
20
195
10
125
13
388
17
378
9
197
21
127
2
298
19
474
23
77
22
156
13
303
13
D
1
386
3
