2
9
K
300
12
365
19
378
8
144
6
106
10
258
19
42
14
423
16
119
17
199
17
304
12
474
10
43
10
U
300
6
107
32
123
14
416
26
471
31
283
25
131
48
D
200
10
236
13
102
7
478
13
257
14
117
15
380
16
196
10
411
11
369
10
145
11
G
240
5
179
22
263
13
371
20
191
0
355
44
L
120
19
256
1
440
1
307
0
5
3
444
1
138
5
21
0
314
2
315
3
68
2
213
5
255
6
390
0
421
6
208
2
362
6
93
3
153
2
46
1
N
220
12
267
4
148
3
422
3
449
12
294
3
391
17
459
16
156
14
287
8
381
11
445
0
468
6
I
360
7
6
40
48
2
114
19
59
48
111
2
387
40
299
27
H
240
8
249
30
306
11
176
3
143
20
90
25
152
30
214
10
205
28
Y
160
4
247
27
65
2
439
35
448
22
D
1
302
6
