2
7
Z
260
14
342
17
245
15
212
2
389
7
391
1
59
15
64
13
153
3
166
14
5
10
293
2
109
2
184
0
23
11
B
340
5
93
0
419
9
233
14
453
1
311
62
S
220
4
331
21
162
30
9
52
17
53
X
380
9
401
7
70
34
31
29
304
2
338
34
102
39
127
13
318
36
105
20
T
140
5
248
10
386
8
337
23
484
28
275
26
I
380
17
180
22
362
16
123
14
460
16
412
0
71
2
48
3
146
1
251
5
24
15
404
17
430
14
319
18
51
7
309
14
457
13
436
19
V
360
10
179
11
445
28
80
25
221
32
450
0
482
22
38
35
369
12
344
21
6
25
Z
12
291
3
