2
6
H
240
9
409
21
123
2
205
5
428
9
229
23
266
2
242
17
239
21
402
6
C
120
10
263
9
477
4
366
10
417
0
136
9
374
4
287
3
225
2
179
8
206
5
J
200
6
392
19
343
19
419
4
215
8
13
32
223
21
T
180
10
352
4
1
8
415
15
432
6
376
7
496
8
89
15
322
8
68
15
335
4
D
240
6
473
11
52
33
34
11
326
25
472
14
25
23
A
140
12
177
10
180
11
495
1
452
2
80
10
86
5
271
3
300
6
458
6
351
8
193
11
369
9
T
4
191
11
