2
8
I
200
9
25
9
360
19
326
22
371
8
348
19
434
6
145
1
7
0
477
15
S
160
17
235
9
415
3
0
9
499
6
262
4
75
4
99
2
299
4
78
5
384
7
492
6
374
6
340
3
289
8
76
7
427
8
12
0
W
200
16
351
12
135
10
420
9
27
2
233
11
214
7
112
11
316
6
152
9
105
4
357
8
276
11
35
10
310
7
330
2
203
2
L
140
13
5
4
85
2
306
1
381
9
315
7
160
2
68
0
438
1
149
7
311
5
19
9
382
3
182
1
O
380
9
38
19
22
32
115
9
397
1
245
40
114
40
141
11
392
27
285
12
H
300
14
88
13
433
5
349
21
334
14
63
18
366
20
148
14
298
10
47
9
490
20
2
3
168
2
64
17
377
18
N
300
13
335
23
234
18
336
11
171
20
137
20
325
4
136
20
452
17
46
1
180
21
240
8
261
5
54
19
U
100
3
273
4
91
19
243
27
S
11
184
9
