2
22
C
220
4
347
48
123
14
85
36
259
11
R
120
16
191
1
64
0
79
3
456
5
366
1
14
7
164
2
117
6
279
2
313
7
151
6
248
6
478
6
411
4
149
7
401
3
B
220
9
230
8
393
21
486
3
482
5
198
5
362
3
6
2
315
9
338
11
T
100
4
299
15
308
2
481
17
51
6
U
300
19
305
12
429
2
337
6
265
15
428
1
309
15
424
8
222
2
355
2
111
14
213
4
272
4
439
7
163
3
214
2
298
8
363
12
377
12
333
6
Z
180
16
495
6
200
11
381
11
306
11
184
2
221
8
203
1
177
10
187
7
415
1
190
1
407
10
422
6
369
4
465
1
402
2
Y
200
5
491
31
80
5
441
13
432
35
303
37
G
240
3
418
8
498
31
232
35
W
240
3
271
28
311
66
263
43
O
360
11
476
30
216
9
160
28
180
10
227
31
23
12
112
6
135
16
367
25
483
10
396
28
V
100
14
421
5
162
0
327
3
34
6
256
4
469
2
282
3
148
7
283
1
231
4
332
5
226
3
119
0
141
6
X
340
16
255
9
150
14
55
1
300
6
284
16
181
7
438
8
388
12
43
15
217
16
409
5
31
14
417
2
9
7
62
14
378
11
P
120
15
128
6
100
6
12
0
155
1
225
1
319
4
394
8
96
8
204
0
435
1
237
7
364
2
166
0
487
1
147
7
H
100
11
344
7
499
5
273
7
247
9
392
8
399
3
420
8
277
2
343
1
35
4
323
9
K
320
14
21
12
130
4
459
20
463
19
431
10
98
1
172
20
22
9
4
14
82
10
423
12
473
1
340
14
239
12
D
340
17
10
16
328
11
143
20
291
20
373
13
342
1
189
0
479
1
165
12
72
4
36
11
358
5
44
6
371
14
406
3
169
1
153
0
N
120
7
20
17
179
9
356
15
353
8
114
15
360
1
238
13
J
260
9
219
12
3
17
132
11
168
27
331
20
426
6
470
1
464
2
89
16
A
180
3
202
21
59
7
461
44
L
100
14
493
7
19
4
455
4
39
6
8
0
87
7
233
3
41
4
398
3
211
4
158
6
49
0
484
4
11
1
M
260
19
321
0
257
11
389
0
109
13
131
8
188
7
391
2
235
12
183
3
244
10
359
8
103
7
453
12
53
2
50
7
186
2
289
0
258
2
137
8
E
140
10
253
2
297
14
379
6
467
13
268
6
45
14
57
2
372
11
175
3
81
9
Y
1
195
8
