2
9
K
200
3
139
57
419
16
420
61
E
320
17
5
4
386
0
130
12
226
13
339
8
374
17
113
4
106
2
100
13
236
16
398
5
132
14
1
5
333
18
358
14
82
11
223
18
J
200
8
407
4
242
12
99
13
45
15
308
19
209
10
244
10
497
20
V
300
16
484
17
323
17
380
1
468
5
409
3
78
5
307
9
172
12
183
12
184
10
239
0
293
6
126
14
83
14
465
10
324
18
Q
140
6
258
15
391
1
482
16
165
4
73
20
360
16
A
220
7
218
16
178
20
31
21
120
15
290
23
395
25
141
27
B
300
18
224
10
248
7
75
16
263
13
147
2
203
1
205
6
102
12
237
13
3
2
84
6
47
15
123
8
431
2
53
10
377
1
187
0
320
0
P
360
9
417
26
21
11
196
30
135
16
95
16
143
11
401
16
434
25
24
6
G
200
14
60
2
169
11
499
8
117
3
160
2
469
12
362
0
6
1
424
9
212
4
71
12
198
3
238
2
131
5
E
2
98
10
