2
6
S
360
18
340
8
354
1
83
8
360
10
368
8
181
0
467
10
425
16
81
12
178
13
64
8
466
20
8
10
76
3
299
7
118
12
173
8
275
14
I
260
13
355
4
5
12
169
14
422
12
456
12
287
10
319
1
224
14
136
1
203
11
61
2
94
13
414
17
F
200
9
121
4
229
17
52
10
57
21
211
12
3
12
23
11
14
19
168
17
E
380
10
305
1
27
34
79
14
205
15
496
36
185
10
240
26
209
3
279
22
400
35
G
160
9
46
7
24
13
365
10
462
0
187
9
56
17
266
0
248
0
92
8
Q
100
17
289
2
226
3
2
2
82
2
369
2
6
1
486
3
120
1
478
0
233
5
269
3
302
5
457
4
335
5
437
3
308
5
473
0
I
5
480
3
