2
23
G
320
7
24
42
347
4
150
2
289
35
175
7
336
45
67
38
H
200
9
218
1
238
11
29
6
68
13
167
19
313
10
225
9
77
5
426
0
B
120
11
443
9
273
10
86
10
267
9
114
7
98
3
335
3
414
9
135
0
204
4
466
1
D
200
14
192
12
403
0
261
13
57
5
479
9
334
11
14
6
215
8
168
3
296
12
181
4
142
7
196
4
170
7
V
100
4
385
0
116
23
246
14
96
17
X
100
15
100
5
413
4
146
1
183
1
129
3
290
4
258
1
149
6
248
3
422
4
328
0
401
1
223
1
482
2
405
1
R
100
9
220
7
47
6
80
1
475
5
306
3
163
7
160
11
383
5
130
4
W
240
10
9
12
305
19
239
21
141
1
236
8
161
22
380
1
76
9
348
22
329
22
P
240
3
366
3
384
75
264
29
O
380
5
358
57
377
4
199
60
224
16
489
38
Q
160
18
477
8
325
4
409
5
70
2
249
4
121
2
462
0
470
2
316
8
84
8
411
2
27
8
295
5
110
6
297
3
362
1
173
4
311
3
I
200
12
268
12
185
5
143
13
483
2
194
13
88
9
21
0
157
14
83
14
58
7
63
9
381
1
F
280
16
402
4
260
11
158
6
301
4
241
2
136
14
22
6
281
1
250
12
367
5
424
2
314
2
232
4
123
17
251
12
75
8
N
240
14
89
17
210
7
256
14
137
0
55
13
428
6
107
17
446
17
111
17
365
14
126
11
449
13
282
4
40
13
U
320
10
382
28
331
13
417
20
355
11
408
31
340
32
434
9
30
19
441
17
353
23
E
180
14
474
4
69
2
360
1
115
4
391
4
74
3
139
12
276
0
191
9
165
5
398
4
400
2
344
5
35
7
L
180
14
230
4
440
5
346
2
494
10
352
10
51
8
266
6
172
9
221
1
90
6
490
3
99
0
105
4
412
12
K
380
7
278
21
216
2
1
19
453
50
186
4
231
33
148
31
Z
280
19
395
13
64
14
234
4
53
1
178
5
189
3
373
5
487
3
243
5
4
14
272
14
269
13
118
14
294
0
468
13
491
12
79
9
101
3
450
2
T
340
8
363
29
465
24
3
14
222
39
444
42
97
30
480
28
193
21
A
260
19
461
10
410
4
454
13
180
1
337
12
207
4
320
7
338
6
293
9
131
2
45
6
404
8
93
13
315
9
262
3
82
8
253
10
154
8
430
6
Y
180
8
423
1
472
7
292
14
351
3
122
8
473
6
386
17
109
20
M
240
6
356
6
343
18
151
36
392
26
242
27
476
39
A
7
92
7
