2
16
G
180
12
208
15
174
2
332
13
165
4
25
3
76
4
206
14
418
9
397
11
476
15
314
14
456
6
I
340
10
349
8
134
24
246
26
383
10
243
24
413
21
151
15
252
24
61
11
147
6
E
240
17
423
4
148
4
0
3
451
3
72
12
120
14
445
10
153
11
189
7
266
5
313
0
119
4
33
5
1
12
458
13
200
3
384
5
D
300
4
7
53
258
47
180
55
110
69
H
120
11
49
5
430
2
274
6
226
3
355
3
74
7
275
9
244
2
393
5
32
1
172
0
N
140
8
410
9
473
15
83
0
359
10
100
0
462
14
89
3
330
16
L
100
8
395
11
276
9
245
4
63
0
36
1
499
6
85
2
184
6
S
240
17
238
2
218
9
178
4
294
5
230
8
43
2
316
7
270
12
485
4
483
13
121
1
398
8
343
7
402
10
439
12
493
2
196
5
V
320
10
173
20
225
13
417
31
201
30
300
16
408
22
344
9
240
0
335
10
326
21
M
100
7
190
8
249
3
477
14
478
0
125
3
341
10
318
6
K
200
19
460
0
381
10
198
5
44
2
405
4
298
9
136
5
363
0
484
1
455
2
186
10
62
5
101
0
248
10
12
10
137
3
436
4
117
2
162
6
T
180
17
312
8
40
7
159
8
250
4
496
4
166
0
128
2
324
5
291
8
470
10
41
0
68
3
107
3
81
9
207
2
21
3
411
3
O
360
12
158
23
182
15
111
6
58
11
37
23
177
23
396
28
389
24
228
21
210
7
401
18
156
27
W
240
17
92
1
114
0
351
10
183
0
311
2
71
0
194
6
171
0
169
8
31
13
428
7
28
0
42
11
133
10
406
3
94
8
70
9
J
360
19
469
6
378
3
299
14
491
10
131
17
152
1
30
5
157
4
55
10
234
2
308
6
415
7
261
7
105
8
290
5
51
12
27
2
328
14
60
10
Y
140
8
489
15
497
11
5
1
150
1
375
13
139
3
170
8
331
17
L
1
4
9
