2
18
L
360
13
247
21
96
22
227
26
70
18
270
13
144
0
158
3
232
20
278
8
35
23
295
18
154
14
364
15
H
280
15
451
7
290
11
417
5
110
0
452
5
447
13
23
11
127
18
164
2
298
2
472
15
458
4
449
7
125
6
180
2
I
260
11
47
5
15
3
446
23
42
7
14
2
136
18
392
12
331
9
126
20
90
9
425
11
C
260
4
104
31
492
33
422
59
400
25
G
160
13
319
10
17
3
322
11
85
1
51
3
263
0
483
10
420
2
209
1
131
12
494
3
464
6
302
11
R
320
11
231
11
148
24
378
14
261
16
414
12
112
4
223
27
100
1
28
11
129
14
493
26
N
380
12
339
15
178
20
45
13
111
5
5
30
376
29
79
4
460
12
343
23
212
23
181
16
29
15
U
240
8
450
19
252
6
203
16
170
3
432
14
241
12
246
1
215
5
W
360
4
406
54
354
31
217
66
204
24
J
220
3
225
6
135
49
272
54
F
100
17
200
5
59
5
335
2
97
1
229
5
25
5
285
3
95
5
151
0
197
4
423
3
21
3
336
2
196
1
128
2
341
2
189
4
P
160
8
88
17
238
19
24
10
273
8
426
8
478
2
317
1
230
4
M
260
16
294
9
201
12
50
8
284
3
363
7
323
0
228
12
362
0
56
15
277
13
461
12
254
1
481
12
115
5
293
15
395
10
T
220
6
114
25
384
20
193
19
360
2
338
21
427
6
X
280
9
434
8
78
22
256
4
271
27
369
15
281
29
94
18
315
8
222
31
V
320
18
321
2
441
6
22
17
40
17
30
3
206
2
373
11
409
17
307
2
113
17
153
10
465
13
34
9
1
6
165
4
332
14
18
14
11
14
Q
240
14
41
12
415
13
456
8
325
7
176
4
33
8
159
9
495
2
92
0
487
7
134
13
382
8
370
11
310
17
S
200
18
379
6
396
3
443
4
150
11
327
4
65
5
375
11
418
6
260
10
489
5
304
6
356
7
179
11
485
3
486
1
440
10
145
2
163
5
C
1
329
8
