2
21
R
120
17
305
0
44
1
427
4
369
4
205
6
33
3
302
7
220
0
189
1
63
1
345
5
166
3
494
0
25
4
4
1
334
4
326
4
Y
340
14
177
17
243
5
356
14
267
5
254
23
226
2
473
20
395
15
455
16
398
24
84
5
376
23
168
20
297
11
N
280
5
124
50
81
51
41
28
404
27
366
53
F
120
18
195
3
250
5
146
0
323
0
480
0
448
5
68
6
54
0
410
4
198
3
38
6
331
2
144
2
460
1
180
5
309
0
350
5
129
5
E
100
5
411
18
152
18
383
17
50
11
422
9
M
280
7
456
15
308
4
61
24
110
4
173
0
339
10
137
26
G
340
18
287
14
187
11
457
18
321
13
97
3
403
18
348
14
43
6
5
8
109
9
216
17
337
14
327
2
463
9
57
3
101
13
175
2
215
13
Z
380
5
445
9
329
60
325
30
275
39
1
65
V
320
12
328
5
157
12
354
8
343
4
236
17
248
4
130
19
76
2
490
18
174
6
221
1
258
12
X
380
18
191
18
372
2
170
0
55
10
153
19
310
19
111
11
433
16
364
17
447
14
218
16
40
0
141
15
442
1
96
3
85
13
443
1
7
4
K
200
10
199
14
499
17
481
17
408
3
107
16
39
5
253
0
105
5
71
19
386
7
H
200
17
466
2
156
3
219
3
121
1
399
3
249
5
273
4
458
2
3
6
392
6
425
2
149
6
299
1
259
11
282
0
8
4
93
11
S
180
6
114
7
394
1
172
24
450
15
371
13
496
27
A
160
15
214
2
451
4
272
5
89
4
479
8
414
1
158
8
367
2
384
8
210
10
261
1
477
3
139
0
213
1
452
6
O
140
16
277
5
42
0
247
5
286
8
375
0
22
5
335
6
359
0
133
3
423
6
264
8
487
2
31
2
256
1
150
1
358
5
Q
160
6
420
22
300
6
381
18
315
9
320
12
178
26
P
140
5
488
11
464
14
341
27
108
2
190
25
W
180
17
465
0
83
0
117
9
106
2
405
7
222
9
235
0
385
8
193
10
467
3
330
4
125
7
279
4
454
3
317
10
360
1
23
1
L
120
9
429
7
233
9
13
11
276
11
459
1
241
6
294
12
290
12
45
8
J
240
18
74
10
332
13
424
5
489
9
78
1
430
8
212
1
87
1
495
0
49
9
497
11
159
0
148
3
18
9
103
0
126
10
260
0
92
5
D
140
16
269
2
417
2
340
3
209
5
307
5
100
1
262
5
56
4
268
6
6
6
119
0
225
6
104
3
47
6
266
5
171
7
N
3
390
6
