2
19
B
260
14
80
2
442
10
50
13
124
12
379
0
175
7
374
9
282
15
339
15
22
16
440
4
294
14
277
1
225
0
F
380
14
320
10
321
27
458
2
412
13
337
7
60
7
37
13
132
17
345
18
8
14
64
24
137
7
343
23
473
26
K
100
16
39
2
41
0
93
5
135
5
232
6
431
0
437
4
456
2
273
0
70
1
201
5
127
6
71
3
350
1
17
1
414
5
W
220
9
170
11
413
7
142
19
303
21
235
14
494
13
338
19
364
20
160
5
Z
100
7
62
12
56
0
99
4
327
13
185
10
242
12
396
10
C
320
13
244
9
91
11
363
3
35
9
474
17
301
21
485
22
467
14
476
13
86
17
167
22
143
20
279
11
N
160
15
229
3
319
9
15
5
2
6
324
4
128
3
254
10
370
2
425
10
460
2
75
4
65
2
98
9
375
7
316
5
A
180
17
495
10
31
6
197
3
416
0
477
8
49
10
158
7
12
5
123
7
224
10
349
0
410
2
89
5
178
8
268
7
329
9
499
2
R
300
7
168
20
68
36
378
25
174
14
335
27
138
23
3
6
T
360
9
117
36
193
0
153
18
462
6
116
38
299
7
454
24
88
11
155
40
J
320
12
435
16
325
11
371
25
213
1
429
22
19
5
100
6
73
3
251
21
348
24
491
15
261
16
O
240
12
359
9
459
20
270
12
468
5
391
6
421
10
399
2
259
13
16
0
394
8
148
7
493
6
G
360
10
66
35
387
26
140
31
353
6
365
15
159
15
96
33
292
3
134
24
439
11
E
380
13
227
16
109
15
488
23
422
23
76
0
463
8
191
16
236
26
447
17
267
4
480
14
278
24
105
13
H
180
19
53
5
312
5
186
4
433
4
284
7
90
9
214
5
276
8
313
9
30
1
388
8
498
7
204
9
309
7
202
2
230
8
300
8
226
1
317
2
S
380
4
237
87
40
59
408
81
457
52
V
340
11
108
6
424
1
369
3
217
16
198
27
10
21
453
7
427
11
102
17
61
1
241
30
I
320
19
331
9
151
15
54
11
272
0
173
14
361
3
465
11
318
6
147
1
46
16
104
11
377
15
352
4
470
9
218
5
32
3
172
11
26
13
180
2
U
200
6
162
2
479
25
45
20
266
23
466
7
263
19
B
11
119
2
