2
18
U
100
12
212
8
179
7
429
0
198
0
98
5
350
5
151
5
391
4
241
4
330
5
44
8
385
7
S
380
10
431
13
294
17
452
9
172
28
64
10
410
8
305
16
104
1
408
34
245
19
D
260
8
386
15
499
1
94
18
373
28
3
17
276
1
122
15
82
20
X
260
16
286
12
498
14
231
5
285
7
326
7
8
3
168
2
381
8
76
11
230
11
32
5
328
5
434
10
356
14
126
9
77
4
C
160
13
478
2
435
11
264
2
4
2
202
9
273
7
117
3
266
8
315
0
37
2
464
3
395
5
99
9
F
340
9
73
8
177
0
18
30
261
6
403
9
419
34
262
4
313
11
173
10
I
300
9
297
18
394
9
354
23
304
22
460
33
256
8
457
11
387
18
466
18
G
260
3
265
61
474
50
89
43
W
360
12
17
3
279
8
192
23
240
12
374
7
206
5
183
9
461
8
130
26
449
11
115
3
396
15
A
140
17
182
1
85
3
15
8
31
2
135
7
436
3
110
6
197
0
365
3
348
0
200
4
438
5
246
3
389
0
29
0
415
4
49
6
P
320
9
148
32
401
27
41
17
336
19
159
13
342
30
322
19
412
8
316
20
H
260
13
145
2
312
20
275
3
309
5
128
19
483
10
208
19
166
11
379
18
147
8
278
4
390
7
66
8
Q
220
17
352
6
54
7
465
8
201
4
448
6
289
9
420
11
335
9
418
11
93
7
165
2
353
0
411
0
133
8
218
2
107
8
425
10
K
220
7
195
31
299
25
69
7
421
6
468
11
39
31
277
22
N
180
7
178
3
260
0
36
1
16
15
120
9
456
14
359
3
T
340
19
301
15
287
14
14
0
347
14
450
12
343
10
216
0
272
4
68
9
463
5
424
6
302
3
61
8
444
13
311
3
484
15
207
17
53
17
254
6
O
380
10
0
6
132
19
224
12
345
7
378
9
252
24
101
22
290
14
362
36
488
6
Z
300
8
364
27
171
18
248
13
375
15
451
33
369
16
187
2
281
35
D
2
417
0
