2
21
T
200
17
339
7
173
8
213
9
3
5
119
5
372
0
333
6
44
7
50
4
216
4
440
4
403
5
257
9
395
0
419
1
349
7
201
2
N
240
15
284
10
488
16
281
8
418
3
462
14
340
12
338
2
263
2
405
4
126
12
133
7
32
11
170
14
286
10
442
1
O
200
17
57
2
60
4
102
11
111
0
399
9
259
10
435
1
163
4
39
0
95
0
138
2
366
7
415
0
166
10
219
11
254
7
162
1
M
360
11
297
31
322
22
0
27
222
19
383
12
225
14
107
9
207
29
89
27
312
7
239
7
C
320
4
452
39
443
55
417
27
100
41
R
340
17
387
17
427
12
380
2
66
16
258
7
481
15
498
1
408
3
123
18
101
17
422
17
486
2
430
7
182
5
364
14
303
18
302
11
J
220
15
189
8
367
12
156
6
318
6
265
10
285
13
314
0
260
14
31
9
350
4
180
7
242
0
223
10
179
5
88
5
Y
120
8
317
11
410
2
354
10
130
10
347
0
371
1
401
11
42
2
E
280
4
30
51
139
36
342
8
424
43
U
160
4
305
40
226
39
69
36
375
31
F
320
17
164
15
97
13
252
9
409
6
377
17
468
16
98
18
402
2
414
15
5
16
449
0
345
6
48
11
262
8
190
0
114
3
196
16
Q
100
9
275
6
433
4
22
3
186
7
381
1
161
5
20
8
243
5
282
1
A
380
15
396
24
298
23
235
4
341
23
283
3
445
4
251
25
291
25
426
9
7
3
120
6
469
2
13
16
205
11
249
23
G
120
18
209
3
104
1
411
6
197
4
431
2
336
5
290
6
289
1
439
2
496
4
392
6
394
3
203
2
79
4
361
6
113
3
309
5
21
6
V
220
18
33
3
331
9
8
4
477
1
294
4
293
4
327
5
450
4
67
10
421
9
86
7
374
9
470
12
27
12
437
1
389
10
499
7
476
2
X
160
10
17
15
271
10
247
12
378
4
269
13
158
5
55
12
316
13
376
9
115
16
Z
100
18
90
0
492
2
325
5
178
5
12
2
277
5
204
1
153
0
358
4
220
1
19
4
319
1
438
0
157
4
472
4
155
1
135
1
393
4
L
280
6
455
19
208
33
448
13
451
24
425
20
212
33
K
180
6
168
19
64
19
131
0
28
28
194
6
351
10
W
360
11
99
4
461
3
348
2
326
26
231
3
355
22
58
5
373
4
74
7
473
14
49
4
S
360
6
77
2
93
34
85
40
78
35
11
29
397
5
C
0
195
3
