2
14
E
200
13
184
13
460
10
380
2
28
14
79
4
206
3
198
12
440
15
54
6
373
8
394
1
389
11
276
15
K
380
8
247
5
481
29
88
42
428
24
208
13
268
8
311
35
135
37
B
100
10
13
2
486
3
375
3
296
4
275
6
254
8
126
1
258
6
66
3
337
1
D
200
9
361
9
31
20
487
16
482
18
240
17
82
22
36
15
384
8
137
1
T
160
4
287
0
47
36
468
40
403
31
X
240
17
331
2
5
0
395
8
491
5
139
14
119
4
70
13
448
11
294
10
112
7
122
11
27
14
436
6
382
1
225
0
162
14
72
6
F
240
14
315
11
233
7
253
14
188
2
400
11
439
4
404
8
29
0
155
5
179
5
118
3
358
9
445
8
386
4
Z
120
14
422
7
362
4
143
6
251
2
138
5
261
3
68
8
409
1
106
8
158
1
462
4
279
1
388
0
304
8
Q
380
10
45
18
48
5
56
32
181
13
249
13
86
32
167
21
496
11
267
15
467
33
J
240
14
108
0
465
7
328
17
145
14
378
11
91
0
42
9
171
13
127
5
398
15
359
1
449
4
123
5
257
6
U
240
15
364
14
297
8
423
0
415
13
152
15
273
8
85
14
216
16
435
2
444
11
391
11
490
11
335
11
367
4
226
16
P
160
17
343
2
150
4
390
4
464
7
149
5
354
6
381
6
239
5
84
5
310
2
284
5
160
2
133
5
132
9
59
9
92
9
193
9
H
200
12
161
6
83
4
140
1
40
6
322
16
224
5
3
0
94
2
174
9
205
8
470
13
187
8
Y
100
5
39
1
414
3
78
8
236
13
128
17
J
5
189
3
