2
16
D
160
3
63
23
304
45
263
50
L
180
8
82
8
291
0
454
5
483
14
107
19
236
2
205
21
321
0
G
380
3
310
17
58
10
120
100
Z
200
7
223
10
338
0
417
24
451
13
387
12
118
20
464
27
A
140
7
212
10
171
17
86
19
231
20
186
12
200
2
168
0
X
160
8
203
8
143
20
133
18
407
14
194
16
238
6
369
13
362
8
P
240
7
206
1
460
2
301
9
98
2
322
26
139
17
276
13
W
200
17
125
6
386
0
347
2
233
4
478
3
354
6
21
5
482
7
67
0
466
8
358
0
490
2
115
11
219
10
491
3
197
0
463
0
N
340
13
110
5
138
7
96
10
355
17
335
7
325
3
320
6
40
2
292
15
42
20
366
26
318
3
403
21
R
380
13
296
6
24
9
495
21
486
7
39
9
103
26
392
18
73
13
489
17
245
7
327
4
479
27
477
10
Q
100
17
100
1
149
0
23
4
3
3
254
0
467
4
191
5
174
0
445
5
252
4
163
0
496
2
277
3
349
1
80
5
8
4
342
5
T
320
16
185
11
439
1
202
12
198
20
114
2
129
15
215
13
345
8
15
7
34
3
462
4
69
12
485
16
132
11
499
14
68
16
I
180
11
123
11
400
6
162
5
411
4
57
7
376
8
164
4
209
5
315
10
330
5
218
2
U
140
3
243
4
346
38
44
15
V
320
8
122
30
476
0
484
34
169
0
237
40
22
29
350
37
390
40
K
100
5
256
14
27
12
141
8
83
18
380
17
V
4
77
1
