2
17
J
320
5
313
54
72
21
338
32
124
50
212
34
A
180
16
318
8
450
5
388
10
400
7
340
6
404
10
352
1
5
4
181
8
151
0
29
1
434
0
117
7
102
4
497
11
336
5
S
220
8
347
5
148
6
46
22
195
26
268
15
8
16
192
0
158
24
I
340
7
166
24
42
10
274
30
448
41
408
13
323
27
494
5
X
360
10
115
36
375
35
231
32
495
31
398
5
223
33
156
22
484
5
355
31
138
35
B
160
7
354
12
277
2
315
19
150
12
385
17
96
6
295
15
Y
140
11
414
11
189
2
272
10
496
11
381
7
41
7
396
12
472
9
370
2
473
0
345
9
F
340
17
200
9
78
1
444
15
249
1
384
10
120
0
100
11
32
3
90
10
163
4
328
0
153
14
252
11
230
9
259
4
113
10
56
10
T
260
15
35
5
176
10
297
10
201
14
202
16
184
2
48
14
147
9
361
8
64
10
319
9
390
1
391
5
332
11
360
4
V
340
8
80
40
470
37
452
26
387
8
33
38
437
6
207
30
417
36
Z
100
17
52
0
18
2
44
3
209
2
177
0
228
2
266
4
118
5
173
3
229
2
344
1
378
0
499
0
85
3
95
5
461
1
65
4
L
140
6
273
21
13
15
12
21
428
6
486
9
464
19
W
140
9
182
11
157
12
196
5
43
3
204
8
248
1
94
13
57
9
290
12
H
300
19
253
11
479
6
246
14
7
13
393
14
415
15
453
15
39
10
54
2
25
5
395
12
447
14
488
15
469
3
271
1
256
5
114
13
51
0
383
4
D
160
13
30
10
23
3
1
7
98
2
122
12
412
4
320
6
140
7
449
7
465
8
409
4
143
0
104
5
R
140
13
238
10
21
1
331
6
205
2
69
3
339
7
416
9
477
6
457
2
126
6
348
3
492
0
401
10
K
180
16
206
10
314
1
367
9
482
8
68
6
294
8
226
7
456
6
155
9
134
1
284
8
4
7
214
11
440
2
194
1
187
5
Y
8
326
13
