2
6
R
360
8
410
22
289
35
98
30
340
30
326
16
220
38
366
17
174
42
L
200
19
470
6
57
0
66
0
437
1
151
7
10
3
492
10
85
7
24
0
172
2
233
10
100
6
186
4
79
1
12
8
124
1
6
6
69
8
409
7
T
280
15
168
3
447
12
357
17
390
14
88
4
38
0
488
13
419
9
36
8
40
1
37
12
205
12
83
2
402
6
102
18
H
360
9
62
6
26
30
363
40
153
14
209
13
452
8
345
15
3
12
182
36
A
140
13
157
1
475
10
190
3
381
2
170
5
406
1
42
9
200
5
393
9
386
7
104
5
158
2
463
10
U
180
9
192
18
376
20
245
18
347
11
387
0
298
18
321
14
399
9
50
18
T
12
148
3
