2
19
L
260
18
223
1
498
8
463
4
246
5
375
12
395
8
448
10
253
7
270
11
30
1
390
0
84
4
23
3
481
11
425
9
422
11
274
2
398
8
K
340
12
431
21
20
21
334
22
267
9
327
16
371
11
59
11
472
3
251
10
189
6
214
19
382
10
A
120
18
488
5
57
0
107
3
368
3
418
3
460
6
236
2
397
0
383
6
305
1
399
3
342
6
377
3
470
6
465
2
71
6
2
6
364
4
F
380
17
6
10
146
22
497
2
22
18
290
18
484
0
5
3
457
18
295
0
13
13
218
16
434
22
120
8
306
13
174
20
134
19
170
21
Z
280
10
50
27
193
26
311
23
405
6
381
26
339
3
70
21
454
7
309
4
200
15
P
260
18
49
0
157
7
237
6
125
12
234
12
440
10
114
9
196
0
286
4
186
14
373
8
9
9
424
11
41
14
475
14
4
8
47
7
183
12
J
280
3
32
68
478
10
46
21
I
380
19
117
1
322
8
235
20
148
8
220
15
89
20
140
12
166
6
304
13
142
4
380
10
280
16
97
8
83
8
300
16
455
12
215
4
392
12
403
20
R
100
9
430
3
400
9
456
10
110
7
143
8
118
11
175
6
419
1
169
9
B
360
7
386
25
366
39
249
48
56
43
313
39
258
38
82
39
W
300
3
33
35
151
20
197
33
N
380
9
423
27
194
5
91
31
241
19
480
32
52
20
103
17
467
5
272
33
X
160
10
328
2
72
5
188
9
101
3
436
16
493
0
187
15
337
1
213
10
198
5
H
220
6
86
6
259
26
369
16
113
10
252
19
202
8
D
260
3
231
79
389
75
384
82
T
260
4
414
42
1
33
483
13
24
29
C
320
19
176
6
408
11
51
13
45
9
25
15
495
5
207
13
278
16
121
6
449
8
156
5
219
3
85
12
315
1
108
8
469
14
341
6
346
7
378
11
O
180
10
462
13
442
8
293
14
494
0
302
7
181
14
153
7
111
16
329
13
203
5
G
300
13
122
22
254
17
435
14
411
0
76
6
238
3
88
13
292
22
168
2
60
8
247
1
210
12
43
21
G
0
77
6
