2
9
A
100
4
218
22
448
10
326
17
90
12
K
320
9
137
6
227
25
412
22
314
6
195
32
66
30
469
23
248
12
432
16
S
380
9
362
24
179
40
178
31
301
41
99
11
371
12
256
11
332
7
323
7
T
380
12
497
1
165
18
388
7
291
22
253
1
294
5
470
22
343
10
47
4
429
11
237
16
76
12
N
100
13
18
1
303
6
285
6
482
0
42
4
491
1
456
2
93
3
333
1
400
1
244
2
422
3
6
2
B
300
15
435
11
192
6
270
19
310
8
299
17
419
12
302
7
147
5
116
3
411
14
356
20
480
19
474
8
52
11
447
10
J
220
18
91
4
189
8
124
3
434
8
336
2
286
1
316
8
252
7
94
0
62
5
153
6
4
0
151
1
355
10
269
7
450
9
22
2
431
9
I
360
12
451
8
50
9
288
6
89
22
287
26
205
15
406
30
444
13
433
14
309
18
258
1
345
1
R
240
15
149
4
233
4
489
14
466
3
488
1
43
6
126
7
71
13
484
6
139
12
104
14
335
7
493
7
142
6
330
16
N
9
337
7
