2
16
U
360
7
71
4
0
44
400
4
88
44
196
35
267
47
264
1
B
320
4
380
55
468
75
249
77
348
33
V
220
19
407
2
224
3
394
3
427
8
280
4
198
8
411
3
208
10
27
6
139
3
372
2
358
7
495
1
481
9
203
1
212
2
441
8
148
4
90
1
A
140
12
154
2
269
8
323
10
412
8
48
2
138
10
320
7
59
0
385
1
56
6
439
4
145
2
E
240
10
388
17
344
3
3
14
46
1
399
2
102
23
246
7
403
13
235
24
55
16
C
180
9
32
18
19
12
140
12
402
3
371
12
191
2
469
0
222
16
144
7
F
340
11
442
0
80
25
120
6
281
5
314
27
436
30
147
11
370
29
250
8
337
28
54
25
N
280
9
252
22
260
5
387
16
409
26
76
2
453
19
186
14
376
16
381
14
G
300
6
142
38
383
35
296
16
176
5
126
37
244
1
J
200
16
384
7
173
10
248
4
259
1
78
5
271
0
30
8
340
2
307
11
182
7
151
12
483
4
38
4
475
4
130
4
110
6
P
260
14
26
8
183
18
463
9
123
9
316
17
241
18
276
9
305
11
486
12
225
4
258
6
328
0
6
7
42
17
T
280
4
121
25
366
13
189
68
408
34
K
260
13
382
8
237
15
160
10
204
7
428
6
346
15
497
6
25
10
437
17
175
20
263
9
335
0
125
4
L
240
17
326
12
162
13
303
6
318
2
473
13
471
13
84
0
274
0
284
0
268
7
112
8
342
3
391
10
100
12
347
0
40
0
293
14
Y
320
8
2
40
292
3
156
36
67
27
446
15
444
12
134
28
390
19
D
280
12
498
0
349
13
22
1
149
13
476
6
18
23
447
22
338
12
489
16
184
0
214
18
11
16
A
1
367
3
