2
11
I
300
6
202
45
227
31
41
40
306
4
104
32
305
45
X
360
4
63
86
390
67
193
46
282
71
J
200
16
113
10
377
8
2
11
294
8
281
2
266
5
235
0
93
2
268
6
290
8
89
8
418
0
33
3
149
12
57
4
8
0
M
200
8
140
6
272
11
476
0
488
0
97
4
312
14
187
13
162
20
Y
100
7
32
10
234
12
15
5
280
1
498
1
328
8
131
13
H
280
5
465
16
30
44
195
29
358
44
340
3
E
360
16
0
5
424
11
470
1
431
0
144
0
314
4
12
1
127
15
468
8
247
18
343
2
374
8
263
20
64
21
145
16
443
19
Q
160
8
119
10
3
18
82
0
72
6
37
6
464
8
365
9
289
13
O
180
16
91
8
74
9
382
6
367
11
53
11
28
3
136
5
401
8
494
7
485
3
428
6
411
6
497
4
226
8
325
1
39
0
D
340
13
170
23
331
20
341
3
148
7
174
15
316
0
432
19
176
14
161
10
84
8
169
17
196
8
293
7
P
100
8
496
10
123
9
493
7
398
10
117
6
75
0
313
10
109
0
X
2
279
12
