2
6
M
360
4
358
76
21
46
469
90
333
4
T
320
15
70
14
476
14
108
13
5
2
197
19
232
8
42
3
438
8
350
11
157
14
113
0
96
17
102
2
356
15
492
0
W
200
14
330
7
450
8
275
5
491
11
175
0
281
10
287
7
267
13
121
4
431
14
288
6
4
1
435
4
15
6
I
380
7
139
20
302
13
317
50
461
29
439
7
238
6
27
36
J
240
13
192
6
437
8
251
9
183
10
338
14
379
9
319
2
173
0
71
10
111
0
374
18
114
13
417
14
V
100
7
200
10
125
11
332
2
420
5
357
8
226
0
424
7
T
9
149
8
