2
19
H
100
12
347
6
173
0
59
5
32
6
283
4
80
3
154
6
21
2
92
4
52
0
160
8
120
0
W
260
5
249
40
11
25
91
3
423
22
246
34
O
120
6
233
13
4
7
262
15
321
14
199
18
49
9
A
180
9
312
19
139
5
454
14
346
2
57
12
62
15
265
18
102
5
408
5
J
340
19
61
14
345
4
89
12
230
6
195
11
341
3
156
11
393
6
147
17
186
7
196
4
135
8
469
5
50
4
121
12
456
8
411
13
20
14
306
16
V
280
19
468
0
157
1
149
10
192
8
416
8
434
3
142
3
364
4
234
5
340
2
194
4
0
12
260
13
354
1
388
9
271
9
103
6
90
2
390
0
D
160
14
278
6
213
0
362
11
465
1
410
5
162
0
403
2
357
8
150
6
155
10
206
0
37
4
229
11
67
8
R
220
10
60
7
363
12
303
11
290
13
130
10
401
18
222
8
369
1
170
19
266
11
P
180
18
79
3
163
0
141
5
86
2
359
4
329
10
429
7
261
10
400
9
250
0
267
7
123
0
25
9
273
7
263
3
406
8
407
6
146
2
U
300
5
253
44
193
44
46
50
7
11
202
31
I
100
11
316
3
211
0
327
6
319
8
171
0
335
5
444
2
291
7
348
4
482
1
386
6
Y
360
17
29
13
376
7
84
2
105
14
226
4
361
6
485
12
237
4
219
19
367
19
177
2
81
5
128
18
333
15
358
11
299
15
140
5
B
360
17
43
19
398
12
2
0
109
19
183
6
339
19
360
13
23
13
470
5
264
0
298
16
472
15
384
1
31
2
65
0
216
9
325
8
Q
260
3
158
9
277
24
493
29
C
340
18
42
4
275
11
342
12
436
15
352
14
54
17
76
5
184
15
372
3
286
2
56
17
274
11
399
10
276
12
424
17
415
3
241
15
256
6
S
180
16
39
3
344
1
232
0
73
10
70
9
191
9
16
5
476
10
285
8
87
2
269
0
467
5
259
5
397
10
181
5
225
5
F
380
18
133
11
74
0
14
20
280
20
201
19
64
11
295
20
240
16
161
3
214
14
118
2
450
19
212
13
22
20
323
9
223
18
30
20
433
17
G
340
9
425
5
281
11
313
20
487
16
167
1
461
0
427
9
270
25
440
34
Z
100
18
297
2
45
1
373
2
448
5
51
1
258
1
116
5
175
3
391
5
443
2
151
4
166
3
138
0
396
3
404
2
375
4
176
5
282
0
V
10
69
4
