2
12
O
280
11
59
12
488
15
283
5
315
24
238
11
240
22
389
2
335
12
430
14
94
2
287
1
J
200
13
129
10
364
10
228
0
162
2
153
9
98
12
414
9
176
0
29
6
143
13
327
5
53
9
110
11
E
120
14
112
4
8
7
487
7
233
3
369
5
291
1
83
7
128
2
215
5
472
4
159
3
95
7
416
4
41
3
P
340
9
179
11
404
19
192
13
7
8
243
28
247
32
264
31
109
6
206
21
X
100
4
398
6
367
2
493
19
453
16
R
100
13
101
7
203
4
377
4
473
4
133
2
34
3
44
7
339
3
463
5
383
7
71
0
455
1
395
4
S
200
19
151
3
301
9
54
10
184
2
225
4
435
10
368
10
443
5
96
7
424
0
216
6
456
2
271
4
186
4
222
3
55
2
428
5
171
0
360
3
I
180
7
69
0
178
8
202
23
148
8
454
7
218
4
446
23
L
280
10
269
11
72
14
177
28
318
1
375
17
174
2
347
13
211
21
359
7
89
22
C
140
13
330
1
239
4
449
6
191
8
290
3
232
5
262
4
390
1
11
6
370
9
251
2
341
9
316
3
K
340
13
361
22
122
3
210
20
138
12
2
2
354
4
1
4
353
8
156
1
432
4
181
25
252
25
323
9
G
260
17
274
1
32
0
73
12
308
0
331
1
296
14
56
13
342
2
64
8
131
9
77
3
434
2
81
1
14
15
205
5
10
6
494
8
X
3
358
10
