2
13
S
140
7
167
17
124
16
6
20
424
9
212
5
235
13
360
19
W
280
15
282
7
220
7
255
8
449
15
490
14
50
12
39
10
464
0
64
13
97
4
57
17
245
2
240
10
297
17
35
5
N
240
9
243
1
166
17
437
22
22
19
239
17
322
15
156
25
75
10
24
2
C
120
8
175
4
362
10
196
0
373
14
359
2
4
9
483
3
276
13
A
120
19
11
6
348
2
26
2
144
6
231
5
320
5
121
2
377
5
60
5
279
4
9
0
350
2
495
0
117
5
249
4
365
6
318
1
192
4
198
6
B
360
4
179
80
63
17
391
51
96
1
L
360
7
478
6
266
31
305
37
208
6
69
8
489
48
118
16
V
120
8
327
7
169
10
278
10
15
13
172
8
409
6
416
12
195
8
Q
120
11
31
0
71
10
264
3
380
9
395
4
311
10
321
2
371
10
438
2
385
1
223
0
M
360
6
37
31
366
28
333
24
77
8
479
50
107
60
X
380
11
70
26
181
14
310
1
94
2
353
18
275
6
100
26
151
34
254
16
58
19
103
18
Z
300
16
344
2
425
0
390
17
158
7
79
18
454
4
49
2
163
2
74
10
216
2
112
13
474
11
312
8
252
12
345
18
224
17
H
240
11
331
8
298
12
131
8
484
16
337
18
498
16
401
1
128
19
52
11
127
13
324
21
V
5
336
3
