2
24
X
280
10
283
5
336
3
165
19
190
12
96
15
284
0
389
16
417
2
421
4
121
17
O
280
14
103
2
19
13
53
5
154
11
291
6
428
18
296
14
285
12
433
7
387
16
170
11
15
19
256
8
119
9
A
140
13
28
7
109
5
407
6
166
10
69
6
470
7
188
10
101
0
459
2
476
4
482
0
59
8
192
8
Y
180
11
352
8
117
6
276
3
104
4
6
5
236
3
245
8
224
16
439
12
494
13
498
16
B
320
12
149
24
79
16
462
14
400
9
309
0
408
2
64
16
382
1
76
0
363
10
464
22
108
4
W
320
6
325
52
35
32
112
17
375
50
364
14
4
33
D
340
9
237
12
304
25
3
10
0
31
68
29
16
37
214
27
290
14
495
8
K
340
15
48
6
250
5
194
1
422
12
17
20
394
19
42
3
60
8
410
3
89
5
241
19
134
6
492
1
339
10
14
19
M
300
15
142
18
144
8
51
6
457
9
66
8
297
17
201
6
371
11
478
2
155
1
326
11
454
17
420
11
277
15
351
9
H
300
3
120
13
307
5
474
7
T
100
9
83
1
145
4
135
3
261
0
133
7
105
7
200
11
347
11
85
11
U
360
16
409
0
292
11
239
7
460
6
356
11
177
5
279
5
391
15
41
2
480
2
401
6
243
15
463
15
31
11
416
22
487
16
Q
240
12
23
9
136
20
153
9
310
6
418
7
141
18
340
2
414
11
468
7
55
18
32
15
415
0
L
180
4
427
11
186
8
162
32
403
26
E
200
12
331
6
157
1
148
2
349
9
332
11
255
7
197
2
173
10
259
15
497
2
342
15
452
8
R
220
19
195
4
266
9
381
11
111
3
393
9
8
0
434
5
82
3
45
6
267
6
73
11
436
2
395
10
63
1
469
4
219
8
146
10
199
11
208
10
S
160
9
373
14
440
14
398
2
390
17
412
14
36
4
455
7
298
15
481
15
Z
120
8
81
8
448
2
106
15
90
14
272
0
187
7
280
5
212
14
I
300
9
26
30
288
16
91
24
206
29
252
32
451
27
216
31
426
1
114
28
N
240
13
54
15
413
17
315
16
213
10
334
8
386
15
329
2
377
16
70
8
43
8
444
8
264
3
231
9
F
340
16
227
20
405
8
359
3
238
14
335
0
218
2
321
21
475
19
449
18
1
11
125
21
87
5
44
0
33
10
191
9
215
8
V
160
3
37
22
303
20
27
22
C
160
18
369
6
322
2
7
0
479
6
419
1
185
3
181
1
258
0
222
0
221
8
348
1
167
6
210
8
175
6
311
2
72
7
61
0
471
1
G
160
13
20
4
477
10
93
7
132
10
430
10
39
9
499
7
2
0
152
3
343
10
230
2
11
4
490
6
M
4
244
12
