2
11
Q
160
5
372
21
91
20
10
16
50
14
276
4
J
220
14
217
14
413
12
387
13
339
8
408
8
144
13
0
11
377
15
23
12
492
14
109
12
409
4
392
7
93
7
D
160
8
342
3
258
18
56
11
319
7
482
11
400
10
466
1
274
5
H
140
3
95
33
161
4
52
7
E
160
16
32
8
135
8
358
8
269
0
434
0
355
7
478
0
394
5
451
4
445
5
386
5
318
0
193
5
252
0
119
9
132
10
T
260
11
455
13
229
20
475
15
458
20
24
20
211
6
378
14
228
22
208
17
450
21
393
13
K
320
11
72
24
170
3
55
16
416
17
418
26
235
21
278
19
126
24
426
12
163
23
1
11
R
320
7
464
40
42
24
438
24
469
6
102
33
69
4
327
21
P
240
7
154
12
459
29
124
18
198
3
271
29
491
21
282
29
Y
120
18
403
0
244
5
341
5
234
6
270
4
486
1
468
6
59
0
66
1
176
1
106
1
63
3
262
5
266
6
444
2
473
1
233
1
192
2
N
340
3
76
97
254
107
143
42
R
1
114
12
