2
16
Q
120
8
178
7
114
3
371
2
247
11
363
15
419
6
323
0
433
10
X
240
17
486
13
109
0
415
4
347
14
101
4
444
12
151
5
87
13
237
1
42
8
370
13
44
3
117
6
354
12
26
11
257
7
81
4
T
160
15
48
4
154
5
189
5
191
9
292
9
339
9
426
7
470
7
55
8
41
5
282
7
102
2
293
7
168
3
2
10
K
380
7
235
26
396
31
428
12
72
28
478
49
208
22
134
52
D
240
3
367
68
430
17
140
77
C
380
10
137
15
275
33
221
21
153
19
411
5
319
35
82
16
28
9
425
25
421
16
B
160
12
264
1
206
4
14
9
6
8
299
12
79
10
241
1
223
13
274
0
35
6
201
13
285
0
M
280
9
174
12
461
23
440
3
248
13
439
4
49
9
161
10
107
7
129
31
N
360
9
464
17
380
12
361
3
272
2
203
32
150
2
91
15
468
4
491
28
P
260
11
325
15
90
0
112
6
97
20
127
14
60
0
95
21
333
17
359
19
328
2
408
3
L
200
17
497
1
147
7
88
4
54
8
483
8
84
3
165
7
92
9
63
3
382
1
462
2
342
11
38
11
11
7
202
3
46
7
280
4
J
340
16
336
7
304
15
170
18
45
14
176
21
389
9
281
18
159
14
4
13
316
6
16
5
488
3
345
14
448
2
34
12
446
15
O
180
4
362
43
300
1
37
19
308
8
H
160
15
197
4
22
4
115
9
240
5
259
2
456
4
348
2
184
9
77
9
329
1
499
3
405
9
269
2
309
3
194
7
Z
380
17
239
0
471
4
177
12
222
4
351
9
472
0
278
22
350
7
340
10
357
14
368
18
200
10
23
18
476
20
442
11
403
6
387
17
R
340
10
379
27
465
24
141
3
335
31
15
24
391
8
250
34
283
8
62
22
1
10
N
1
246
6
