2
7
Y
200
4
287
27
36
49
61
8
187
28
D
340
10
422
8
359
0
154
7
210
13
372
2
443
26
387
32
110
13
307
29
136
22
W
340
14
15
9
265
4
174
20
352
16
376
4
382
8
29
10
213
10
329
17
95
9
181
17
464
4
440
23
169
3
P
160
13
7
5
100
8
9
7
402
9
205
3
411
8
76
9
451
3
87
3
410
0
463
11
470
9
495
7
X
300
19
397
14
157
5
478
8
413
14
436
5
2
10
467
7
158
13
249
11
267
15
65
11
224
10
34
1
350
0
102
8
192
3
222
14
258
0
288
8
A
300
6
374
10
404
25
395
49
340
9
302
0
257
35
H
340
6
242
9
454
0
468
25
66
13
273
13
477
20
H
1
445
9
