2
5
I
180
17
365
5
82
9
38
1
248
6
430
9
299
8
223
7
480
2
107
9
197
7
103
5
140
2
119
7
163
8
275
4
183
1
352
3
J
140
11
31
4
68
1
367
9
171
8
200
10
392
1
62
10
368
2
189
11
11
1
204
8
G
260
13
40
0
274
9
422
10
376
19
323
0
126
2
7
14
277
12
166
5
264
5
259
17
232
14
241
0
V
120
8
379
8
127
2
260
1
174
5
494
0
33
0
5
14
456
15
O
260
7
142
18
240
36
250
25
412
4
471
33
184
35
293
11
J
7
170
6
