2
12
U
300
6
481
2
470
28
402
25
348
13
242
45
147
49
J
260
3
202
35
140
56
193
18
G
140
6
457
13
274
1
31
10
489
4
389
2
210
8
Y
140
4
331
5
196
22
36
18
222
12
C
380
14
378
25
431
1
268
23
200
21
334
21
176
22
453
14
294
8
363
18
317
4
62
14
314
15
188
0
59
7
T
140
11
271
1
144
4
94
10
220
5
76
10
163
1
333
8
72
4
89
5
443
1
90
5
M
240
14
101
2
398
13
231
14
299
7
8
13
266
6
251
16
388
6
152
3
259
15
14
7
158
3
23
15
352
12
H
160
19
459
0
236
5
296
8
360
4
379
7
473
2
105
2
60
2
270
6
79
8
349
3
487
8
243
7
30
0
137
2
424
0
42
7
80
7
78
3
R
200
11
325
6
223
14
399
4
273
3
64
14
291
4
447
0
85
18
287
2
451
6
156
16
S
160
6
164
16
29
22
52
4
66
8
37
12
2
3
N
240
18
20
2
215
1
377
6
415
9
355
11
241
5
488
1
343
9
171
6
19
5
136
6
207
1
322
12
468
8
308
13
56
4
313
2
286
0
Q
320
8
444
19
367
22
25
7
288
13
180
39
324
40
290
15
328
18
H
7
408
13
