2
8
C
340
5
407
6
258
61
106
18
185
52
172
43
X
280
16
108
12
126
1
72
7
41
0
427
3
39
12
121
10
454
0
254
6
160
0
173
13
274
4
127
10
124
6
226
6
147
16
V
200
3
446
61
471
47
200
43
P
360
19
190
5
298
17
399
12
155
7
401
6
12
8
233
2
318
16
312
0
315
16
112
11
51
11
371
16
35
16
470
1
457
10
404
16
154
5
88
7
H
260
13
250
5
365
0
143
10
165
11
151
15
113
1
201
11
53
5
461
8
336
20
359
14
180
0
439
0
G
240
8
376
21
363
19
313
27
13
16
360
11
70
6
246
19
361
5
R
120
16
331
5
38
3
375
7
43
0
11
0
178
5
17
6
204
4
498
3
478
3
466
1
256
2
403
1
247
2
418
3
163
0
O
380
17
87
22
283
13
455
3
398
14
197
20
150
4
153
3
309
6
373
14
232
10
102
21
448
5
234
20
175
12
468
5
267
18
296
14
P
16
305
4
