2
20
C
380
3
364
38
275
44
259
11
D
380
11
279
11
464
15
498
28
113
25
424
16
109
21
145
13
62
30
139
32
339
17
344
24
S
200
17
141
11
445
9
328
3
420
6
299
0
281
1
277
0
244
7
290
4
54
4
2
6
236
6
144
9
366
7
124
1
499
0
332
0
Y
300
12
373
6
269
7
151
10
382
3
80
11
286
5
278
11
375
23
452
15
91
18
260
2
461
10
F
300
11
201
12
123
7
295
13
255
2
474
18
432
26
326
12
239
13
410
0
172
25
114
1
Q
140
18
223
3
362
4
52
5
377
4
18
4
86
4
264
6
168
7
180
0
74
3
300
1
174
1
163
1
412
4
224
2
222
0
487
2
301
1
P
320
8
73
34
159
6
349
2
346
36
471
39
7
18
135
11
481
34
I
300
12
356
10
454
12
71
21
161
19
242
0
402
22
196
0
470
25
31
15
262
3
265
25
350
24
O
260
15
365
2
496
3
106
9
368
12
233
17
309
7
69
8
203
8
378
10
15
13
170
5
491
5
355
10
212
15
153
12
H
320
8
82
17
360
40
208
25
51
2
216
27
323
22
381
13
367
24
J
360
7
254
31
117
5
5
27
342
50
169
30
413
39
467
37
U
140
4
221
5
302
8
93
33
197
23
R
240
14
287
15
298
17
438
6
314
14
394
16
280
3
38
6
489
15
276
1
458
7
387
15
338
7
405
4
16
2
V
360
11
83
13
404
14
369
29
335
32
202
17
35
29
363
21
249
5
186
22
210
30
55
25
G
260
9
401
14
20
9
9
6
388
18
127
4
81
10
66
22
228
26
482
11
E
120
16
166
1
282
1
78
3
130
5
371
5
453
1
389
4
39
3
98
5
182
2
451
4
390
0
154
3
386
5
122
6
490
4
N
240
12
97
19
414
2
178
19
466
11
450
6
317
3
112
11
307
11
160
14
476
4
100
13
155
14
B
140
19
137
6
50
0
357
5
256
7
313
7
179
5
400
3
456
6
351
3
88
1
421
4
484
3
36
0
252
2
303
0
211
7
23
1
442
6
251
2
M
360
8
465
6
13
9
33
0
419
43
125
35
191
38
435
29
449
42
T
260
11
408
16
27
9
41
16
56
10
193
19
220
11
102
16
348
11
227
0
469
6
30
23
C
2
289
3
