2
17
S
140
7
23
10
486
10
453
6
83
9
174
5
487
15
81
0
T
340
5
247
43
74
3
195
38
446
55
355
64
R
120
12
411
9
240
9
117
9
16
8
232
1
45
3
84
10
214
3
349
0
58
8
321
6
383
10
I
300
7
455
28
301
3
215
25
33
16
184
42
262
34
246
41
N
140
4
415
1
332
32
86
33
269
8
B
320
19
237
11
328
13
407
10
177
13
312
12
121
11
239
1
90
5
71
4
495
14
456
12
277
3
39
6
176
16
422
16
57
3
181
6
235
13
196
13
M
160
5
85
4
144
27
294
25
209
20
21
29
A
360
19
485
4
116
9
460
1
418
16
50
16
64
11
343
12
148
6
372
16
158
0
78
4
198
1
248
17
218
17
419
7
414
4
354
2
260
9
339
7
E
140
15
211
7
205
2
364
2
412
9
217
7
479
1
182
8
397
2
463
3
128
4
470
0
165
5
166
0
348
2
296
2
O
140
10
11
7
314
0
336
13
153
6
366
12
96
4
119
1
317
2
389
13
483
3
K
240
9
179
17
36
13
127
20
80
0
124
25
62
12
7
1
413
2
178
5
L
340
8
162
27
12
39
194
41
216
6
387
40
3
40
255
13
268
19
Z
240
12
484
7
365
18
43
9
170
11
105
8
467
13
428
6
55
17
340
2
468
15
362
19
104
13
G
280
3
358
55
360
24
474
87
Q
100
18
60
2
40
4
421
1
120
0
288
3
436
1
263
4
113
5
427
4
259
1
273
2
458
4
32
2
193
4
98
0
4
4
381
5
1
3
Y
140
4
324
3
424
0
306
1
61
0
X
280
16
157
10
222
12
457
7
169
17
316
13
92
3
208
7
72
15
451
16
230
5
243
16
221
8
403
2
334
16
204
14
52
14
Y
2
475
9
