2
24
Q
120
18
449
6
169
1
25
0
116
3
323
3
457
5
127
4
491
4
401
3
430
5
422
1
471
3
41
3
256
4
89
0
404
2
208
0
117
0
W
320
13
129
19
202
13
204
20
44
2
79
6
419
5
102
13
233
9
352
3
35
3
191
6
124
13
268
6
G
200
16
415
2
128
9
361
3
405
9
172
6
387
5
439
11
378
8
390
2
137
10
72
3
392
8
152
5
300
2
433
10
200
10
F
160
14
313
0
206
4
164
4
210
7
188
8
318
3
499
10
384
9
15
6
399
11
380
2
365
9
58
2
43
3
Y
340
8
20
18
371
20
38
17
357
13
163
35
51
32
181
29
132
23
D
320
5
403
39
421
46
60
30
209
58
376
51
T
320
4
267
46
27
32
388
77
263
24
J
320
6
96
0
309
51
286
18
88
18
93
46
358
25
U
100
19
145
3
82
4
162
1
217
5
412
2
101
4
343
3
372
1
56
3
356
4
242
1
154
0
99
3
257
4
97
4
302
1
369
2
448
5
426
2
Z
160
12
444
6
476
11
227
10
230
3
138
7
394
7
479
12
24
5
1
12
418
12
19
6
314
5
H
380
17
231
13
473
13
150
2
36
13
495
18
7
1
149
12
294
14
482
9
299
10
297
5
368
13
32
22
253
15
472
16
438
10
341
16
I
140
18
201
5
228
3
296
0
142
5
66
2
496
4
223
1
2
7
159
4
218
5
232
0
428
7
330
7
303
2
28
7
332
1
273
7
271
4
K
200
8
247
18
451
6
186
22
106
7
275
23
55
10
351
12
282
22
A
120
19
237
3
10
5
91
4
0
3
355
3
423
3
62
2
306
2
52
3
377
1
350
2
475
5
144
3
81
2
468
4
284
5
340
0
441
5
105
4
L
260
7
143
13
459
17
322
12
133
15
34
11
386
35
42
17
X
160
19
346
0
272
5
158
8
241
2
134
4
45
5
130
1
235
1
57
6
261
6
100
8
298
1
328
4
467
6
48
2
14
0
470
2
98
6
374
8
C
240
18
94
8
103
13
222
10
13
7
170
4
46
0
156
7
185
6
245
8
22
2
373
11
492
12
443
1
147
10
219
6
176
5
316
10
115
13
P
100
5
160
15
315
18
281
16
486
16
236
5
N
160
9
481
3
427
13
90
17
338
17
146
2
214
1
325
9
485
1
379
11
O
200
19
59
6
385
8
431
8
333
3
337
1
375
4
8
1
211
1
182
6
395
2
354
7
30
8
446
10
432
0
196
6
425
0
331
7
434
3
364
5
R
160
15
131
6
68
6
327
2
429
10
274
9
289
8
21
4
259
8
174
6
4
5
359
10
47
3
360
4
293
4
265
0
M
380
17
177
5
396
16
234
9
279
0
246
20
304
20
270
4
319
10
455
21
264
8
397
15
12
12
292
10
288
0
135
20
83
6
111
17
E
300
18
445
13
411
0
86
15
480
4
165
0
488
11
167
6
243
6
153
10
215
2
408
4
29
5
321
9
37
4
183
9
391
4
92
9
194
6
S
180
14
53
5
139
6
224
6
477
12
469
2
6
11
173
1
95
12
342
2
110
4
250
8
248
12
141
5
301
12
G
15
251
10
