2
22
B
360
12
272
7
76
14
459
10
175
10
249
24
460
26
307
24
161
29
295
22
395
19
479
2
323
29
N
100
11
41
9
308
7
150
9
18
5
3
1
252
7
435
9
488
0
146
7
19
0
8
7
D
280
15
301
0
351
9
224
1
289
6
400
5
228
8
358
11
287
9
68
13
16
9
53
15
97
11
13
0
277
13
336
1
E
100
18
181
4
417
0
24
5
170
3
381
2
101
3
232
1
236
2
179
2
319
1
29
0
173
0
108
1
471
1
195
2
339
3
155
2
57
4
G
160
10
432
4
462
2
286
4
247
3
496
10
237
1
21
14
208
0
425
2
23
6
C
380
15
302
5
480
15
142
17
390
19
27
18
148
25
47
15
209
6
483
11
28
12
122
13
273
10
426
0
225
8
186
9
Z
240
12
147
6
481
1
437
14
458
8
124
17
494
11
127
20
123
14
347
12
468
8
196
0
405
17
K
120
14
73
1
455
6
344
3
349
5
439
5
46
3
409
3
248
2
361
3
70
7
219
8
386
8
338
6
197
1
L
160
12
102
0
407
11
0
10
251
12
497
13
192
10
321
12
20
1
234
6
201
5
164
13
263
8
M
340
6
484
18
293
53
240
14
495
27
391
38
446
37
H
360
8
35
37
162
1
72
26
145
1
51
31
221
22
333
1
172
41
W
140
10
36
9
105
13
15
11
235
6
343
14
138
9
352
2
198
8
427
3
128
9
T
360
16
370
11
388
1
413
21
174
21
143
21
431
9
278
6
318
2
475
0
66
11
267
20
398
10
254
7
474
16
26
7
353
21
A
280
5
169
27
399
4
466
7
42
35
375
53
V
220
17
74
11
450
9
85
11
61
3
156
4
444
3
118
0
329
10
151
2
189
6
207
12
463
8
129
1
442
2
359
7
332
6
429
4
Y
320
7
144
27
58
24
109
16
262
18
356
20
90
33
411
24
F
220
4
48
42
107
14
117
46
215
31
S
380
18
69
15
96
20
261
13
296
2
167
8
113
3
11
21
231
5
77
2
62
8
330
19
139
17
111
20
385
15
449
13
379
20
476
16
157
3
U
240
8
185
21
256
14
412
20
177
18
88
17
159
27
368
24
84
6
P
160
12
445
7
17
4
187
1
303
0
199
2
2
5
473
6
311
3
269
4
226
13
22
1
114
13
O
160
14
299
5
482
6
340
4
31
5
119
11
288
6
350
9
134
5
408
11
116
10
245
5
82
0
283
11
365
5
R
240
19
176
0
393
5
75
12
217
3
434
6
328
4
451
8
491
8
285
7
202
4
59
9
110
2
415
9
227
9
448
8
392
3
290
10
126
0
292
0
F
1
357
13
