2
5
U
300
11
372
17
359
24
114
1
192
5
212
14
402
19
2
13
281
9
405
26
199
23
422
2
B
220
7
50
9
490
22
92
14
294
26
87
7
65
6
314
9
S
340
14
88
13
21
24
227
2
59
11
465
2
381
7
40
4
179
0
132
15
26
9
337
23
267
20
220
24
142
0
R
160
6
67
15
374
16
221
4
189
23
355
20
42
20
T
280
14
419
0
286
9
300
14
308
6
433
13
171
7
345
19
69
11
186
8
242
0
473
16
207
7
0
13
51
8
R
2
455
11
