2
8
Y
360
6
249
18
468
41
298
23
290
5
406
42
185
29
P
320
6
49
0
118
34
78
45
217
23
389
22
482
14
T
380
19
141
10
373
10
147
13
498
0
7
3
328
13
365
17
279
17
163
8
125
20
122
1
220
9
340
8
475
19
26
2
194
20
388
16
466
12
55
6
W
160
11
43
10
60
3
262
5
39
4
100
9
180
5
176
1
387
6
488
12
307
9
157
0
Z
180
19
297
0
375
4
197
9
192
0
318
4
349
2
258
4
223
5
108
1
378
1
334
7
429
4
299
5
355
5
150
7
85
6
83
8
325
2
425
0
D
360
19
354
4
72
17
493
1
264
5
329
15
214
6
123
4
11
10
159
15
450
14
358
0
456
15
224
1
69
14
66
7
207
6
5
17
246
8
228
2
L
120
7
305
9
243
7
36
2
101
12
168
7
17
0
209
8
S
360
16
382
15
449
1
204
22
433
9
263
15
156
20
267
13
445
18
294
9
356
1
251
4
88
9
27
0
229
11
68
1
414
17
Z
4
237
5
