2
19
X
380
9
244
12
115
36
139
6
130
1
470
4
417
32
498
1
141
39
133
4
E
280
7
290
5
308
20
251
6
450
20
165
31
459
32
358
33
G
380
4
270
60
284
33
225
61
96
2
C
100
5
93
15
121
20
402
18
188
19
86
13
U
300
10
453
13
19
20
109
17
463
17
253
25
293
18
27
25
374
16
160
2
330
16
M
300
6
14
11
60
28
132
44
181
39
473
31
406
40
F
140
7
204
16
206
7
274
15
316
6
312
4
280
12
378
12
D
160
15
334
9
426
9
176
4
161
0
332
0
213
8
13
0
180
10
430
4
365
2
59
2
375
0
491
8
184
1
28
2
P
380
3
281
113
158
58
418
18
W
300
12
299
10
444
21
196
7
242
20
186
0
416
21
359
4
457
8
94
12
319
3
214
18
22
6
K
300
5
38
45
485
43
313
51
337
14
442
10
V
140
18
492
2
222
3
471
4
381
5
388
4
55
5
488
1
66
6
82
5
357
3
201
7
24
6
41
0
170
1
90
2
235
0
118
5
433
6
Z
360
17
70
1
276
20
241
4
445
4
142
17
223
18
236
2
199
5
403
12
12
15
113
7
370
11
229
1
192
21
428
18
240
17
205
8
H
160
7
405
2
267
18
273
2
37
22
482
9
40
12
328
17
Y
240
13
140
0
271
4
269
18
172
6
311
9
320
0
216
18
318
13
97
3
389
6
437
4
178
16
438
13
S
200
17
99
10
422
6
326
2
145
7
149
11
435
11
162
11
306
8
208
11
211
6
239
5
372
11
343
6
350
10
108
3
439
0
71
4
J
200
10
95
16
83
19
0
3
122
13
52
0
101
14
3
2
74
10
252
15
156
7
I
160
14
218
5
421
11
487
5
266
4
68
6
72
5
106
3
451
8
232
5
322
5
362
2
317
6
32
4
397
7
Q
320
7
179
3
150
14
366
17
329
11
396
22
107
17
275
5
H
5
352
10
