2
16
Y
340
18
435
9
410
13
341
6
493
11
16
11
152
16
283
14
396
5
481
0
85
16
67
12
210
3
260
1
138
7
208
3
358
16
191
18
68
11
G
320
6
384
9
252
44
100
35
76
44
228
53
409
0
M
280
7
62
2
212
18
219
5
443
17
455
38
249
22
462
18
S
160
16
4
7
392
6
146
2
368
8
235
8
52
5
233
8
398
4
5
4
143
1
79
8
186
6
366
8
360
3
18
8
20
1
N
160
15
247
3
8
0
175
4
206
1
479
3
364
8
431
4
84
8
269
10
401
3
178
1
227
0
295
3
369
4
486
1
J
240
4
454
50
44
35
128
44
140
48
T
140
11
346
2
267
5
148
11
169
11
324
9
197
2
352
5
250
1
279
3
122
5
412
12
X
100
10
422
3
104
5
458
6
112
4
264
0
307
8
452
10
282
2
170
5
58
10
Z
120
6
17
2
329
8
306
12
25
17
73
0
387
8
B
280
3
90
81
484
4
240
85
E
300
10
416
18
35
2
485
17
9
8
370
28
328
6
226
24
290
8
321
7
451
10
H
300
13
393
23
159
3
246
7
436
16
237
0
94
12
101
3
263
17
469
14
285
5
276
12
81
8
15
20
R
360
16
98
0
273
17
165
5
272
13
309
10
135
11
424
1
339
16
141
3
36
20
432
6
34
14
33
7
437
21
257
19
57
6
W
320
3
204
90
121
4
214
88
O
120
10
330
11
184
12
56
0
255
0
404
5
31
4
371
9
149
8
362
2
3
10
C
300
6
41
45
78
49
444
34
193
7
38
4
192
0
S
9
312
3
