2
15
Q
300
11
400
15
339
9
58
8
28
17
55
4
86
24
270
6
112
19
272
19
343
23
179
4
N
100
12
259
7
309
5
314
8
16
1
146
1
235
3
476
2
40
0
168
5
150
5
89
7
227
7
C
180
5
195
8
271
16
49
9
439
25
8
33
H
260
12
498
8
302
5
497
2
252
11
155
19
277
4
101
21
220
2
151
7
492
19
31
9
409
6
Z
140
6
288
2
137
6
480
23
464
21
126
2
211
4
A
240
14
378
14
161
11
371
5
118
0
175
17
250
5
421
0
423
5
0
5
160
3
282
4
410
6
248
3
241
2
G
180
18
127
10
320
5
291
9
434
6
35
2
479
10
60
8
183
5
268
10
471
8
290
9
406
6
426
1
407
2
356
8
108
6
269
2
380
8
S
140
4
14
14
286
6
246
27
74
28
T
180
4
82
11
442
24
328
5
15
40
O
340
9
254
20
66
26
3
17
95
37
87
1
318
5
477
22
157
10
447
7
F
340
3
24
65
156
60
384
21
U
340
16
413
0
47
8
142
20
38
18
451
6
2
10
11
17
366
6
399
7
173
12
138
4
115
20
143
10
36
12
209
18
326
10
L
180
7
359
22
350
6
69
7
67
15
473
5
13
0
312
11
M
320
5
299
55
77
52
491
50
308
18
207
5
W
240
7
212
12
273
30
411
12
391
12
367
14
221
23
335
6
O
1
25
11
