2
22
S
340
16
488
16
231
19
433
7
111
14
435
2
443
18
379
2
294
2
458
20
297
19
207
16
241
5
238
17
459
8
162
1
192
12
D
280
6
7
10
430
5
290
26
221
17
83
42
328
32
W
320
4
380
74
77
57
381
40
6
67
O
120
12
398
3
276
3
48
1
463
5
353
9
468
7
26
0
389
5
174
5
427
9
80
8
285
10
N
160
11
71
13
15
14
474
8
237
7
193
14
37
0
392
5
128
5
218
3
303
9
324
3
J
120
5
161
12
115
16
84
14
375
11
196
2
A
380
9
132
9
280
36
365
17
246
30
137
10
341
40
32
20
479
17
305
26
R
240
3
11
71
214
56
335
62
M
180
6
131
13
133
1
230
20
190
16
210
0
155
23
Q
320
12
204
2
339
23
413
21
79
14
391
23
208
23
109
24
425
15
124
5
225
5
59
8
154
24
Y
360
10
334
9
394
11
146
0
267
10
360
25
344
19
139
36
23
24
331
33
45
4
K
140
19
327
7
98
3
173
7
104
0
362
5
420
4
325
3
471
1
187
1
191
0
441
1
323
4
28
6
100
6
478
4
110
4
159
2
141
4
172
7
F
200
6
151
33
70
28
419
13
233
17
428
23
333
9
E
320
19
390
0
199
6
29
6
216
13
140
3
259
15
119
16
58
8
148
2
486
13
372
3
31
8
217
1
254
4
152
4
311
2
85
16
248
10
416
10
T
340
11
366
2
142
17
43
1
403
25
195
14
62
21
348
17
309
19
432
28
239
12
465
13
G
160
3
349
37
229
47
69
26
U
100
16
399
4
300
2
41
5
429
1
81
6
200
6
352
2
5
3
374
6
315
0
260
4
450
2
288
3
47
1
417
0
322
2
B
220
4
489
8
205
4
130
33
232
8
H
100
16
431
0
147
2
16
6
167
0
312
1
387
1
149
2
185
3
168
1
215
5
257
5
317
0
464
4
44
0
244
5
91
3
L
300
14
226
3
165
2
105
5
337
19
418
20
269
14
421
3
384
2
302
11
393
14
198
13
299
1
385
16
2
7
Z
340
7
1
30
476
42
409
8
473
36
470
32
304
16
286
38
P
140
3
383
43
181
13
96
10
E
18
270
13
