2
18
W
300
13
203
19
483
14
106
21
90
23
70
2
239
18
395
7
158
13
407
22
153
11
151
3
470
1
250
11
N
260
13
87
16
94
6
155
13
371
20
297
1
159
12
199
8
310
15
53
7
104
13
108
12
27
5
233
16
Y
200
7
393
8
65
10
218
8
247
3
321
1
293
19
449
26
G
380
14
388
27
262
19
252
19
456
22
410
16
30
3
306
22
419
8
67
27
367
26
411
17
272
22
219
24
236
5
P
240
11
394
9
341
16
163
9
115
18
42
5
170
21
86
12
128
15
160
21
126
9
119
2
B
120
7
96
11
291
13
11
11
240
10
415
7
124
2
200
16
I
240
9
392
12
58
12
102
25
397
8
303
8
432
14
274
11
337
20
333
25
C
240
14
374
4
39
4
43
11
71
12
204
9
75
7
56
16
450
9
50
10
360
3
318
3
213
11
230
1
223
1
E
200
5
100
7
45
34
143
6
226
7
301
38
A
280
11
175
4
428
2
205
5
197
8
490
12
287
0
149
9
492
17
80
21
416
23
201
21
X
100
18
91
0
1
4
278
3
229
3
202
3
79
0
288
2
186
0
35
4
231
2
176
1
455
3
148
1
387
3
255
3
334
5
399
0
241
3
J
100
12
139
2
373
1
468
0
194
7
331
0
434
4
152
3
326
2
482
5
210
3
136
5
44
1
U
380
11
472
2
458
34
184
19
234
21
414
22
429
21
179
29
32
30
73
2
440
15
110
10
K
200
4
289
30
315
19
120
24
238
20
D
380
17
462
21
216
10
135
7
263
6
426
22
405
3
15
15
266
20
138
3
313
1
245
16
98
7
147
7
340
2
178
10
166
12
476
17
V
340
16
356
5
66
14
181
7
442
14
256
17
422
6
390
14
134
0
133
21
379
21
311
11
74
12
84
18
383
17
447
4
169
0
M
180
18
225
5
261
2
113
8
448
8
220
5
484
2
475
1
246
1
12
8
282
7
380
3
254
7
26
7
82
7
24
6
228
6
85
6
111
10
S
120
12
412
9
425
0
279
10
420
7
72
7
63
10
494
3
171
7
130
2
173
8
329
0
235
2
D
3
283
13
