2
12
S
140
9
388
1
264
9
14
3
43
13
376
2
279
12
112
13
451
10
312
8
Z
320
11
65
14
410
15
130
20
481
9
409
7
366
17
245
22
259
22
237
29
70
22
370
3
I
200
16
377
2
214
11
439
12
208
10
392
0
346
5
269
1
413
2
428
0
495
11
240
6
296
6
202
5
293
12
430
3
385
4
B
140
5
136
22
149
7
123
28
258
7
219
16
R
120
19
111
6
331
0
39
6
146
5
144
1
302
6
411
2
231
4
424
5
31
4
88
3
493
4
82
5
347
5
433
2
33
1
44
5
147
1
135
0
J
360
12
131
7
97
15
462
14
59
22
434
3
364
12
483
11
458
30
22
28
301
4
257
28
186
3
Q
260
12
255
8
387
20
49
19
110
9
492
13
185
0
119
19
425
6
9
21
274
7
365
5
93
21
G
160
14
212
9
460
10
263
3
16
11
45
4
183
5
356
11
447
5
117
9
179
5
322
8
353
1
383
0
156
8
F
100
17
193
4
448
4
303
5
454
5
474
3
435
3
71
1
48
5
291
3
390
3
161
0
393
0
432
3
127
3
288
3
133
2
210
2
Y
340
15
355
16
406
0
56
8
50
5
234
6
207
15
443
11
475
17
30
15
336
2
35
15
184
18
151
20
470
7
414
15
L
100
6
386
14
416
7
272
3
223
5
350
9
402
10
W
300
4
473
16
280
5
469
67
233
2
Q
0
243
3
