2
12
L
100
19
317
3
93
4
468
4
265
1
446
5
241
2
292
3
428
2
410
1
370
1
184
2
291
0
123
4
268
3
147
1
245
3
348
2
63
5
34
4
P
320
10
282
22
161
18
240
31
407
20
323
30
130
29
216
1
35
28
262
31
339
15
X
140
12
51
2
368
11
205
10
182
4
188
10
427
3
461
2
102
1
71
0
335
0
217
6
266
2
V
320
10
367
32
381
14
221
21
43
5
325
10
385
0
74
25
30
12
91
21
7
31
R
160
14
138
1
286
11
121
0
54
8
342
10
168
9
431
10
15
6
199
8
148
9
25
2
393
1
50
10
298
8
A
200
14
24
0
243
4
41
13
60
5
170
3
361
7
200
6
208
13
404
12
473
5
390
8
92
2
415
2
346
13
E
120
14
279
3
11
1
478
7
122
3
210
7
448
1
238
2
479
5
0
4
364
5
472
1
156
3
372
5
270
5
W
200
4
485
16
8
7
177
18
1
0
K
120
10
162
5
387
10
27
0
127
8
137
11
379
7
311
1
493
4
397
11
247
8
T
100
19
12
5
297
1
430
5
273
3
315
0
488
1
396
0
72
3
487
3
484
4
490
5
444
3
475
4
459
1
476
3
149
2
186
0
343
3
357
4
J
180
18
88
2
49
3
106
6
45
2
173
3
347
3
452
2
439
6
497
1
131
3
229
2
406
3
378
6
42
9
83
3
203
5
295
1
389
2
M
380
10
28
27
189
18
237
37
434
15
185
16
248
32
498
7
440
26
336
4
469
18
R
1
214
9
