2
21
F
220
17
415
11
103
7
118
10
42
5
479
11
434
10
97
12
375
8
162
2
139
4
112
6
269
12
218
8
475
2
186
9
304
3
342
1
V
180
3
244
44
429
60
336
58
L
340
12
363
15
230
25
327
20
354
24
372
8
397
4
358
23
234
23
463
12
220
20
58
18
278
23
J
180
17
420
2
401
9
240
1
169
2
136
7
339
3
180
1
366
5
72
2
319
10
282
6
410
1
239
4
467
3
271
5
426
3
172
4
P
380
11
105
28
153
22
100
2
470
20
8
33
370
3
147
8
417
30
382
16
85
21
187
25
O
180
13
129
6
78
4
443
9
484
3
55
8
457
3
217
3
314
2
320
0
381
4
241
11
332
1
43
8
Y
340
4
13
18
349
62
159
40
483
55
T
260
6
120
42
197
7
468
4
76
21
482
1
488
37
G
160
12
365
3
405
9
362
8
70
2
27
11
306
6
389
7
312
4
167
4
302
1
495
2
202
0
B
220
10
407
4
45
10
123
20
331
5
413
21
1
6
403
20
340
10
66
5
46
3
D
100
6
37
10
64
4
315
0
87
13
56
7
432
2
A
200
3
198
66
447
66
21
44
W
380
5
35
63
50
7
200
22
19
11
451
65
R
140
7
291
8
248
17
128
7
328
0
222
12
108
6
309
8
C
100
13
296
6
88
6
442
5
460
4
446
6
300
1
83
2
152
0
237
2
335
5
52
3
102
4
444
4
I
120
6
285
0
119
2
402
0
450
8
416
6
137
15
M
220
15
272
4
281
14
350
0
31
7
16
3
257
14
280
9
121
7
452
4
324
14
337
5
63
5
132
12
227
8
480
4
Q
240
9
124
7
191
3
110
5
130
10
151
5
232
16
262
23
51
6
473
4
S
300
5
174
45
170
49
347
7
466
11
425
53
H
200
4
489
37
456
6
459
42
428
37
X
240
10
379
22
99
9
388
3
7
22
261
11
195
24
395
10
265
14
166
4
219
20
H
2
134
4
