2
12
J
140
19
456
7
84
0
480
6
358
5
210
0
244
3
60
1
92
4
335
3
211
6
407
5
461
6
421
0
367
4
17
0
75
5
267
7
419
2
114
6
U
320
18
366
16
148
16
36
9
28
7
245
0
227
13
410
0
331
13
130
10
420
6
440
6
317
7
89
17
334
5
42
12
382
11
105
0
406
15
S
180
5
477
27
355
26
476
5
408
34
162
2
H
160
13
253
10
112
10
206
10
395
5
286
5
473
4
432
3
16
0
400
4
322
11
132
1
183
0
300
12
O
300
6
81
16
134
24
238
5
107
44
197
2
128
13
D
160
19
106
1
449
7
194
3
166
1
154
7
333
0
24
6
110
8
181
8
52
7
180
4
464
6
85
4
192
6
241
1
361
2
43
4
254
3
26
7
A
180
10
482
7
159
9
94
8
294
3
320
9
493
1
466
14
441
18
232
15
143
15
M
180
7
435
0
179
12
373
14
240
13
431
9
96
19
127
25
Z
360
17
278
10
365
0
135
13
87
12
475
16
302
3
235
7
19
21
224
5
151
18
124
16
39
14
97
17
21
21
29
15
455
4
32
2
B
200
3
312
13
160
38
498
42
W
300
11
326
25
462
26
23
4
485
5
357
1
252
20
281
4
13
18
336
16
499
20
328
26
K
360
19
289
2
372
5
172
14
230
1
93
7
287
6
422
7
139
2
15
3
452
3
349
12
429
7
268
7
359
0
57
9
399
13
10
16
383
17
80
16
H
3
424
0
