2
24
J
200
10
366
17
300
7
175
11
138
1
11
20
365
8
109
3
441
0
329
11
468
9
O
260
10
291
4
275
11
368
18
224
14
320
4
410
23
171
8
408
1
192
17
400
3
K
340
18
73
0
269
7
182
18
244
11
376
6
155
11
282
18
248
8
157
15
86
2
272
1
220
1
205
14
51
8
143
3
496
7
429
18
309
9
Q
200
3
345
12
393
29
22
8
D
340
16
71
19
141
6
327
9
59
15
198
7
458
21
390
11
486
7
173
14
307
0
333
9
61
15
34
9
232
21
0
8
321
17
H
160
15
97
0
48
10
386
3
391
9
80
10
176
10
36
2
387
10
416
8
305
6
164
1
413
6
177
7
326
9
475
10
Z
260
12
43
13
302
12
30
19
124
19
200
2
255
21
342
14
434
12
325
19
288
20
150
14
185
21
F
120
11
263
5
370
3
274
9
95
7
481
7
106
2
45
2
146
7
5
9
398
0
18
10
N
320
17
21
9
304
2
56
2
2
9
12
17
42
6
445
4
346
11
135
14
499
2
96
9
154
0
369
6
363
16
156
12
216
8
261
16
W
260
3
29
74
418
42
482
65
G
260
15
461
14
473
10
63
3
487
1
338
15
148
14
181
2
258
3
449
17
87
12
335
11
332
7
423
7
294
7
331
1
T
240
16
404
6
453
1
114
5
125
10
298
2
70
0
483
5
407
11
213
13
344
6
9
4
462
10
116
12
167
8
497
8
464
12
I
180
9
133
13
476
3
230
4
457
18
278
18
178
16
377
17
489
15
225
16
R
120
4
397
24
477
6
6
28
427
26
C
220
5
312
34
210
27
270
26
347
35
422
22
X
160
16
89
2
494
1
78
8
456
0
183
3
443
2
484
7
68
10
134
10
421
10
199
0
311
8
340
4
227
0
316
2
245
8
Y
260
10
25
0
217
6
382
3
207
2
120
20
339
13
454
11
493
17
396
25
218
2
B
160
12
83
10
276
3
132
1
402
7
257
11
479
5
293
9
160
2
49
6
328
0
108
7
57
3
A
240
5
256
19
349
33
268
39
8
28
389
39
P
160
10
375
14
374
2
19
12
362
3
356
5
414
7
123
9
296
3
166
3
357
5
E
120
14
348
0
297
7
435
6
343
3
169
1
102
5
447
6
301
1
136
0
284
2
254
4
419
8
77
0
466
4
L
220
10
239
1
463
2
174
13
341
22
336
16
81
1
314
5
221
10
241
16
292
18
M
180
5
266
2
364
2
64
19
211
32
353
0
S
200
18
212
0
126
4
431
2
246
0
238
11
38
1
121
8
437
3
287
8
480
7
196
4
67
11
112
3
55
4
249
11
277
5
92
2
85
9
M
0
17
9
