2
22
V
360
16
450
19
440
6
81
8
182
18
179
3
331
4
2
8
109
2
367
16
100
12
78
22
241
21
383
12
348
16
394
20
79
16
P
240
16
358
3
381
2
188
12
142
3
93
7
286
7
3
12
205
13
330
11
403
4
115
8
471
10
277
3
473
5
63
13
474
2
O
180
12
104
3
195
9
136
7
430
3
41
12
410
14
281
6
214
1
313
12
76
8
301
7
390
6
U
200
17
26
11
220
1
298
8
228
9
414
9
308
6
428
7
261
1
72
11
16
6
119
8
272
10
357
1
366
3
61
3
488
1
326
0
Y
100
4
419
20
168
10
5
23
27
19
B
260
7
45
1
43
34
185
8
402
23
225
24
398
13
337
33
N
260
19
400
10
129
2
94
7
110
11
380
1
327
11
192
0
369
9
416
0
40
11
466
10
51
4
433
6
153
7
139
10
314
10
95
4
176
13
226
6
L
160
11
89
6
455
5
399
7
315
7
397
14
444
14
237
1
68
6
48
11
343
4
443
8
R
320
9
173
35
447
2
421
35
285
18
384
25
233
15
458
34
157
20
424
19
K
300
9
146
15
151
14
181
33
415
9
190
17
161
20
360
2
347
31
386
30
S
220
7
468
17
28
11
264
11
10
3
60
7
268
17
271
21
D
220
13
208
16
392
4
209
3
240
14
324
8
478
15
470
2
423
7
141
8
469
7
345
0
359
2
123
10
G
120
12
30
3
441
7
267
4
352
4
336
10
171
9
124
10
491
4
408
0
134
5
156
9
47
4
W
300
10
289
27
62
22
9
4
113
21
116
0
499
21
484
27
19
12
362
8
323
3
F
100
18
218
3
150
5
429
0
435
2
436
2
38
3
325
5
184
4
224
0
266
3
409
3
199
5
18
0
382
2
200
4
167
0
34
1
152
1
I
280
16
127
17
64
6
97
2
87
3
370
10
389
9
29
3
231
15
476
16
460
11
417
12
235
3
145
7
420
7
169
9
493
6
C
300
11
12
7
112
26
376
4
107
7
426
0
333
25
407
3
328
1
434
8
50
21
482
0
A
380
12
309
24
454
6
332
8
244
6
405
3
396
16
479
27
120
11
295
17
490
20
278
3
317
23
H
120
18
250
0
70
0
53
0
306
0
178
4
284
1
449
3
425
0
11
2
485
1
198
0
201
2
312
1
375
1
442
1
102
2
91
4
36
0
T
180
14
57
5
412
12
90
0
137
12
431
8
17
12
114
12
216
10
287
4
21
8
207
3
84
2
80
2
372
9
Q
360
6
6
44
291
12
293
54
257
56
98
16
270
6
J
160
13
371
6
296
11
219
7
311
9
49
2
191
6
492
10
204
6
351
3
155
4
321
11
406
3
37
6
B
2
166
6
