2
7
D
140
6
50
2
294
18
446
0
499
22
55
4
127
1
M
380
8
314
8
451
5
222
38
283
6
365
27
107
28
383
13
214
22
N
100
9
134
10
246
3
392
2
183
8
204
10
185
0
87
5
123
4
136
4
H
260
13
357
13
461
0
45
4
485
14
371
2
80
0
321
14
430
6
318
19
388
19
154
5
399
4
462
13
W
120
14
215
1
342
4
202
5
14
6
27
1
473
3
137
1
210
3
332
7
275
2
421
0
90
1
412
1
49
8
C
340
12
265
1
160
23
150
14
75
4
402
3
264
27
109
15
373
10
191
27
22
14
295
2
16
1
E
160
15
379
1
190
8
387
5
139
9
67
8
304
6
110
3
96
4
489
2
79
3
99
9
220
7
138
6
495
1
23
7
D
0
257
8
