2
24
V
100
16
106
3
5
3
436
5
129
3
348
6
30
0
121
1
221
5
32
6
380
4
430
4
485
2
200
2
279
3
254
4
178
1
C
100
10
301
2
119
1
262
9
232
0
283
6
350
5
3
7
198
4
135
4
23
7
R
300
11
498
23
354
11
239
13
130
12
329
22
477
24
236
16
118
2
345
1
108
3
291
22
W
160
12
142
0
54
7
474
8
234
13
310
9
29
8
220
0
28
2
256
5
92
7
334
6
364
2
I
100
17
492
1
374
3
394
3
480
3
159
3
450
5
223
0
128
1
478
3
434
3
297
0
148
2
286
5
417
3
467
2
35
2
466
4
L
260
17
358
0
357
4
100
1
181
13
476
12
207
3
454
8
39
10
299
10
481
12
464
5
397
3
101
4
123
3
204
10
468
5
271
15
U
160
10
487
1
175
14
77
0
102
6
392
5
78
7
94
14
390
8
456
9
165
5
F
380
12
125
0
214
4
497
9
288
20
339
2
272
17
433
21
488
30
14
7
146
17
429
6
229
25
B
360
12
195
8
70
10
395
14
465
6
138
28
38
21
294
2
116
28
180
21
379
17
103
16
105
4
Q
360
8
445
10
56
22
170
36
155
25
99
15
211
5
241
33
243
8
A
140
19
484
0
95
1
145
1
33
1
24
6
486
5
425
0
136
6
201
3
59
1
378
1
247
2
154
1
179
7
435
5
217
2
441
5
161
0
261
5
H
220
15
332
1
213
9
111
0
321
14
346
8
472
6
91
10
452
14
342
2
244
8
455
13
387
1
140
11
343
10
281
7
T
240
18
440
2
266
7
386
3
22
6
328
3
225
6
381
10
112
7
62
11
172
9
461
10
448
8
489
11
27
11
43
0
49
6
407
0
457
8
X
240
9
335
14
278
5
167
24
383
26
257
8
263
8
318
11
8
14
184
13
M
180
18
192
3
122
0
85
6
224
6
470
7
422
1
258
2
117
1
305
6
127
8
196
3
160
3
351
5
252
3
437
10
367
5
52
6
284
0
J
240
8
235
24
280
16
428
19
373
17
188
30
322
6
405
21
326
24
Y
380
6
76
19
208
24
212
54
6
17
182
41
401
44
E
100
16
494
4
356
1
369
2
325
6
453
4
408
5
187
2
463
0
15
1
404
6
242
1
399
1
174
5
209
2
340
5
158
1
Z
180
14
0
9
270
0
131
4
469
10
424
6
368
8
337
0
120
10
156
7
147
12
312
12
255
12
302
11
396
1
P
340
16
449
18
96
19
313
17
438
18
37
0
496
13
79
4
273
8
216
20
431
10
74
11
47
4
177
13
439
19
153
7
349
14
K
360
3
382
59
219
85
402
1
O
320
17
490
11
183
5
176
9
139
13
458
9
265
6
197
3
169
6
391
2
250
17
409
4
81
18
190
15
45
16
237
9
314
2
68
5
D
160
15
410
0
385
4
260
5
292
5
72
3
64
0
203
3
362
3
471
1
98
2
246
5
365
8
194
2
10
10
69
4
S
240
17
323
11
83
2
21
8
126
5
134
3
34
11
230
4
12
2
42
7
375
1
113
11
248
11
444
12
388
12
311
5
344
12
53
9
W
11
226
6
