2
8
C
220
15
119
0
11
1
134
12
456
7
429
2
76
8
256
5
399
12
443
0
144
1
19
14
105
10
208
6
386
4
317
10
W
360
16
3
1
260
7
0
9
281
5
264
9
445
5
95
18
7
0
425
1
269
12
361
13
184
5
448
22
391
21
476
17
156
12
G
140
8
33
7
126
4
412
9
219
5
32
10
162
13
207
8
71
8
F
220
14
190
6
350
2
451
14
245
3
44
8
48
14
424
14
315
3
258
7
150
7
181
9
123
10
166
0
50
0
H
160
4
493
29
427
37
329
13
406
33
S
300
12
371
7
73
5
93
4
111
24
116
14
205
21
228
14
248
19
175
16
2
15
239
21
417
2
X
280
5
262
48
286
45
168
52
189
5
469
40
B
260
7
375
5
357
6
141
36
146
8
232
36
40
0
323
19
F
13
60
1
