2
13
P
300
15
313
14
290
4
413
7
27
11
499
11
87
20
274
10
216
19
220
5
30
16
247
6
47
11
479
3
249
18
18
4
N
180
6
201
26
498
10
250
24
446
23
323
14
316
17
J
120
11
152
2
32
1
359
2
434
6
97
5
140
5
179
4
386
6
437
3
65
10
107
9
R
180
6
285
12
409
4
461
11
153
11
23
16
458
29
H
380
5
86
69
358
23
281
59
348
40
486
30
S
320
16
427
19
260
11
408
5
380
3
376
2
356
9
480
8
219
1
218
4
424
14
9
9
228
12
164
13
435
12
248
0
278
4
Y
240
14
357
2
300
13
375
5
127
13
344
12
150
4
155
1
184
15
50
9
404
4
267
1
123
3
185
14
301
7
L
220
8
381
23
36
22
92
3
57
0
364
18
447
7
275
19
45
5
M
300
19
14
14
130
14
176
13
443
0
89
5
332
4
101
0
306
6
429
10
322
2
85
14
295
14
489
9
385
13
121
9
199
11
215
7
106
9
373
14
K
180
14
418
0
94
7
120
3
168
1
237
5
96
8
317
4
293
0
320
10
63
11
26
2
169
9
102
3
296
0
B
340
3
472
100
239
81
319
18
Z
380
7
212
39
361
8
62
53
488
23
12
2
197
5
462
34
G
180
6
211
2
131
12
213
22
463
6
253
21
61
21
M
12
135
5
