2
4
N
300
19
414
5
455
8
305
14
12
11
497
4
21
10
385
10
309
11
326
12
206
9
337
11
271
2
335
4
226
7
484
14
343
6
61
4
118
1
257
14
X
220
6
173
27
483
26
141
33
330
17
419
28
464
23
T
180
11
294
3
476
7
47
3
380
2
377
11
45
12
363
7
340
16
434
16
192
0
213
6
M
380
19
197
3
490
18
314
19
482
19
227
10
46
2
157
12
311
8
88
12
52
6
428
2
19
19
182
10
31
7
304
20
470
12
376
2
413
4
9
17
M
14
100
9
