2
10
H
220
4
404
44
31
54
127
46
232
0
R
100
3
123
26
222
0
499
2
N
120
3
272
32
106
36
360
26
Z
140
8
385
9
143
16
199
15
96
13
59
10
352
4
395
1
372
10
I
140
12
230
2
473
3
283
10
432
8
419
0
407
2
227
9
482
11
422
9
218
9
483
7
287
6
V
380
8
61
37
416
37
286
16
440
37
379
37
333
15
207
10
221
45
B
100
19
467
5
311
1
136
3
158
3
290
1
120
2
189
0
224
0
228
2
231
3
69
2
93
1
332
5
137
1
43
5
264
3
438
5
209
5
455
4
M
340
3
337
47
49
94
431
24
Q
280
14
154
12
104
15
140
14
46
7
256
17
449
5
68
11
15
1
23
15
11
11
291
3
309
15
323
15
213
20
D
260
5
361
21
324
39
302
41
457
33
492
18
H
3
121
13
