2
10
J
360
10
282
3
324
8
194
33
258
25
207
31
478
10
495
12
273
35
99
24
185
24
G
140
12
228
3
166
9
427
1
114
3
486
10
69
0
497
4
315
10
199
7
449
1
418
3
250
6
P
340
9
309
4
52
4
491
27
94
37
219
0
347
19
195
21
328
13
417
20
T
100
18
400
1
365
0
285
5
346
2
489
4
436
5
363
0
304
3
251
4
145
4
331
5
36
3
86
1
493
2
29
2
141
1
280
0
227
5
K
180
8
90
13
40
1
453
20
366
9
102
11
466
13
110
20
89
14
W
120
9
178
5
243
11
171
1
37
5
182
13
16
0
129
8
174
0
301
11
F
140
19
74
3
340
1
67
2
35
1
154
0
434
4
279
5
23
5
72
6
484
5
458
7
193
0
131
5
297
7
429
3
246
7
323
3
265
0
293
5
Q
180
12
188
11
170
15
203
11
433
1
413
10
159
2
167
2
394
14
384
13
464
12
376
8
335
15
X
240
7
248
14
499
5
305
2
76
0
197
18
483
2
496
2
V
180
9
294
19
77
9
416
17
257
3
157
16
334
1
61
15
312
15
358
9
Q
6
337
10
