2
8
Y
360
5
65
19
389
39
478
19
293
28
412
2
G
380
17
453
1
483
1
72
8
6
15
329
4
384
15
372
20
323
6
495
2
305
5
463
2
398
6
201
14
419
10
44
2
101
12
112
9
S
340
9
187
14
203
17
146
31
91
24
247
7
149
24
354
21
237
30
292
32
K
360
9
71
14
174
3
73
15
429
22
77
1
37
33
379
23
131
13
470
30
D
140
3
295
9
144
36
489
28
B
300
17
319
16
256
13
47
5
273
10
274
16
410
11
282
2
21
1
68
4
139
3
204
11
331
2
123
12
102
16
317
12
82
9
156
14
Z
260
19
163
5
418
10
294
7
172
8
488
9
184
11
484
3
326
8
209
0
492
1
214
1
92
3
216
6
427
5
376
9
107
13
403
4
48
9
19
4
E
200
13
168
2
121
4
339
11
401
14
296
2
79
5
348
11
392
6
413
4
114
3
460
7
288
8
35
3
D
0
20
2
