2
10
D
200
6
157
12
241
33
111
0
441
1
69
33
471
23
K
260
12
205
6
442
6
423
0
474
21
31
5
272
8
267
9
180
16
265
21
485
15
3
5
74
9
E
300
4
351
29
294
63
255
26
18
28
C
160
14
201
10
159
11
16
1
55
11
68
5
270
2
27
0
116
8
204
2
71
10
213
11
429
7
233
9
402
6
V
320
17
149
8
303
9
494
9
291
3
53
3
22
14
137
4
10
16
200
0
417
9
19
3
240
13
177
5
334
11
288
6
4
11
234
7
M
120
9
478
9
493
6
391
6
183
3
15
5
165
13
482
13
217
4
431
10
O
320
5
384
13
98
7
414
0
468
60
258
11
Q
160
16
80
0
475
7
79
5
42
7
138
3
479
1
48
10
113
10
63
4
415
6
77
10
156
8
122
3
144
4
497
6
277
5
Y
300
12
381
16
353
5
396
16
61
9
148
17
90
18
168
7
141
22
333
4
292
24
473
15
371
23
T
100
13
252
5
32
2
335
2
226
2
259
4
465
2
301
2
248
0
235
4
151
0
56
2
232
2
366
4
C
5
486
3
