2
17
I
120
12
432
8
133
5
25
3
407
0
205
4
20
10
51
1
457
10
284
1
70
4
473
3
459
10
W
260
6
312
13
135
31
485
34
73
20
230
15
22
31
H
240
14
327
4
325
13
491
6
302
9
28
2
403
14
379
7
497
15
86
11
256
13
323
13
498
10
271
12
395
2
S
200
13
137
4
260
10
304
1
188
13
93
4
360
10
46
3
31
2
317
6
408
2
17
9
375
9
193
14
T
200
10
23
2
128
6
301
3
441
7
438
8
431
14
342
12
469
10
241
5
488
17
D
180
11
225
0
322
13
229
11
484
4
39
10
113
12
247
7
120
2
165
16
249
9
144
9
G
260
16
16
14
74
14
257
14
299
4
38
2
419
16
474
3
320
7
465
7
399
7
150
1
194
0
19
12
367
4
343
0
207
3
Q
180
15
138
9
240
2
195
2
204
12
136
3
394
11
468
3
179
2
119
0
282
0
127
7
79
11
160
5
361
0
324
10
B
200
10
372
3
157
18
369
5
377
20
211
17
146
10
335
20
234
13
116
7
124
5
C
240
12
202
7
255
14
109
15
373
15
456
19
226
1
218
10
370
12
159
9
130
1
106
4
43
7
Z
140
9
277
1
252
1
158
13
203
12
458
15
376
10
478
3
5
10
482
10
X
220
16
405
9
172
9
37
7
366
5
91
8
6
6
214
0
329
2
220
3
21
0
477
11
12
12
175
2
42
2
33
11
50
5
Y
160
19
340
2
122
1
464
8
333
6
29
7
331
5
192
7
80
0
267
5
168
5
355
3
170
3
447
2
263
2
285
6
171
1
449
6
437
3
45
4
A
160
10
300
10
118
8
305
10
414
13
467
12
251
8
319
4
245
4
228
7
385
12
F
240
19
142
1
60
0
100
6
169
11
348
3
246
9
174
4
161
5
27
3
336
7
392
12
418
3
253
4
198
5
349
11
92
11
428
2
353
1
471
9
U
200
6
77
3
371
16
15
11
450
21
96
28
382
25
R
380
4
44
63
345
72
182
10
148
44
Q
4
475
5
