2
22
Z
240
8
53
13
65
2
395
13
106
17
347
13
393
3
145
6
218
4
K
100
14
203
2
348
0
117
6
51
1
208
0
164
4
182
3
213
7
491
3
346
0
20
1
98
3
73
5
130
7
J
300
13
264
15
131
8
267
23
46
21
396
0
120
22
3
8
313
23
435
3
439
23
50
9
132
17
24
20
G
120
14
407
7
344
0
69
8
425
8
228
4
376
6
97
6
160
5
447
7
252
1
32
4
222
0
64
3
150
6
X
200
3
428
8
96
37
349
48
L
340
15
91
6
406
18
118
5
322
18
13
10
380
22
269
12
365
12
325
2
486
9
468
22
205
13
421
6
444
9
375
18
Y
100
5
420
12
250
12
479
11
343
6
271
4
U
120
19
212
1
166
0
402
3
331
2
412
5
230
3
370
6
240
3
367
6
169
5
481
4
158
1
238
1
388
3
254
2
298
4
202
4
80
3
124
4
F
340
16
21
7
417
7
440
4
94
8
416
14
18
5
278
10
34
12
470
14
105
20
247
16
422
3
362
3
443
7
400
8
294
15
A
100
16
404
6
23
2
35
4
277
0
84
3
335
0
16
1
474
2
126
5
109
0
184
2
301
5
137
5
354
0
225
5
430
4
P
240
3
308
31
199
8
235
39
R
320
6
463
14
316
6
183
26
167
1
300
4
191
37
M
120
14
28
8
274
3
170
7
190
2
86
5
232
3
6
0
460
8
253
0
273
0
451
4
494
3
256
2
285
1
V
160
16
329
10
103
0
58
2
163
10
409
6
95
4
38
2
111
5
82
2
320
6
239
1
403
7
359
9
88
1
458
3
236
0
C
180
14
399
8
14
5
265
8
187
8
297
2
148
5
293
2
485
4
93
4
83
5
283
3
493
0
188
11
434
2
I
120
5
44
10
306
19
139
15
332
12
289
16
B
120
15
128
8
246
0
78
4
223
3
154
3
152
6
263
1
415
1
487
6
290
6
339
3
45
1
418
0
280
5
312
4
N
100
5
157
7
220
7
177
0
29
9
138
16
Q
380
8
281
13
303
28
358
11
123
3
61
36
353
35
408
9
211
29
S
320
12
195
1
41
11
116
17
372
22
410
19
360
12
67
4
25
14
129
13
173
0
147
25
176
1
W
320
17
333
16
318
12
261
6
63
3
196
18
89
10
390
18
251
10
12
7
338
13
17
9
101
3
326
9
36
16
330
12
471
18
192
15
O
340
15
168
16
378
15
249
8
457
21
231
3
282
17
490
9
304
0
162
17
324
19
327
15
286
14
446
12
272
11
456
15
C
1
321
3
