2
20
Y
360
7
275
46
207
2
476
10
2
10
236
33
145
44
370
45
N
100
5
321
8
211
6
132
2
193
0
378
4
C
240
16
30
7
118
10
335
12
416
10
351
7
206
7
263
14
399
6
77
0
78
9
274
6
106
10
363
2
123
8
248
15
303
4
F
340
6
9
43
306
15
482
20
49
34
423
5
201
8
Z
300
9
130
1
12
24
151
16
54
3
126
24
103
14
271
4
42
0
384
32
B
280
3
496
93
125
58
14
8
U
240
10
55
22
208
6
6
20
152
0
450
1
62
4
485
5
254
23
392
21
213
0
J
320
16
356
11
227
20
394
20
322
18
391
7
285
8
139
11
474
15
146
19
48
2
61
8
266
5
390
8
45
11
461
18
487
14
O
300
14
289
3
448
17
383
0
316
4
110
21
320
8
449
2
121
5
157
3
366
18
225
8
302
13
23
21
199
21
R
200
15
462
6
483
10
158
1
230
3
75
12
477
7
167
5
488
2
361
9
50
5
312
4
58
2
149
13
212
13
421
13
G
220
19
377
0
493
7
439
5
364
1
459
8
90
11
358
2
376
10
218
5
238
0
372
2
16
5
251
6
336
4
414
6
490
7
94
10
494
4
327
6
H
200
19
154
7
178
10
184
8
46
10
486
9
57
8
471
7
172
9
166
1
484
5
277
4
441
3
412
7
467
5
262
4
405
8
381
7
72
0
52
8
M
200
4
119
30
53
22
434
12
104
34
T
180
18
188
2
375
0
286
3
318
2
216
2
386
2
259
4
261
0
105
7
260
8
367
1
272
3
349
4
205
1
114
5
113
6
314
5
256
8
K
240
10
489
16
480
24
469
10
13
11
495
22
81
15
396
10
84
9
221
0
340
14
X
300
12
342
10
387
19
44
3
177
7
102
15
447
19
203
7
264
8
3
7
424
23
162
17
362
2
S
140
7
210
13
190
5
173
17
355
7
136
0
137
18
170
19
D
260
4
310
22
148
58
143
6
10
7
I
100
13
160
5
417
3
41
2
22
0
397
7
28
1
235
6
444
7
24
5
313
5
51
4
169
1
436
6
V
100
16
0
3
368
3
365
0
228
3
401
1
164
3
83
3
413
4
175
0
309
6
479
4
304
5
237
6
354
6
140
5
101
0
X
1
481
4
