2
12
Z
300
8
331
0
446
5
137
27
1
36
327
9
8
13
253
18
230
7
L
120
4
322
2
62
7
401
16
205
6
Y
120
12
303
3
182
0
365
4
493
0
18
10
275
0
173
10
59
4
135
3
207
5
220
4
290
10
U
220
4
434
13
436
48
478
33
377
54
J
240
12
24
8
76
9
457
2
187
13
306
17
203
4
398
5
277
17
217
16
13
1
461
12
282
19
V
100
10
254
7
433
0
496
10
338
1
103
2
140
2
43
3
240
9
258
1
156
1
C
220
17
407
7
186
2
154
5
105
6
341
6
136
1
259
3
101
4
292
9
223
0
215
9
266
12
58
12
149
9
117
8
492
10
191
9
G
320
5
376
50
413
42
272
24
163
53
188
49
I
320
3
490
34
174
56
78
70
D
280
6
288
3
445
32
387
44
49
17
390
36
291
0
T
180
4
194
21
451
7
264
11
262
39
N
160
8
113
20
63
8
498
3
224
18
418
11
428
15
384
12
298
20
V
5
28
5
