2
22
M
260
14
347
8
206
13
260
14
125
14
156
9
354
4
373
7
61
14
114
3
96
12
145
7
12
6
33
10
470
5
Q
260
8
429
18
244
0
204
30
2
25
406
7
179
20
290
0
142
21
N
280
15
289
7
316
3
67
4
273
11
312
2
124
8
188
5
332
12
0
6
385
8
152
11
309
16
252
4
85
14
276
10
V
300
9
3
3
186
15
355
10
305
3
207
18
240
19
264
4
201
2
182
22
F
300
4
128
24
465
74
88
6
325
38
Z
240
13
65
13
51
14
419
8
92
8
233
4
87
0
235
16
146
8
231
17
397
4
91
4
428
9
140
8
G
180
18
254
10
154
10
115
4
90
9
116
5
381
0
390
9
11
8
443
1
17
4
479
4
297
3
333
9
250
4
171
10
4
7
271
2
20
6
Y
360
6
36
50
83
31
416
22
366
14
160
9
133
30
A
380
6
93
30
242
26
447
6
407
37
44
30
488
3
B
100
8
269
9
144
8
196
2
100
11
315
10
466
10
170
6
101
0
P
340
13
139
8
431
25
327
14
493
18
95
6
394
18
438
1
120
10
181
9
459
2
193
7
178
8
292
13
D
380
3
435
101
213
65
167
65
E
100
5
165
18
223
14
118
3
367
15
267
18
L
260
16
43
10
278
8
361
11
444
13
123
6
102
14
472
14
18
6
163
3
445
7
497
6
113
12
337
7
285
13
110
12
134
15
W
280
13
99
0
345
11
427
18
482
12
121
5
86
1
229
9
63
14
313
16
41
14
374
1
79
15
477
6
R
260
18
103
1
464
14
495
0
180
4
387
7
259
11
441
8
137
2
94
13
414
13
227
1
417
14
209
9
363
3
266
10
31
12
56
13
440
6
X
160
17
293
6
7
8
490
0
473
8
138
0
335
8
70
3
82
5
127
8
194
4
77
1
50
0
68
2
279
2
303
8
187
8
401
1
U
240
3
166
76
153
65
141
47
C
240
5
21
21
362
3
200
8
330
17
58
2
H
240
12
369
3
442
2
230
10
53
10
456
1
380
10
352
19
360
2
483
7
52
1
368
19
386
5
K
260
3
326
36
370
7
376
72
O
380
9
238
11
225
12
23
13
301
10
422
7
217
15
377
20
69
13
410
26
V
4
455
0
