2
16
W
320
17
366
13
106
15
7
1
127
18
364
5
336
13
410
1
134
18
302
3
220
1
428
10
72
1
228
7
41
15
185
13
253
3
376
13
U
200
4
435
50
38
23
78
34
239
19
M
260
17
107
10
112
7
68
5
145
0
22
9
35
10
200
8
126
7
412
15
242
15
195
5
422
6
98
9
179
6
1
13
300
8
141
10
V
260
9
130
9
173
14
209
13
233
11
74
9
105
11
54
3
39
15
44
21
J
360
5
480
48
417
36
177
63
30
63
110
20
L
200
17
418
4
24
7
172
4
236
0
183
3
424
4
297
10
153
6
357
5
25
2
123
7
431
10
70
10
162
2
278
2
13
8
170
10
Q
360
3
18
111
266
37
191
25
Y
300
12
96
14
356
18
99
12
251
11
165
13
440
6
334
7
322
18
323
16
303
7
497
0
80
21
T
380
4
333
56
475
45
372
6
217
50
R
160
12
400
10
250
4
331
13
367
5
415
10
337
3
414
5
100
1
273
0
243
11
438
4
238
0
P
380
17
187
5
450
1
321
1
67
22
219
12
139
18
152
3
268
2
304
13
284
6
182
18
397
21
222
14
301
14
9
20
33
12
487
16
X
340
10
201
5
118
8
294
34
226
33
473
5
384
10
192
4
154
31
196
21
76
33
S
240
7
405
29
351
26
416
19
481
5
190
21
213
17
40
9
O
300
12
29
9
341
0
59
8
66
7
444
6
82
9
230
17
442
11
12
1
386
8
401
25
65
9
C
100
14
495
2
429
5
324
1
36
4
164
1
229
1
117
1
453
2
10
3
136
4
95
5
262
7
370
4
363
1
N
120
5
457
11
263
0
446
7
259
10
319
13
Y
7
60
9
