2
13
B
140
7
399
11
427
10
88
5
258
18
462
18
360
11
288
14
S
160
9
325
13
352
15
344
15
16
16
294
8
324
8
329
16
330
4
14
3
X
120
17
161
1
110
7
72
4
387
6
451
6
321
6
434
0
256
4
132
1
144
2
162
0
349
4
4
2
10
7
249
7
36
0
59
7
Y
220
12
45
7
454
11
332
0
318
14
199
13
476
17
261
14
197
18
328
18
30
12
308
11
270
18
E
380
3
84
41
67
16
172
73
J
280
11
477
19
442
10
241
22
87
22
35
24
158
7
153
12
80
14
309
12
423
24
416
12
L
100
17
267
1
174
5
150
4
41
1
176
3
25
3
396
1
18
0
246
4
74
2
342
2
237
5
22
5
355
2
282
2
44
2
298
4
N
180
6
140
12
39
7
19
7
210
23
409
16
64
0
K
320
11
452
2
378
14
372
24
238
24
283
5
284
9
392
6
61
15
402
14
117
3
11
16
R
160
4
414
29
60
24
105
22
55
13
C
120
18
379
4
106
2
455
1
495
3
100
5
29
4
191
4
351
0
134
3
163
3
410
4
170
0
403
6
131
3
227
4
97
0
122
4
375
2
D
300
7
301
39
178
35
228
5
164
34
254
25
338
5
491
41
U
380
18
343
14
306
13
166
3
385
10
435
5
439
0
81
9
498
12
187
0
160
10
260
9
116
11
255
14
75
1
413
21
211
8
417
4
252
7
E
1
180
11
