2
21
W
280
4
72
48
267
56
393
38
392
22
F
220
3
128
29
291
69
442
60
L
220
12
149
2
81
18
279
11
104
10
15
12
58
7
114
6
30
5
389
12
166
9
124
3
22
8
B
220
10
444
3
301
1
372
5
310
12
280
13
467
22
76
10
275
8
355
12
361
17
H
380
5
385
33
227
28
98
46
319
35
276
15
V
220
15
64
3
83
3
144
3
220
7
264
12
405
3
200
14
9
6
496
3
470
7
20
10
423
10
197
0
55
13
195
11
G
240
12
257
8
274
4
0
19
25
19
230
15
189
17
161
9
395
2
375
11
103
12
269
14
302
17
Z
380
4
404
61
411
6
282
37
68
88
D
200
11
339
18
270
5
379
18
74
0
396
6
71
14
70
2
473
18
38
4
209
18
188
17
O
160
4
159
40
246
36
285
4
407
2
Q
180
19
19
6
164
6
107
3
117
2
311
2
416
2
278
4
95
7
354
8
90
1
49
7
63
2
490
5
327
2
494
8
102
6
316
8
455
0
471
6
P
220
11
178
6
469
18
52
2
171
8
223
16
330
0
54
5
155
19
17
14
47
7
305
17
M
220
6
409
7
6
22
332
28
180
0
344
29
414
25
U
360
14
146
5
328
11
352
15
296
2
136
2
142
3
265
12
434
5
474
0
139
11
388
8
36
9
403
16
488
20
J
380
8
235
24
260
3
132
36
374
3
303
25
216
43
179
27
133
2
E
320
10
272
11
419
22
360
0
181
13
225
6
231
30
253
6
451
24
326
7
349
30
Y
280
8
463
9
433
25
364
0
214
23
450
16
80
4
315
10
242
1
C
340
9
314
27
87
23
37
25
174
27
273
16
12
12
300
15
11
11
430
12
X
300
14
240
10
435
11
252
14
318
0
250
4
472
18
323
13
309
18
487
20
286
19
163
18
99
9
61
14
78
9
I
320
16
483
2
193
10
338
3
215
15
4
8
65
16
436
11
41
18
229
20
376
11
410
14
113
15
489
14
497
12
263
8
173
10
T
320
13
486
13
370
16
402
6
143
5
205
10
100
3
66
4
21
17
498
17
48
3
212
10
268
21
33
18
T
11
151
2
