2
17
J
160
11
362
0
94
3
297
8
227
0
11
8
347
3
186
14
286
4
81
12
91
0
441
2
Q
360
14
468
5
381
24
212
11
112
25
444
18
235
5
303
24
147
18
157
4
78
0
255
5
105
23
465
16
80
21
C
140
13
302
6
92
3
405
2
368
3
146
8
7
3
170
10
264
10
492
10
432
0
357
9
438
7
459
10
O
160
8
171
19
379
0
237
5
343
12
111
6
73
13
266
3
484
4
Z
160
5
222
10
417
2
154
14
269
25
280
32
V
280
17
71
13
366
4
187
5
332
3
205
14
173
6
250
8
312
0
208
9
177
11
316
9
273
2
371
16
125
13
4
15
469
15
274
2
H
260
18
64
10
191
7
162
7
279
14
403
0
418
10
200
9
345
8
443
14
359
1
335
14
24
2
389
6
344
1
462
13
234
0
340
4
87
12
F
100
12
336
8
341
0
325
0
175
2
228
3
356
5
275
5
239
4
195
4
2
6
428
3
456
7
P
160
12
372
11
197
6
309
1
376
7
156
5
419
8
96
8
139
3
285
0
22
0
397
9
67
0
E
260
18
272
1
42
2
439
4
414
13
292
4
483
3
135
12
375
1
435
3
455
2
214
3
472
10
473
0
158
0
34
0
14
0
354
13
464
11
A
180
12
338
0
150
7
194
8
224
3
467
5
486
4
436
0
423
4
304
4
127
0
243
8
54
6
W
140
4
141
4
241
24
326
28
114
28
S
280
15
106
2
109
10
319
1
476
16
460
3
268
11
232
5
384
0
251
13
361
3
498
9
249
13
190
4
130
13
129
10
D
320
17
283
8
288
4
46
0
380
10
36
16
365
13
383
18
424
16
369
6
217
16
433
13
145
7
411
11
262
12
182
18
491
8
244
9
U
320
18
329
1
142
3
408
8
481
15
493
13
248
9
120
2
181
12
333
0
97
6
148
2
320
11
449
2
497
4
21
17
47
7
89
10
471
3
R
220
16
95
9
394
11
324
13
494
10
387
6
470
12
450
4
337
10
278
7
315
9
108
3
487
1
207
13
193
6
457
7
323
2
K
380
5
378
42
174
59
489
76
334
48
252
19
Q
4
51
3
