2
19
M
180
10
117
2
262
9
164
1
343
1
127
10
245
11
150
10
453
14
382
7
456
10
F
120
5
231
10
23
12
391
11
298
12
364
18
G
180
17
361
9
299
10
263
0
311
3
66
4
368
6
53
3
431
10
128
8
444
4
20
8
269
6
51
8
417
9
489
3
494
0
248
2
H
220
10
90
0
191
7
30
5
122
9
112
0
440
12
102
22
410
3
114
8
425
13
Y
100
5
496
13
188
0
366
2
326
3
304
16
I
140
18
432
1
488
2
176
3
438
0
325
0
418
6
293
0
203
0
111
7
184
4
285
4
309
1
221
4
350
4
370
0
172
0
327
7
2
1
T
100
17
138
5
294
1
385
0
362
2
260
2
163
5
484
5
139
3
342
0
427
2
497
0
341
2
441
4
33
4
88
3
310
2
93
0
C
120
17
92
5
95
3
220
2
422
4
493
3
41
6
87
1
166
3
239
6
244
7
61
5
54
4
279
6
457
4
17
2
380
1
16
6
V
340
18
223
8
322
7
81
13
470
4
9
17
119
8
69
8
194
9
15
2
32
1
345
4
377
17
178
11
355
10
134
15
455
11
407
12
198
18
X
300
8
243
34
160
20
481
19
157
20
358
3
27
35
266
20
454
25
S
160
8
12
7
261
6
201
9
335
10
351
15
58
15
463
14
76
1
Q
200
9
70
21
381
17
235
8
379
9
167
1
242
0
372
5
273
20
448
3
B
280
16
143
8
8
14
353
13
165
15
378
7
329
10
315
2
26
17
486
5
436
11
274
4
57
16
445
14
321
7
197
9
404
17
E
180
7
428
2
89
23
130
19
97
22
373
6
77
22
357
21
K
340
14
103
24
205
14
24
16
179
8
190
18
193
10
447
18
31
15
409
8
480
12
297
14
78
1
237
3
233
13
U
180
17
344
3
105
4
249
5
68
2
331
2
159
5
187
5
340
2
72
4
192
2
303
7
475
0
56
1
416
1
212
7
18
1
296
3
W
180
11
246
2
281
12
394
15
100
6
195
12
396
0
11
1
4
13
156
3
216
11
302
16
L
260
19
136
10
3
1
270
8
207
0
19
6
443
4
477
0
75
2
376
2
336
6
452
1
323
3
149
5
462
9
466
10
230
6
104
9
449
10
317
1
P
140
16
334
6
421
4
35
3
469
6
424
1
124
3
175
4
135
6
142
5
96
0
28
2
387
8
236
0
52
4
280
2
98
1
P
12
171
12
