2
18
I
180
17
210
7
106
2
373
9
59
7
150
1
440
0
276
4
64
3
191
9
152
5
476
8
131
3
460
1
295
8
145
7
323
4
47
9
B
380
16
226
7
331
3
372
8
413
13
279
13
63
4
482
14
360
22
181
8
77
4
377
2
125
11
105
9
321
6
198
11
250
2
D
220
6
213
28
429
34
241
16
188
23
316
5
470
20
K
360
10
423
34
336
0
452
3
472
1
292
4
24
1
216
4
396
28
215
0
26
13
H
200
7
74
25
260
5
483
12
285
17
16
10
259
17
450
8
U
160
6
320
11
330
9
225
6
369
17
35
7
287
7
X
280
3
333
24
53
33
78
67
Q
260
4
89
2
174
44
73
55
364
30
F
140
12
411
1
45
10
133
8
402
0
178
10
326
11
417
1
149
10
397
10
319
1
335
8
187
3
G
260
4
76
34
389
64
486
59
202
18
M
160
9
142
13
221
13
192
12
2
6
232
2
265
12
301
15
262
4
111
1
P
360
11
293
11
155
20
340
28
12
22
90
29
376
6
296
22
461
10
344
16
41
11
315
13
C
240
15
249
2
297
0
71
3
426
3
212
10
27
16
94
8
437
5
214
10
197
15
40
15
317
0
195
11
479
5
137
9
R
260
8
180
22
79
29
48
26
467
16
363
5
179
15
346
13
468
6
Z
340
19
280
13
269
15
384
0
193
1
129
2
275
15
253
9
459
17
123
16
18
17
101
10
220
6
494
9
386
14
236
0
311
14
412
12
154
0
365
1
S
120
11
455
6
57
6
158
2
451
3
428
3
454
2
464
2
15
8
399
10
126
6
222
10
W
160
10
342
15
247
11
374
7
392
11
85
9
356
16
261
2
471
3
403
14
390
16
L
340
4
160
75
103
64
33
26
264
31
W
6
43
6
