2
21
L
220
7
59
10
201
10
147
0
138
2
83
4
470
31
323
21
B
160
19
488
2
430
3
487
1
293
0
403
4
95
4
464
7
345
2
176
4
497
6
451
3
414
3
198
5
93
1
458
2
266
7
288
5
22
3
457
2
H
340
8
330
15
34
31
454
31
121
31
216
34
482
37
313
40
157
7
A
340
6
426
12
353
52
218
40
12
6
324
0
163
20
I
300
18
51
1
97
5
354
1
46
6
161
6
3
11
27
0
303
0
215
14
150
13
467
2
156
4
472
16
224
6
275
15
490
9
92
6
43
13
P
320
17
226
1
480
5
116
10
357
0
16
9
416
6
29
14
292
6
184
9
279
12
245
8
316
1
1
4
53
3
443
17
386
16
495
15
S
280
4
76
3
388
49
310
55
383
18
T
220
19
103
11
5
5
384
7
134
10
270
9
45
8
118
7
296
0
406
8
196
2
98
4
394
2
178
1
15
1
2
8
64
9
372
11
186
2
174
11
D
100
11
203
9
199
0
271
2
240
6
235
0
70
2
299
0
307
1
440
7
264
6
209
9
N
180
5
419
15
368
26
259
17
135
10
204
4
V
300
7
469
1
69
36
489
7
410
12
460
41
380
36
435
4
R
180
12
327
3
137
8
111
4
117
0
411
5
475
15
272
9
107
10
274
13
334
2
268
10
42
10
M
260
7
442
3
177
33
322
37
18
36
211
31
167
1
418
30
G
280
18
151
2
346
13
425
5
65
4
373
14
389
2
56
9
132
10
265
7
252
12
260
12
110
4
289
3
333
15
50
11
461
1
483
6
371
8
X
280
18
263
2
253
11
35
5
189
3
144
13
202
7
155
12
257
12
466
5
68
11
62
13
30
9
355
7
364
14
452
3
37
11
123
10
126
13
J
100
5
280
3
190
20
141
17
492
19
462
13
U
280
14
473
14
239
1
232
4
311
9
228
16
306
5
449
11
329
14
153
8
223
20
0
20
417
13
250
19
162
17
E
180
9
398
5
127
5
120
15
54
4
52
19
87
5
401
8
325
13
173
13
C
320
11
78
20
188
11
392
18
101
5
318
13
8
16
88
7
160
1
477
8
484
27
142
20
K
280
11
10
0
9
6
402
3
220
6
309
16
397
21
246
21
262
8
170
19
207
18
479
16
W
320
19
287
8
81
3
84
14
152
4
237
9
441
5
48
8
164
15
60
4
409
4
229
5
291
16
231
7
379
3
382
3
326
3
359
7
158
0
44
3
N
1
445
7
