2
22
U
220
19
142
9
392
6
68
9
488
2
414
0
216
6
251
0
374
1
107
11
192
2
364
6
405
11
490
10
295
1
326
8
213
1
182
8
103
0
332
11
G
140
3
461
33
9
25
339
30
R
160
3
121
23
324
16
458
46
J
220
7
246
15
41
8
109
23
4
27
483
31
14
31
225
30
A
160
9
267
3
379
7
371
4
485
3
397
9
52
9
15
1
81
11
335
15
T
100
18
114
1
345
1
104
3
79
2
42
1
342
1
426
0
173
0
380
0
493
3
86
3
260
3
484
1
172
4
273
5
299
4
449
4
477
4
K
340
19
422
11
297
0
365
8
423
2
400
4
215
11
220
0
401
17
191
10
162
2
115
17
240
2
469
10
152
14
160
8
421
16
134
9
245
10
383
0
L
320
15
117
9
97
6
424
6
287
16
394
3
406
7
253
9
340
1
249
18
352
16
377
1
319
7
331
10
144
8
18
2
F
380
3
96
13
238
109
140
85
Q
180
18
391
10
0
2
462
2
321
3
124
6
456
9
436
6
224
7
210
5
478
2
226
6
51
4
63
5
195
7
241
0
481
10
284
6
435
4
W
120
10
223
3
303
3
136
9
254
8
328
12
141
12
40
0
120
7
59
11
139
9
O
300
8
67
17
457
8
372
31
437
22
100
0
282
9
454
26
384
32
C
180
5
229
6
11
5
301
8
164
18
409
9
E
360
8
242
22
300
45
84
5
356
26
200
27
495
41
310
3
54
21
V
260
15
129
9
399
6
125
11
353
3
283
11
280
1
207
13
16
14
6
1
92
17
497
5
337
2
47
0
370
13
43
2
I
300
5
88
59
78
9
255
56
17
22
228
18
N
200
14
87
5
188
7
482
6
387
13
431
12
475
12
177
7
206
10
21
7
407
3
190
10
175
14
232
5
408
0
B
220
13
5
9
276
16
90
9
56
16
237
0
256
11
3
2
440
5
69
15
252
4
179
7
474
1
257
2
S
240
10
37
22
403
18
263
12
221
9
203
14
305
2
491
15
248
23
29
10
239
17
Y
320
5
128
13
1
28
187
33
333
55
145
22
D
340
11
368
9
83
23
323
11
234
1
61
6
314
23
98
6
262
20
450
16
320
27
50
11
Z
220
14
410
0
275
8
171
12
346
7
93
3
65
0
131
4
105
6
341
2
498
15
35
12
204
5
197
1
71
2
S
4
66
10
