4
10
C
280
16
278
17
238
5
20
2
245
8
331
5
88
14
327
4
180
1
464
5
407
10
4
5
141
3
93
9
7
12
239
17
11
1
J
120
17
2
0
348
4
479
3
350
0
416
2
330
1
254
7
388
5
91
5
292
0
222
6
434
2
265
1
89
2
48
3
92
2
372
0
M
240
12
438
11
290
16
477
9
149
1
186
6
61
16
430
1
314
14
402
17
166
15
49
10
359
13
Y
120
13
232
2
367
0
139
9
399
1
152
4
295
5
157
6
52
7
179
6
420
4
460
2
214
1
178
8
W
200
3
94
22
190
25
441
61
L
300
10
58
4
397
17
312
11
86
8
251
3
100
5
403
10
262
21
378
3
173
2
I
360
4
136
34
391
25
53
90
219
16
A
320
19
57
14
21
8
301
16
421
14
431
16
81
7
326
12
443
6
128
15
117
3
46
2
206
5
203
14
286
8
72
2
384
2
354
10
492
11
347
14
P
200
3
198
15
343
20
32
9
K
320
5
195
64
483
19
168
10
226
15
118
62
J
292
