4
10
C
180
15
217
7
302
7
15
4
288
7
297
5
267
7
456
12
86
7
206
8
291
12
301
1
353
1
270
9
454
8
155
3
N
200
17
497
8
350
3
466
4
91
10
137
9
367
8
348
1
312
2
205
4
251
3
443
2
212
7
317
5
457
8
14
7
159
5
393
2
L
380
6
99
18
395
48
166
11
29
43
383
5
298
11
T
160
15
371
7
24
9
459
4
406
1
355
3
453
8
370
2
375
3
261
4
485
7
122
7
126
1
182
8
440
10
1
3
W
240
8
73
8
392
5
495
27
314
11
236
20
117
7
36
25
52
24
Q
140
8
369
14
129
1
263
2
158
11
123
5
470
7
174
17
420
10
J
300
14
87
1
344
3
381
9
372
17
46
1
446
8
408
21
77
3
286
1
199
20
379
6
378
0
176
21
356
4
E
140
15
244
2
165
1
494
5
460
0
303
8
208
6
266
2
484
1
143
2
259
6
277
8
287
6
16
3
50
0
271
2
M
280
16
331
17
157
1
203
10
85
3
215
16
449
14
342
5
481
0
260
0
387
17
338
7
469
17
325
6
6
0
476
1
257
12
S
360
10
33
21
145
25
83
36
248
6
346
26
88
33
11
1
334
26
75
5
220
21
M
331
