4
23
B
260
3
132
27
15
30
38
45
G
160
4
418
2
391
35
64
11
44
17
V
360
5
97
19
452
30
149
39
11
18
222
19
R
180
10
247
10
51
3
175
5
183
7
293
18
310
16
328
8
244
17
133
11
215
17
W
160
11
138
6
480
4
430
5
445
6
127
5
248
6
96
3
447
10
56
13
262
13
484
13
E
180
19
60
9
126
5
166
0
85
6
443
5
239
7
264
7
481
7
400
8
100
5
158
8
314
3
337
1
428
8
369
6
155
2
226
3
206
2
466
2
Z
140
17
170
7
93
4
350
1
365
3
86
1
323
7
399
7
300
5
398
5
270
0
389
4
115
2
171
7
377
7
25
5
48
3
489
2
Y
240
10
120
23
190
20
256
7
129
5
195
14
288
20
324
9
14
1
98
15
409
10
S
200
17
499
7
191
9
52
3
467
3
326
4
344
4
475
10
406
1
99
4
148
1
463
10
213
6
30
0
236
7
373
4
446
8
321
11
U
140
9
73
9
249
6
359
7
68
0
343
14
367
5
383
0
75
1
422
13
C
200
6
74
1
128
2
292
7
177
17
423
26
299
4
K
180
8
198
6
260
14
153
1
431
18
483
9
465
15
107
12
461
19
Q
200
5
492
36
231
28
31
10
401
36
438
28
M
280
10
233
25
4
25
232
2
342
14
460
19
404
9
271
16
33
4
349
12
160
14
F
300
11
281
20
330
9
319
4
407
7
272
10
408
3
80
2
224
8
458
16
194
24
225
17
D
180
17
322
5
286
0
242
7
362
9
8
2
291
3
105
0
253
2
78
6
451
3
88
5
112
6
479
6
381
10
437
10
416
0
441
2
J
260
15
212
6
63
9
161
15
176
4
493
1
403
17
498
0
202
5
405
4
83
11
425
8
65
5
2
9
210
1
101
10
A
280
7
67
16
196
38
111
31
26
21
448
12
496
15
336
34
T
140
18
23
1
27
7
13
2
490
3
169
5
121
3
130
5
433
5
116
3
207
7
278
6
296
7
457
2
220
5
386
4
45
7
55
5
469
3
I
240
14
410
0
277
8
181
3
366
17
164
8
35
0
305
16
427
13
124
17
251
12
282
13
245
8
136
2
302
1
X
320
13
10
14
57
8
234
9
71
8
95
3
79
11
313
10
104
17
356
15
250
17
442
8
477
8
371
23
P
140
16
388
5
228
8
217
7
353
2
295
5
12
8
352
2
84
8
103
5
229
2
200
5
382
0
53
8
363
7
497
8
106
3
N
240
11
114
19
419
17
72
19
77
17
355
0
390
15
318
7
39
16
22
1
266
8
199
2
T
169
