4
16
X
240
10
297
24
338
15
233
12
272
9
38
16
9
24
435
12
393
7
198
7
161
12
N
160
6
72
20
189
24
243
12
369
24
175
26
454
0
I
200
10
418
6
293
7
377
0
439
8
218
13
176
20
365
6
328
15
330
12
235
1
T
300
9
336
23
63
12
277
19
267
14
230
29
134
1
278
22
490
20
387
6
E
320
6
131
41
234
24
403
42
436
25
455
47
73
23
G
300
4
16
71
188
47
273
75
448
52
D
120
12
251
7
173
6
327
3
499
5
53
5
149
10
425
7
130
2
219
10
407
7
289
4
282
5
A
320
12
207
23
29
5
33
18
300
20
442
17
192
15
398
26
78
1
213
5
396
25
32
25
347
6
H
360
15
26
18
395
3
51
12
215
20
299
24
88
23
440
23
20
24
17
6
125
20
405
20
25
24
313
17
268
6
76
17
Q
280
7
22
5
241
2
308
19
474
10
469
17
64
23
227
16
K
100
8
253
1
87
11
91
1
259
11
21
5
349
2
335
0
69
10
P
120
12
473
2
118
9
97
4
61
6
498
10
430
8
250
4
117
3
197
9
332
6
434
7
382
10
Z
320
16
329
11
271
7
209
16
323
13
109
13
288
13
47
8
312
7
462
14
242
0
244
0
5
13
445
3
411
8
245
19
158
3
Y
360
15
374
10
483
0
266
9
206
12
346
13
352
3
360
22
180
16
364
11
420
16
304
2
263
21
355
15
438
20
318
17
R
180
4
264
19
491
33
260
9
12
9
F
140
12
296
7
82
2
309
6
258
0
59
0
106
5
464
10
484
7
367
0
34
4
83
7
284
8
N
175
