4
13
H
300
19
269
8
483
14
419
13
152
7
372
12
360
6
97
5
415
2
402
13
344
14
147
0
105
14
22
3
132
7
296
11
205
0
398
10
457
3
434
7
O
260
15
142
6
34
4
428
11
175
9
317
5
78
3
425
11
481
6
401
1
343
1
300
16
222
5
297
16
480
5
393
11
D
360
5
366
18
354
26
17
20
43
70
261
40
Z
280
12
476
0
285
14
399
3
231
12
413
23
406
9
203
3
407
23
9
18
313
17
427
17
113
13
M
140
18
146
3
448
3
161
7
329
0
144
6
250
3
124
5
479
1
182
5
6
7
229
4
289
5
409
6
253
1
88
3
189
0
62
4
193
7
W
200
10
158
10
107
16
255
20
364
7
235
15
87
11
27
3
204
8
208
12
286
3
Y
260
18
331
8
70
7
325
5
160
3
233
8
469
3
165
5
30
12
488
4
81
4
465
8
228
0
159
2
264
4
5
2
468
6
236
11
191
13
L
380
4
411
29
230
12
96
91
492
39
F
320
5
224
20
211
47
252
11
31
11
128
58
R
340
12
305
20
216
25
362
10
266
17
21
17
350
18
443
3
380
6
260
8
453
10
11
24
19
25
G
360
7
446
43
262
46
414
8
412
9
386
30
490
49
200
19
U
100
13
320
7
298
4
29
3
134
3
418
5
315
7
284
5
257
3
431
3
156
0
378
7
72
7
361
4
K
280
13
497
3
417
1
196
0
181
1
136
11
174
6
387
8
330
12
263
10
4
17
341
18
277
13
357
19
W
255
