4
9
D
380
12
9
21
14
22
453
9
294
22
447
23
140
16
144
31
457
31
250
11
26
15
414
6
324
24
S
280
7
251
22
410
7
18
21
321
0
75
32
274
26
215
23
G
140
7
268
7
233
5
438
19
413
17
39
2
328
11
387
13
K
320
18
475
11
282
1
388
5
336
8
40
17
381
17
29
17
64
1
104
7
23
5
417
16
391
7
137
12
166
1
129
9
244
15
227
3
79
6
Y
140
3
239
24
316
12
489
46
P
120
19
380
0
446
2
237
4
78
2
225
5
267
5
197
1
412
1
127
1
455
5
46
1
394
6
157
1
201
6
22
6
21
6
397
2
258
3
223
6
C
220
10
134
4
314
19
145
4
499
0
396
22
317
0
53
4
72
17
265
21
334
5
J
120
4
433
21
130
6
372
13
110
0
T
280
9
13
18
437
0
280
29
159
27
216
21
142
20
365
3
421
16
88
13
S
75
