4
10
O
220
12
30
8
75
12
59
2
342
11
431
18
15
5
151
4
99
11
174
8
328
6
477
1
104
16
R
360
7
313
42
273
18
19
5
447
24
439
45
346
42
18
5
V
240
10
5
23
352
1
242
23
474
2
489
4
285
22
499
16
217
7
2
13
35
4
J
240
6
43
11
63
30
384
22
354
34
252
21
7
36
I
180
18
79
7
472
6
297
0
300
1
89
7
381
8
358
2
324
3
28
2
206
8
215
7
426
8
36
4
323
3
233
0
250
1
48
6
424
7
S
120
13
478
2
156
9
62
7
168
4
394
5
337
9
309
4
94
1
197
4
131
3
229
2
452
7
348
4
G
340
15
91
3
279
1
264
16
207
14
437
17
322
19
191
9
33
11
248
8
347
0
446
15
227
13
161
4
406
19
225
21
L
340
19
256
3
37
9
67
8
239
6
383
8
269
7
128
9
261
1
455
12
373
6
308
5
6
2
159
8
84
11
382
13
184
13
409
5
387
14
0
11
H
200
17
72
5
208
1
332
0
124
10
127
2
448
0
152
1
218
1
458
8
51
6
325
6
49
1
339
10
463
1
413
6
109
5
163
8
T
300
4
60
69
299
10
385
1
12
29
H
152
