4
11
K
180
14
376
1
411
0
59
1
182
9
238
10
312
4
257
3
107
2
220
7
336
2
66
5
132
5
144
8
366
6
A
320
14
92
11
428
16
468
2
457
15
412
17
178
15
224
12
134
2
76
19
167
18
114
14
287
7
455
21
48
7
R
240
13
41
6
141
0
367
4
282
5
127
8
194
16
311
10
37
14
7
7
406
13
142
15
49
6
227
5
E
360
19
320
10
207
0
168
17
104
9
276
9
313
17
199
14
128
16
254
1
469
10
461
18
13
6
176
5
357
0
190
7
488
13
328
17
493
11
129
5
Y
360
15
445
10
394
19
262
2
241
15
247
7
485
0
32
13
154
20
492
18
255
8
384
8
45
23
214
24
16
2
361
8
V
100
11
380
0
22
1
385
0
34
7
231
1
423
5
24
9
131
3
118
5
123
4
344
2
Q
140
10
372
1
405
13
228
4
121
6
343
7
278
4
379
11
410
5
408
9
439
7
H
220
17
472
12
75
3
158
1
86
2
186
4
83
8
266
3
122
0
202
4
400
4
77
4
256
3
378
8
252
7
303
12
293
11
130
12
C
320
3
216
2
197
96
448
93
D
120
10
456
8
291
10
57
3
82
10
71
12
358
0
260
2
200
12
106
1
321
5
M
360
8
110
40
174
17
420
8
401
13
426
38
105
9
377
37
476
24
R
194
