4
21
G
300
3
380
56
347
91
286
71
B
160
17
330
7
144
9
5
0
87
7
269
3
84
1
392
3
352
8
199
0
96
5
222
7
496
7
434
4
487
0
51
9
449
3
20
3
D
300
14
494
17
326
15
418
18
478
14
489
2
432
5
483
17
254
1
237
19
152
10
439
18
216
1
206
2
139
0
C
100
4
313
18
223
24
353
2
13
11
Z
120
12
233
4
266
10
355
5
25
8
363
6
285
4
428
1
369
7
466
5
321
0
258
6
12
3
A
220
16
245
3
185
13
157
3
170
9
119
3
106
0
18
12
181
1
142
2
336
0
107
8
333
8
473
11
251
4
47
13
4
8
I
220
6
169
7
161
35
302
6
259
24
402
25
61
1
T
300
16
423
1
33
2
89
2
192
12
255
12
413
11
221
3
19
8
150
7
291
5
388
13
263
10
463
2
134
10
171
3
288
2
S
140
3
290
26
475
45
498
31
J
160
4
267
30
124
12
403
36
36
17
N
220
19
211
1
303
6
230
1
212
10
273
0
341
8
419
11
424
6
62
9
331
1
389
3
311
10
297
7
122
10
300
8
461
2
232
8
319
11
53
3
X
300
13
384
2
130
8
426
16
235
20
123
0
187
16
458
22
272
23
78
18
67
4
262
20
182
12
280
20
W
300
7
296
36
452
10
427
24
476
26
219
9
396
16
474
14
L
180
19
490
0
32
6
307
4
111
1
57
5
69
6
140
5
160
1
29
8
445
9
356
5
298
2
393
3
450
2
184
2
188
4
183
2
283
0
335
6
H
160
12
158
13
128
0
194
13
31
10
213
9
77
5
261
1
0
3
482
12
148
3
451
12
179
1
M
100
14
397
2
414
4
399
5
381
6
165
0
357
4
375
0
48
0
117
7
52
1
373
1
149
7
309
7
81
5
Y
160
6
430
10
497
3
323
2
240
0
93
12
220
4
V
160
3
114
45
499
51
344
27
U
220
5
328
32
459
32
400
2
79
0
421
24
P
180
18
239
0
176
10
10
7
287
6
464
8
9
1
486
5
37
3
75
0
368
1
491
10
348
8
35
1
308
5
405
5
370
8
318
2
54
5
R
140
14
173
2
210
6
24
8
121
8
98
7
284
2
249
10
156
2
324
6
11
4
337
8
151
5
154
1
441
0
V
114
