4
23
C
380
8
118
25
99
20
220
41
76
42
63
35
136
11
65
29
94
4
G
300
6
383
38
332
46
228
32
43
32
402
6
123
36
X
200
4
54
3
5
32
37
20
156
47
Z
100
7
168
4
422
10
107
4
458
3
223
0
344
5
439
14
I
120
16
367
0
442
0
297
1
48
4
93
5
104
3
370
3
451
3
496
7
314
2
361
7
251
7
204
0
413
1
326
2
472
1
Q
220
10
408
17
468
21
237
4
453
17
357
18
235
9
45
22
293
21
244
22
135
7
H
300
15
23
16
130
13
147
1
212
18
167
9
24
5
206
14
197
6
207
2
419
1
479
17
242
16
351
12
444
0
165
20
M
260
3
205
10
389
11
174
28
K
360
12
153
9
91
1
4
20
490
25
222
13
41
5
226
19
163
7
79
22
464
25
86
23
52
2
B
140
6
440
6
33
12
286
8
404
11
324
18
178
23
D
260
10
40
8
85
15
335
9
407
15
333
20
410
16
225
15
180
11
103
17
414
19
Y
220
4
275
44
262
25
348
13
283
31
L
120
18
345
4
34
1
96
2
456
0
201
6
466
6
116
4
209
6
387
1
227
0
374
6
285
6
256
4
482
3
55
4
457
5
330
5
114
0
T
300
4
363
72
309
65
394
43
219
11
F
280
8
3
28
70
9
461
2
279
1
416
8
473
35
16
6
29
5
P
100
5
300
16
430
10
260
3
27
16
18
5
N
120
3
129
39
421
22
292
10
V
220
18
115
8
485
7
143
5
230
7
347
11
81
6
494
10
252
2
280
12
382
7
50
12
356
8
281
9
11
0
38
1
121
3
247
0
463
6
E
240
9
362
19
203
10
432
0
139
16
146
2
340
4
189
26
271
5
60
3
R
240
18
224
4
172
7
257
6
323
5
411
12
53
9
240
8
392
10
191
3
58
9
304
8
291
6
177
0
373
5
51
5
239
0
171
4
308
2
O
320
15
90
14
61
6
1
19
417
18
194
16
82
19
75
19
380
15
470
13
448
12
137
2
287
9
17
19
393
21
268
13
J
180
14
138
7
9
10
173
4
57
8
449
11
452
11
2
4
342
5
229
0
134
3
13
7
481
12
278
5
265
2
A
220
13
365
10
25
5
145
7
433
15
302
14
69
6
122
7
7
10
341
5
164
5
196
16
246
3
429
5
O
448
