4
14
Z
300
15
248
13
236
5
390
11
111
11
186
11
76
17
165
20
414
8
495
17
4
20
109
6
286
10
192
19
305
1
74
12
J
120
5
141
8
436
21
382
15
268
9
128
3
U
260
6
456
5
337
21
62
22
273
25
316
27
96
15
I
340
10
383
31
357
1
72
19
193
5
197
33
35
4
181
33
166
27
403
9
437
32
E
260
11
323
1
277
11
146
11
497
3
238
3
252
7
229
20
441
7
86
12
285
22
322
14
D
120
14
481
8
292
6
115
4
320
0
303
0
431
7
207
7
469
4
454
0
125
4
428
2
176
4
485
0
399
5
F
180
11
312
2
407
11
174
1
445
12
371
7
170
11
488
13
143
12
30
12
120
9
133
1
B
280
17
41
3
245
4
326
10
117
7
63
16
366
2
97
2
156
15
183
12
435
12
48
16
343
5
291
16
419
15
87
11
251
2
126
5
P
240
7
161
24
182
22
264
15
221
14
130
7
433
17
335
21
V
320
4
367
17
258
38
57
59
301
61
K
380
7
450
44
476
47
351
6
377
14
300
41
336
52
298
16
W
300
5
356
6
239
25
118
7
466
3
424
21
X
260
11
222
11
144
6
91
17
235
15
299
8
309
12
138
10
470
11
39
21
274
0
380
20
Q
340
16
244
9
317
14
178
0
283
19
185
1
17
11
375
9
493
2
217
3
223
13
480
10
179
9
401
15
27
9
415
10
372
9
E
497
