4
7
D
160
13
56
12
490
9
156
8
428
3
402
7
453
2
306
4
408
7
379
8
206
3
2
5
366
11
368
7
W
120
7
261
7
69
5
253
10
484
3
278
0
109
2
427
15
E
260
10
39
0
203
7
423
20
325
1
452
17
362
20
387
14
289
1
212
12
462
2
T
220
11
54
4
191
14
225
12
146
19
228
5
458
0
175
1
183
5
439
1
257
12
377
9
O
320
9
334
10
240
11
323
32
269
5
177
26
282
25
273
15
102
10
382
3
I
120
3
294
3
400
20
369
34
G
100
5
197
7
345
7
328
0
88
7
201
9
O
102
