4
18
A
220
15
107
4
216
13
405
14
183
14
389
5
302
8
159
7
407
11
383
8
1
3
475
12
462
10
293
3
260
9
418
11
N
360
9
143
30
26
9
463
14
443
20
126
36
196
39
264
35
396
19
262
7
B
100
17
277
0
419
2
421
3
296
0
457
4
236
0
192
3
25
2
74
3
384
1
23
5
30
0
171
1
162
0
255
4
248
2
108
3
E
380
7
35
31
456
34
62
29
363
25
176
2
397
0
58
26
Y
120
15
471
3
433
0
429
8
496
3
45
6
133
2
356
7
413
2
97
0
499
5
446
8
303
3
254
1
404
2
469
4
T
360
18
391
15
282
7
467
1
360
13
127
20
59
7
39
6
337
20
323
15
132
0
130
5
110
2
461
8
4
3
222
20
88
14
229
11
485
16
U
280
15
398
17
71
5
24
11
223
9
338
7
188
6
231
7
321
6
468
14
287
7
444
5
304
9
157
9
139
5
161
8
Z
200
6
310
4
53
33
141
25
98
16
9
33
465
5
F
260
9
154
17
339
8
228
15
208
7
488
13
328
24
22
21
324
12
250
9
P
360
15
185
17
114
1
426
6
27
16
498
9
425
9
119
10
294
7
378
9
327
12
70
15
482
3
325
19
306
10
348
10
I
160
3
432
15
92
15
237
38
X
160
6
358
16
137
26
117
25
408
14
212
20
308
16
J
240
6
369
37
329
1
12
30
379
21
479
25
297
36
M
200
5
41
37
331
23
144
19
113
2
16
28
D
140
19
414
1
466
1
301
1
326
4
158
5
394
4
227
6
111
2
309
4
371
5
226
0
343
0
279
3
170
1
362
3
67
3
104
7
243
4
350
7
O
140
14
40
5
285
3
403
7
320
2
102
1
186
7
65
4
261
9
278
10
400
0
86
4
454
2
69
9
489
6
R
140
17
105
3
375
5
190
5
202
3
357
8
330
4
194
2
5
0
172
0
435
1
497
5
149
8
19
4
221
0
249
0
300
8
288
4
S
340
11
410
23
445
13
439
25
83
23
494
2
124
24
200
15
146
0
284
24
81
8
289
7
S
445
