4
6
V
360
17
264
5
16
5
252
19
488
20
243
10
347
7
465
13
374
14
15
12
49
4
206
4
241
4
105
6
126
2
385
16
151
1
64
17
C
280
8
157
9
367
29
239
2
275
22
476
32
247
16
142
21
434
11
Y
300
18
69
13
310
0
51
4
81
14
13
8
3
12
351
0
286
12
127
9
240
13
248
4
319
6
344
8
450
12
280
11
415
10
256
5
101
14
P
120
14
147
3
182
4
346
4
263
3
19
8
35
5
234
6
58
1
120
4
94
1
4
5
368
3
129
0
46
5
W
120
17
425
1
22
3
455
1
83
7
342
6
300
5
325
1
170
1
183
0
471
6
53
1
359
4
41
4
278
3
315
7
354
4
155
4
Z
260
9
395
24
233
23
227
22
288
2
156
20
39
7
226
0
80
0
463
24
C
239
