4
23
T
280
5
204
42
142
50
313
14
339
48
47
34
Q
340
16
181
9
388
6
50
11
498
12
285
10
180
11
395
20
121
7
58
16
447
13
415
6
382
11
431
6
359
7
354
18
420
16
H
140
13
374
5
321
10
200
10
399
4
364
8
326
1
116
4
452
2
175
2
368
0
310
8
377
7
365
2
G
300
16
332
14
152
4
361
13
73
2
165
3
428
15
72
13
212
15
56
9
21
4
122
4
34
4
213
11
3
3
456
13
53
13
B
360
4
216
66
293
11
247
22
375
15
C
160
17
383
1
147
5
232
7
493
1
472
1
309
8
390
7
454
7
444
3
296
0
170
1
167
4
340
7
148
5
40
8
355
5
277
0
K
240
12
283
6
55
13
16
5
169
15
15
15
497
19
483
2
363
11
253
4
74
16
333
14
91
7
V
360
14
327
3
459
7
282
12
35
4
320
4
284
8
463
23
487
20
61
14
280
21
187
21
328
5
353
23
168
16
W
300
5
54
57
87
28
0
45
196
16
243
39
A
140
10
302
14
11
7
57
4
48
4
183
7
23
9
155
0
494
3
44
6
29
10
F
380
12
173
0
418
8
218
22
177
12
453
25
19
22
95
6
143
26
64
25
60
12
149
16
387
10
D
100
5
69
4
70
17
92
1
171
10
112
15
O
380
12
486
16
258
17
337
26
49
12
405
16
138
16
28
0
135
4
129
31
78
2
278
5
394
4
E
220
7
14
3
424
3
397
29
413
25
240
18
94
25
90
30
U
300
17
495
13
367
1
251
13
233
1
466
13
345
16
110
11
262
8
26
13
306
7
403
17
252
14
271
3
449
14
311
5
299
2
182
16
L
180
10
141
13
120
9
248
2
335
8
436
5
400
11
146
13
13
3
272
9
349
14
N
100
6
1
9
39
10
2
14
474
8
207
9
276
5
M
380
6
344
18
51
46
153
0
31
19
186
0
84
5
Z
200
9
43
15
443
21
308
11
113
7
222
0
464
18
128
1
159
10
427
20
I
360
18
150
17
22
10
63
13
18
9
109
8
430
8
202
9
402
16
419
2
30
9
423
20
358
18
98
8
484
15
100
18
448
14
460
19
134
13
Y
280
18
83
4
102
6
346
7
193
1
323
11
237
11
59
8
166
15
274
15
184
2
210
13
416
11
194
8
211
5
342
13
407
10
445
3
470
6
X
300
8
96
16
205
25
241
34
477
8
156
6
343
26
161
36
103
6
R
320
3
348
8
421
76
172
86
D
171
