4
22
Y
380
6
254
60
335
15
87
47
96
61
476
5
272
62
B
340
12
71
17
344
15
143
26
374
23
70
13
379
2
367
4
227
27
134
20
333
11
489
23
453
2
G
360
17
183
13
314
3
22
14
300
13
33
14
239
21
160
1
99
18
393
16
365
11
312
6
498
16
58
7
355
5
38
5
370
18
131
4
K
140
4
218
2
415
23
428
9
426
6
F
240
6
192
0
455
13
412
20
130
25
469
16
340
0
Z
180
5
383
2
26
17
102
23
435
6
452
36
A
220
10
35
0
190
11
221
2
347
13
20
7
380
21
91
13
421
22
153
6
441
1
I
240
12
196
18
324
1
250
1
373
14
232
6
15
4
103
0
148
12
273
10
194
13
237
10
438
14
R
340
7
466
22
443
10
275
39
66
21
306
3
304
4
354
28
Q
320
15
270
19
202
15
208
2
400
4
468
13
229
8
339
2
360
8
294
1
293
12
305
3
343
1
104
14
62
19
394
16
P
340
6
247
8
483
42
12
40
303
41
357
40
159
51
N
120
15
482
3
268
0
31
2
287
3
271
1
169
2
423
7
362
4
321
7
276
0
391
1
125
6
252
8
368
4
386
7
T
300
6
318
2
292
45
52
47
145
25
338
46
493
46
E
380
17
463
11
288
13
398
1
7
1
302
12
57
6
403
14
6
15
156
2
310
6
53
19
263
12
141
15
1
1
396
17
98
8
390
13
L
120
5
54
6
371
23
45
4
346
4
309
3
D
140
3
50
41
201
3
210
24
O
160
9
88
14
472
6
179
6
220
16
174
16
366
16
464
10
79
12
240
9
H
120
10
209
11
345
6
30
0
60
7
480
0
166
8
364
4
226
0
457
7
73
12
M
360
3
454
81
255
105
416
42
X
380
12
175
4
369
10
280
28
256
9
9
20
18
12
389
14
351
26
235
17
128
12
234
8
138
17
U
320
14
182
14
372
3
193
18
316
11
399
20
111
14
170
22
404
21
219
1
348
15
43
9
485
6
408
9
40
22
C
380
19
89
10
199
18
477
19
16
17
450
6
32
7
139
13
21
17
51
3
497
8
74
18
448
2
265
16
402
10
282
16
499
16
136
19
37
19
257
17
A
20
