4
21
R
240
8
353
6
406
4
432
14
74
18
131
2
196
17
374
7
373
5
Y
200
5
63
20
487
25
266
32
123
7
421
6
P
260
12
446
19
88
5
343
9
317
4
323
11
352
9
103
16
1
3
50
11
54
18
413
16
43
13
G
100
11
83
1
177
9
335
1
322
8
445
6
262
9
320
7
90
5
94
3
455
2
308
8
T
300
4
358
34
258
67
239
17
297
38
U
360
14
171
5
0
23
139
1
144
10
477
11
226
6
18
12
46
0
404
13
227
16
193
15
225
8
349
20
460
17
O
360
6
419
13
55
11
428
51
344
33
77
36
96
36
I
380
14
385
25
101
3
135
3
104
2
418
16
488
25
453
16
346
14
263
25
206
17
492
11
136
18
444
27
65
15
E
200
4
260
21
476
34
176
37
397
7
N
160
16
316
8
81
9
434
10
337
8
71
4
49
9
189
5
359
2
438
2
486
10
287
10
167
9
41
0
219
3
467
6
412
2
D
100
15
16
2
230
6
201
1
84
0
82
5
466
4
380
0
447
6
332
6
417
1
232
0
169
6
192
1
183
5
188
3
W
240
10
212
23
17
18
315
1
2
23
268
1
234
18
26
22
236
17
99
4
274
5
A
380
6
354
25
204
21
224
48
93
51
286
59
110
30
M
160
13
150
0
58
11
499
11
490
10
37
1
185
8
115
10
178
5
295
6
390
0
443
4
272
2
53
0
V
320
19
279
8
424
14
105
10
211
9
483
0
379
0
190
0
362
9
34
5
271
10
148
2
302
16
356
7
159
14
468
7
145
13
321
5
281
10
138
11
J
120
3
170
6
21
24
478
36
S
380
14
461
16
294
17
161
27
15
13
95
24
400
27
410
16
86
2
40
0
462
5
253
23
165
15
60
26
480
7
X
140
15
398
6
256
8
423
3
330
6
223
0
301
5
14
9
157
8
27
9
114
6
247
2
156
6
472
7
458
5
184
5
F
140
8
375
16
485
3
399
3
62
9
482
13
355
5
429
3
126
13
Q
240
3
137
32
277
11
386
27
H
200
8
376
21
325
19
142
22
309
11
72
8
102
2
304
11
182
5
Y
421
