4
15
Q
360
13
468
20
412
4
491
8
414
21
313
4
264
6
280
13
337
25
370
11
221
22
197
15
381
13
105
5
W
300
16
292
8
160
13
392
10
210
4
273
1
14
4
46
9
24
9
441
4
239
7
144
8
194
3
68
1
419
6
437
5
300
3
T
360
19
442
9
63
9
150
11
11
16
40
18
417
6
66
5
37
0
71
0
470
2
108
2
25
15
397
8
113
5
72
0
136
10
352
10
467
1
418
0
D
360
6
496
55
98
30
225
43
69
14
421
58
310
24
H
180
13
415
6
340
6
162
5
26
12
175
1
101
10
168
7
462
10
85
4
127
1
103
13
244
5
139
2
L
160
15
456
1
455
10
396
8
83
4
80
2
146
0
70
10
171
2
379
3
123
5
200
4
376
4
432
1
276
0
399
10
F
180
19
170
0
499
3
211
8
185
1
109
9
217
3
272
7
91
9
387
3
453
2
486
7
444
6
206
6
388
0
305
4
369
4
306
8
142
4
78
7
P
140
18
73
7
259
1
67
0
49
1
232
6
4
3
469
4
18
1
183
4
147
0
20
1
228
7
23
5
9
4
253
6
316
2
79
2
53
7
V
160
11
116
7
176
9
255
8
198
4
141
2
497
11
111
9
1
11
42
5
243
12
16
3
Z
280
6
268
38
331
18
477
5
301
30
438
41
242
1
E
140
16
373
8
33
2
359
1
407
1
246
0
284
3
343
3
223
7
27
8
459
3
494
0
50
0
498
1
3
8
288
1
19
4
I
260
18
428
0
256
5
325
11
321
7
258
14
390
12
77
9
427
12
395
8
119
8
247
7
34
10
234
2
212
1
266
7
59
13
245
12
424
13
J
100
6
261
7
382
11
58
1
463
8
393
7
184
6
M
280
14
156
5
89
6
265
18
226
6
94
5
355
15
201
17
285
10
100
7
209
3
257
12
372
2
471
19
5
19
U
100
6
173
4
7
2
199
15
358
10
409
5
140
6
I
119
