4
21
M
240
17
241
7
430
6
444
8
121
10
488
10
411
10
271
0
99
8
399
4
386
7
269
8
129
0
491
12
200
2
273
1
117
0
361
2
S
340
10
280
8
359
10
346
7
4
2
351
10
308
32
263
0
412
2
243
20
217
23
Z
300
18
102
15
287
16
89
14
246
16
431
14
75
16
283
16
349
7
435
9
248
14
36
7
249
16
471
5
79
11
306
15
360
16
128
15
31
6
A
300
8
450
4
9
14
13
30
369
34
230
24
229
17
348
34
388
21
R
380
18
466
1
406
6
157
9
1
14
211
20
316
9
313
5
225
12
173
19
375
13
423
3
69
13
40
21
454
21
60
11
250
8
32
5
440
9
H
220
10
171
1
175
13
91
12
465
18
76
19
498
11
70
10
205
3
484
14
78
22
D
160
9
6
2
473
16
408
11
68
10
298
14
226
13
27
14
403
0
153
1
W
380
10
422
33
334
28
374
28
453
11
455
28
418
10
353
20
30
16
292
12
244
38
T
380
15
333
25
158
20
266
24
372
11
339
10
141
14
452
20
112
25
239
21
310
18
495
12
485
14
296
6
219
19
86
11
U
240
6
125
0
315
10
394
5
222
35
256
20
123
4
Q
340
13
480
2
109
8
46
9
279
26
137
7
18
24
136
18
240
23
59
4
146
18
347
0
144
4
261
4
L
180
18
404
9
259
9
468
1
251
5
135
5
11
7
343
4
167
3
381
4
227
5
366
1
328
6
390
3
272
1
20
2
202
2
37
3
332
8
P
360
7
252
19
323
6
483
4
451
40
342
1
264
28
201
12
X
300
10
29
23
260
29
492
9
429
9
297
19
410
1
437
5
344
21
395
17
196
13
N
140
4
169
19
71
23
385
15
67
22
F
220
12
377
14
382
17
47
8
54
4
39
4
213
0
326
4
95
14
74
11
215
18
472
1
305
8
G
360
14
8
21
5
8
214
23
459
22
58
0
85
15
22
3
83
16
278
5
496
24
126
17
51
15
413
8
56
9
K
200
17
24
4
156
10
463
3
262
9
165
3
118
5
0
9
209
3
335
6
486
6
119
8
340
8
270
2
16
11
90
5
497
9
168
5
Y
380
7
115
44
433
45
142
17
3
50
204
19
199
19
28
44
O
360
3
52
55
94
9
469
54
J
240
12
111
14
365
13
154
17
364
16
45
12
258
12
401
16
293
13
17
8
363
10
490
10
380
10
X
260
