4
10
Z
380
10
433
19
20
28
301
28
381
35
467
11
281
0
483
22
391
5
79
33
88
21
K
340
12
443
14
352
11
410
19
104
15
105
16
440
9
153
12
308
25
241
12
160
7
59
18
195
6
T
120
13
83
7
258
1
264
4
163
6
168
4
135
3
212
4
76
4
400
5
69
6
222
0
426
5
250
0
B
140
17
32
7
496
3
57
2
85
8
109
2
261
0
289
5
112
2
219
4
162
5
133
3
91
0
488
6
204
3
181
7
223
3
70
6
N
120
18
53
1
46
1
136
3
165
1
372
1
468
6
322
5
214
3
334
1
139
1
164
3
138
6
453
6
267
6
152
1
351
5
456
3
405
0
X
100
16
42
5
21
0
459
1
470
0
100
6
252
0
362
2
190
6
41
5
35
5
73
3
242
4
442
3
409
0
340
2
178
4
G
120
3
452
29
398
15
474
10
I
260
18
132
6
179
8
321
1
256
3
244
6
286
2
98
11
93
1
309
14
374
0
319
4
421
13
396
1
368
13
274
10
343
1
95
11
156
5
V
340
10
385
12
23
8
4
26
481
1
487
22
471
0
62
12
174
19
333
14
316
29
S
100
18
64
0
428
1
451
0
257
0
373
5
367
5
17
5
47
5
397
2
387
5
113
0
326
3
288
5
331
1
431
2
157
5
330
3
341
5
K
241
