4
11
Z
100
10
397
0
362
6
480
10
450
0
24
10
157
5
381
8
138
7
167
4
253
3
R
140
15
155
0
463
8
372
0
170
6
162
3
97
6
144
8
63
7
473
5
116
9
30
7
437
9
160
7
277
9
469
8
K
380
18
275
15
349
1
398
11
396
9
429
4
127
3
173
3
78
11
356
14
305
2
185
17
147
1
355
11
481
1
410
4
328
14
265
15
60
15
M
220
12
164
6
391
9
329
1
92
14
35
2
3
13
263
9
4
15
255
9
52
8
21
16
276
10
W
320
3
421
93
271
58
208
70
B
220
17
243
2
54
6
476
0
280
11
131
1
405
9
498
3
383
4
279
9
192
11
69
11
59
2
364
3
399
1
319
11
126
12
289
5
Q
240
13
101
11
118
7
141
11
203
13
343
16
350
14
234
16
458
2
258
11
163
12
10
16
165
12
71
4
L
140
11
283
6
256
6
479
1
370
5
456
12
225
2
420
5
347
2
466
9
358
4
274
12
X
260
10
478
21
182
24
406
10
415
21
224
16
269
19
317
5
378
9
302
12
333
5
U
180
6
218
10
459
4
414
3
266
5
313
10
331
30
P
200
3
245
59
180
63
9
64
U
266
