4
10
L
180
3
267
59
195
2
256
14
X
200
13
139
11
455
15
373
6
404
3
377
10
465
7
67
1
294
13
80
7
342
8
5
10
40
4
435
12
O
200
16
460
3
318
5
268
3
436
4
480
0
166
11
253
7
17
10
103
1
485
5
171
9
91
9
60
5
168
5
152
7
39
6
T
280
14
111
13
401
4
397
11
430
2
24
12
392
10
354
9
88
15
305
17
340
0
451
17
237
16
213
6
214
18
M
360
6
219
55
452
31
242
9
225
7
346
53
1
5
Y
300
6
329
47
132
0
186
5
458
17
461
4
174
4
V
280
13
337
3
336
1
326
3
49
12
61
7
19
5
33
10
11
2
426
14
483
2
424
1
332
13
297
17
R
260
5
64
21
427
32
26
22
321
44
492
20
G
180
3
102
40
128
10
259
25
B
220
7
6
6
317
14
160
26
331
29
273
27
299
12
199
5
X
377
