4
11
L
280
8
72
0
126
13
7
20
151
28
46
33
468
0
264
23
36
7
Q
300
12
472
12
24
10
476
13
50
16
370
19
78
10
294
23
71
18
490
3
112
7
405
21
140
9
E
260
5
157
40
20
23
34
17
189
32
204
30
P
300
8
301
8
304
12
230
17
339
29
148
22
171
1
99
15
221
18
M
100
7
146
11
219
7
163
9
66
6
432
1
106
5
494
10
A
340
16
452
8
255
12
381
12
48
13
491
18
266
19
300
14
246
17
331
21
475
3
84
17
1
10
114
16
392
0
474
0
198
7
D
100
5
382
0
334
15
387
9
400
20
458
19
I
380
6
492
33
418
2
416
63
403
55
123
34
451
8
B
220
14
353
8
406
2
317
6
268
9
240
10
35
11
440
13
51
2
311
4
354
6
346
15
410
6
54
2
399
10
Y
220
8
185
24
200
24
312
8
277
27
210
24
383
12
160
26
487
2
K
160
3
117
38
361
19
378
38
A
48
