4
13
B
280
9
428
2
168
10
154
5
129
0
178
24
461
26
323
27
25
16
189
30
P
380
13
28
28
418
3
476
4
448
9
279
29
314
8
345
14
231
19
324
0
268
16
300
1
452
4
132
26
R
220
7
155
0
408
21
215
7
255
11
494
0
385
8
265
6
M
360
6
245
53
197
1
61
1
116
42
307
3
71
46
Z
100
13
72
6
356
5
30
1
393
3
293
7
496
7
359
5
87
3
453
6
370
1
217
6
134
0
371
2
E
380
13
222
13
343
17
417
14
89
25
33
8
106
5
347
21
205
1
337
11
187
1
474
27
36
18
111
26
Q
220
17
92
12
249
11
497
4
432
12
378
12
394
4
69
3
415
1
430
6
301
12
59
9
303
12
313
3
164
0
101
5
7
12
212
12
V
320
19
121
9
198
13
108
12
405
2
224
4
276
8
318
4
416
7
355
10
381
9
480
16
334
16
407
16
425
2
332
16
485
11
274
11
151
4
66
16
X
260
14
253
14
391
13
395
9
22
3
402
5
434
16
120
4
406
16
31
0
351
18
304
11
261
1
223
4
95
6
Y
120
8
241
4
320
5
243
5
221
5
88
8
462
2
15
6
172
14
I
320
17
315
10
179
11
316
1
439
15
305
13
204
13
93
15
80
0
235
6
133
6
6
8
32
18
40
2
73
8
278
11
470
5
226
14
C
220
3
375
32
173
69
160
2
D
120
16
486
6
76
3
13
6
51
0
455
5
152
6
20
2
199
4
65
4
433
1
185
7
297
0
218
5
271
0
137
1
413
2
X
31
