4
7
G
160
14
159
10
487
0
334
10
394
1
463
9
47
5
181
4
6
11
197
0
464
11
222
11
59
1
81
2
196
0
X
340
14
498
18
203
11
161
11
491
18
336
23
456
18
291
17
19
16
462
23
116
9
288
15
412
23
320
7
13
2
B
320
12
299
24
250
8
32
5
231
19
74
13
45
5
63
22
261
16
23
15
211
23
194
9
141
11
P
120
16
88
2
396
5
255
7
122
0
468
3
321
7
310
0
21
5
85
0
331
0
225
1
478
6
119
0
304
3
110
2
322
4
U
220
11
290
7
120
16
151
15
188
7
35
10
443
10
267
9
30
0
415
8
42
15
373
20
V
360
11
86
27
389
32
67
31
432
4
243
18
155
2
403
21
254
4
227
31
319
21
381
26
O
280
6
474
16
495
16
339
31
104
41
400
1
87
3
V
243
