4
15
S
120
12
79
3
279
9
49
3
119
10
301
5
337
6
257
6
452
3
467
7
436
1
429
1
289
5
T
300
10
358
24
173
28
272
25
401
21
147
11
407
1
130
27
394
18
410
5
10
1
L
160
15
445
2
353
1
420
3
20
5
256
9
214
9
185
8
77
4
284
6
375
1
397
8
205
5
78
9
102
7
120
1
N
200
15
264
8
253
3
283
5
91
11
137
1
58
3
456
11
371
4
413
11
225
0
469
11
342
9
220
4
118
7
148
9
K
260
18
159
9
121
13
405
12
391
13
162
12
261
2
414
11
221
12
307
13
30
0
270
5
73
13
328
2
374
7
37
14
349
9
32
2
316
14
B
320
11
188
14
182
15
281
27
434
22
355
1
128
7
389
16
387
23
292
1
278
10
122
14
Q
320
7
364
1
288
42
142
6
323
41
132
41
431
36
314
40
U
220
18
372
10
70
11
310
7
408
0
31
10
454
7
308
7
4
7
497
1
110
0
300
9
466
9
346
8
325
12
72
6
184
9
321
0
315
6
Y
360
16
482
13
90
13
17
18
493
0
303
14
198
2
2
15
277
5
172
3
324
20
351
8
152
20
154
8
362
11
327
1
234
13
R
260
10
194
18
377
7
74
22
26
5
95
22
69
15
190
1
441
17
440
19
207
24
H
160
10
12
14
259
6
242
12
153
3
163
7
251
6
47
1
179
4
430
8
146
6
F
300
13
117
8
82
3
25
9
106
5
200
8
93
4
491
10
51
15
403
3
356
7
240
13
486
0
197
2
P
140
18
75
2
499
5
19
6
296
3
80
3
424
6
16
0
134
5
125
6
204
7
15
5
124
4
415
5
495
6
210
4
85
5
135
1
62
4
I
340
17
322
18
229
18
0
2
447
15
438
9
384
18
433
15
366
5
481
6
65
1
66
8
471
19
180
2
231
17
492
9
343
10
174
10
M
320
11
398
26
97
7
336
15
235
7
216
26
378
27
241
2
219
28
133
28
265
0
365
21
T
394
