4
15
N
280
13
297
9
363
2
34
15
184
12
340
16
128
15
209
6
347
10
132
5
117
6
300
8
376
8
109
5
W
100
3
241
1
495
30
327
13
D
380
11
449
11
331
10
306
19
293
34
160
27
213
30
139
31
275
26
464
13
202
24
141
13
K
120
6
123
1
477
7
167
8
21
6
419
17
208
20
S
260
13
445
6
324
16
172
9
480
8
253
17
385
7
90
20
177
14
373
14
113
1
40
11
223
6
16
17
J
320
19
318
3
374
5
199
6
491
9
196
5
14
16
94
12
354
16
414
6
12
8
292
12
237
11
290
2
242
3
314
2
252
5
396
1
453
15
50
16
X
200
3
85
48
320
19
475
56
E
120
18
151
4
311
0
438
3
111
6
432
3
402
1
122
4
442
0
276
1
330
6
121
6
221
1
365
2
37
5
108
2
3
0
272
4
182
4
L
380
7
262
32
256
25
81
27
5
50
24
40
364
43
82
40
B
200
10
326
16
224
19
137
14
152
20
205
12
386
14
454
13
222
0
284
4
447
5
Z
140
5
309
2
70
21
214
27
226
10
238
7
H
300
12
291
5
74
7
342
25
145
22
89
22
487
9
186
12
197
7
112
7
247
18
362
0
191
4
U
180
19
42
6
361
3
193
6
392
4
230
9
51
5
273
2
358
5
58
8
33
2
133
6
372
3
428
1
270
3
486
6
422
6
80
5
143
5
350
1
O
220
9
233
3
169
16
135
9
473
10
17
11
336
2
339
15
159
4
138
7
I
240
14
387
14
328
12
147
0
427
10
444
7
461
4
260
2
395
11
75
0
220
3
285
12
15
17
465
6
325
10
U
428
