4
8
Q
300
16
435
15
17
16
141
8
421
12
90
5
420
3
335
15
162
0
188
16
394
0
87
18
390
8
340
11
383
17
336
13
381
4
H
140
3
380
3
236
13
393
16
M
140
13
122
7
119
0
259
6
114
1
388
8
401
8
287
6
0
4
96
3
149
8
297
1
176
1
2
5
U
260
9
434
4
60
2
9
0
343
13
227
28
324
9
239
13
413
13
440
5
W
220
11
270
14
68
1
295
18
49
7
167
8
299
9
369
7
475
4
348
2
134
15
330
12
G
140
15
474
7
386
3
102
1
441
4
36
9
207
2
160
3
53
8
339
3
38
3
126
5
482
5
426
1
301
4
28
1
D
360
15
342
22
321
15
308
13
432
16
111
5
318
6
327
24
151
18
74
21
363
18
442
17
304
18
145
13
34
6
493
3
P
240
19
457
9
218
8
69
11
378
4
460
4
465
0
47
0
463
1
414
3
25
6
32
11
251
12
181
11
232
10
159
7
225
6
91
11
279
0
194
10
D
111
