4
13
N
300
8
442
5
183
29
361
11
172
33
302
10
27
5
456
1
77
10
P
160
19
114
2
153
5
386
5
490
5
9
7
145
2
478
0
108
1
78
4
54
2
179
8
370
4
402
1
313
3
362
1
474
4
382
3
431
8
487
8
A
160
16
393
9
464
5
342
1
432
1
242
5
40
10
170
5
485
0
415
1
102
6
403
3
372
1
322
10
254
0
346
1
130
2
R
380
7
66
35
163
32
340
21
52
32
297
32
8
13
213
47
I
320
19
389
0
435
5
460
11
224
0
480
13
38
9
157
4
204
10
445
4
329
13
344
5
424
0
67
3
13
7
459
0
290
16
117
3
144
13
246
7
W
160
18
305
8
364
0
85
2
385
1
455
2
467
3
101
0
272
7
286
5
121
3
299
0
319
2
53
0
287
2
189
0
74
1
22
3
323
8
G
260
11
63
5
407
0
409
5
28
9
209
20
328
9
118
17
19
23
185
19
384
21
210
4
U
200
12
149
15
451
3
148
14
420
6
496
4
477
10
155
3
178
9
158
0
369
2
168
5
441
7
Y
260
14
421
13
398
17
81
15
128
7
239
1
58
7
233
12
463
7
11
9
314
11
493
5
457
9
109
8
55
1
K
280
17
363
10
229
3
162
8
226
16
443
5
75
4
57
15
348
9
237
11
426
7
461
3
292
12
381
2
32
11
65
0
249
0
180
2
E
200
10
93
2
175
2
200
0
343
9
113
19
217
13
106
12
221
3
466
19
388
17
X
340
17
135
15
134
9
228
15
156
19
284
10
390
7
45
11
260
3
91
2
347
0
263
11
325
10
468
16
315
19
177
13
15
7
310
12
D
340
13
164
0
476
2
61
6
497
11
312
24
140
10
258
14
422
20
418
23
279
9
84
5
492
8
265
11
R
340
