4
6
I
280
15
185
4
422
13
192
12
116
15
16
5
384
18
136
18
7
15
74
4
183
11
88
10
98
18
205
5
156
2
363
9
X
220
18
374
4
464
12
465
6
107
6
245
1
320
11
316
8
296
10
479
5
77
2
236
9
152
0
85
9
56
0
324
7
490
11
153
11
17
9
P
360
12
161
7
285
1
97
12
385
24
336
20
92
1
383
28
94
11
310
13
340
25
242
1
106
10
C
380
17
57
11
472
16
407
11
9
15
55
3
39
14
125
10
134
6
202
15
273
13
303
19
63
22
201
21
337
13
474
21
72
4
489
17
S
140
11
82
7
488
4
485
8
37
9
87
8
450
9
322
0
492
2
444
8
73
1
425
9
Z
180
12
386
11
130
0
81
7
172
14
460
13
393
0
144
6
329
9
80
1
114
2
191
8
415
6
S
322
