4
21
Z
220
16
197
8
174
13
257
4
15
5
284
5
102
6
121
8
400
1
412
0
275
9
383
3
466
7
202
3
40
12
117
2
414
5
J
140
13
477
10
486
4
187
9
51
3
28
1
419
5
141
9
84
9
76
6
100
2
177
4
99
4
39
2
K
320
12
321
13
392
10
131
10
62
25
408
8
326
24
128
19
300
17
265
25
344
19
312
8
320
2
N
200
10
390
3
463
3
215
11
394
12
399
4
331
17
405
5
208
9
335
6
403
9
Q
200
9
88
12
94
8
413
0
70
6
448
15
52
17
315
22
16
22
87
0
A
260
17
279
2
50
2
30
2
156
7
262
13
305
1
251
6
459
9
434
1
339
5
227
12
61
6
472
11
162
0
14
8
189
10
183
14
P
120
12
173
6
69
3
21
6
112
7
372
10
269
1
206
10
205
3
160
1
370
4
460
0
20
5
M
280
16
380
13
385
16
79
12
101
4
220
1
306
9
420
15
338
6
34
6
8
2
490
1
155
11
194
13
451
8
199
6
60
11
U
280
19
263
8
25
6
295
2
465
0
366
4
259
4
281
11
67
2
402
13
345
13
237
12
224
0
469
2
332
8
493
10
238
8
151
8
411
0
491
9
E
140
10
163
6
221
7
481
4
116
4
176
8
0
1
290
3
22
3
213
0
351
1
X
180
13
358
6
10
12
298
0
149
0
277
0
167
5
19
1
438
0
359
5
182
5
360
4
55
13
214
2
W
120
11
254
7
364
2
71
5
123
10
29
3
379
4
48
5
179
5
127
2
3
5
378
0
F
200
16
80
5
86
1
347
10
73
12
256
4
410
5
200
12
398
3
133
0
154
4
24
1
143
12
423
6
272
7
478
4
132
0
H
200
4
97
33
226
6
23
10
474
20
G
220
18
346
3
382
2
195
11
136
7
18
2
296
1
104
10
327
7
367
6
145
10
77
3
282
3
249
1
83
4
110
0
44
9
9
4
231
4
I
360
4
397
22
318
61
304
11
309
54
D
320
15
444
20
159
21
27
15
190
17
348
6
264
17
280
0
175
8
126
17
356
12
293
21
415
0
209
5
108
10
302
7
R
340
15
418
19
37
13
395
20
324
15
271
2
109
7
450
4
250
6
91
12
161
8
267
19
191
13
454
12
266
11
204
14
C
200
3
445
25
223
3
258
48
S
200
7
376
27
287
5
286
22
357
11
363
10
494
2
273
23
O
240
5
387
38
497
32
72
26
297
42
361
27
C
223
