4
9
V
180
7
310
14
371
9
408
3
318
17
270
5
65
16
146
23
Y
220
14
198
10
203
13
31
7
428
4
268
11
153
11
160
13
263
9
401
15
474
13
121
11
484
15
489
4
362
13
J
100
6
98
14
316
8
451
7
405
8
18
1
196
5
M
260
5
124
52
96
52
233
28
51
2
302
24
D
140
8
341
10
129
2
359
11
158
11
490
8
450
16
255
3
232
2
O
380
16
104
1
143
4
139
7
315
18
456
3
89
21
230
21
393
22
274
15
178
19
187
4
60
14
342
4
293
16
74
7
390
7
K
340
15
133
9
344
16
444
19
397
5
39
17
46
18
283
10
317
5
379
9
403
3
360
21
282
19
472
22
417
16
459
4
N
380
16
468
11
78
7
81
2
17
6
237
13
127
20
151
16
227
18
239
5
435
10
49
23
108
21
179
8
152
19
432
13
79
14
G
240
4
148
31
97
16
373
16
449
19
Y
160
