4
10
C
280
18
410
0
4
5
98
13
444
1
125
13
489
12
377
11
199
3
174
4
367
15
253
6
477
6
404
6
495
8
256
10
106
4
137
3
196
4
U
340
15
292
4
269
20
386
12
318
20
411
14
108
7
260
0
478
4
403
7
232
21
363
20
301
6
461
6
473
15
356
13
Q
180
11
46
0
22
10
469
3
102
3
225
3
276
1
465
12
280
4
1
12
293
13
361
15
K
300
18
485
4
375
9
448
14
61
4
3
16
332
10
185
6
68
0
74
8
172
16
297
11
18
0
107
9
182
9
479
7
8
2
460
13
83
0
V
200
16
191
0
95
7
418
10
272
6
440
8
271
0
7
9
132
0
368
12
365
10
229
1
373
5
412
3
475
6
494
11
188
3
G
360
19
285
14
146
12
81
15
109
16
476
11
164
1
393
18
416
3
493
1
23
14
100
12
15
0
459
3
499
6
5
6
208
16
432
6
399
9
145
15
L
320
12
407
14
315
5
136
12
421
5
443
26
158
7
323
26
192
8
325
19
179
21
247
26
57
12
S
120
3
340
19
414
25
383
15
X
100
11
217
3
434
9
87
4
417
8
447
6
104
5
37
7
239
1
455
2
348
4
168
3
T
280
9
263
17
52
5
32
18
362
23
252
12
36
27
330
20
60
10
10
10
K
61
