4
19
Y
220
15
209
2
190
7
307
8
467
5
323
1
350
13
382
14
256
5
465
7
255
6
439
0
402
12
258
14
245
13
101
4
N
120
14
292
6
444
0
340
0
396
8
477
6
213
1
93
6
415
4
41
1
221
5
322
5
456
6
247
7
92
5
H
100
17
395
5
232
5
277
0
483
1
180
0
204
4
425
3
219
5
372
1
437
3
120
0
115
3
233
0
345
1
294
4
481
3
149
1
E
180
8
374
14
269
6
61
22
172
4
441
7
306
21
199
13
378
19
C
300
13
69
16
127
5
139
14
152
3
271
10
48
8
148
2
373
3
466
20
262
9
76
7
184
13
290
17
D
360
15
410
21
248
6
434
14
321
21
212
21
362
7
171
7
337
3
236
20
241
1
369
23
218
4
267
5
94
22
254
2
O
140
16
305
2
82
8
198
8
404
1
141
0
7
4
67
6
293
6
81
2
28
3
90
0
407
0
30
2
108
6
102
7
284
1
U
360
12
162
30
118
14
44
16
316
16
325
27
77
14
151
20
181
5
207
20
192
0
71
6
320
15
A
320
12
272
22
346
14
429
4
253
21
406
20
380
13
36
13
12
4
224
5
87
8
134
20
361
12
T
360
11
214
5
367
19
259
1
107
3
147
24
416
12
146
32
98
28
8
24
128
12
400
30
G
200
12
131
2
308
0
25
7
33
2
412
12
133
2
491
6
203
2
144
6
83
5
194
14
498
15
B
260
11
73
8
370
7
433
0
371
5
5
5
309
7
289
20
116
18
193
16
177
9
339
20
K
120
7
110
6
455
12
422
3
60
12
211
14
226
11
35
9
W
300
10
26
21
111
26
154
25
451
12
242
15
427
4
352
13
480
5
263
3
338
30
L
140
6
142
15
231
20
238
1
57
23
285
4
257
11
S
120
8
394
6
165
9
442
8
299
5
496
15
478
8
499
11
170
5
M
320
12
59
18
319
12
0
4
183
1
486
18
243
5
431
21
326
5
265
22
432
3
155
23
119
1
Q
240
13
464
17
330
3
68
1
393
12
123
12
55
17
314
12
63
0
160
3
32
7
200
0
488
5
169
15
Z
240
4
385
30
215
60
420
31
458
27
A
272
