4
15
R
180
10
499
1
372
5
296
10
243
15
442
4
37
3
336
3
52
8
110
17
328
7
D
360
16
477
9
176
1
234
11
136
21
154
2
193
11
310
9
140
17
393
16
389
4
116
20
350
15
407
19
216
5
358
13
429
3
Z
240
17
460
14
21
7
447
8
286
1
259
6
388
8
203
10
420
9
465
3
112
11
265
2
162
3
208
0
201
8
271
4
380
5
444
13
B
280
6
92
27
85
43
385
12
354
12
15
4
143
17
P
280
19
341
6
218
8
77
1
421
14
324
10
180
13
346
13
196
1
327
8
365
8
467
13
186
9
297
1
122
0
462
3
409
4
276
5
17
7
476
4
S
300
11
178
5
245
18
394
9
362
15
223
27
255
23
75
10
108
7
267
7
35
21
277
15
E
360
5
417
14
213
35
239
24
55
28
364
42
K
320
8
60
35
247
3
367
3
41
20
353
10
146
25
163
0
23
12
U
180
8
343
2
42
21
157
13
44
2
486
10
1
5
109
1
412
7
Y
260
17
236
7
238
3
446
9
229
0
28
0
46
12
482
3
137
14
348
11
405
7
82
13
466
9
386
10
416
4
493
1
440
6
152
2
M
300
8
19
24
58
25
31
2
398
11
448
4
121
13
283
8
258
34
I
120
17
187
6
119
3
436
7
311
3
194
6
173
7
240
6
384
1
335
6
170
1
126
5
210
0
231
0
87
5
100
3
322
1
199
6
V
380
19
115
19
101
11
57
1
390
6
496
1
383
6
473
20
144
12
411
19
312
0
219
12
183
15
488
11
113
16
246
14
342
11
459
18
363
8
256
5
T
120
3
18
25
134
2
392
12
L
360
6
233
2
431
53
487
60
36
36
332
47
373
4
Z
203
