4
20
W
180
17
340
4
170
10
82
4
483
4
485
6
415
9
297
8
295
8
154
6
353
3
129
2
56
10
431
5
213
0
486
9
377
4
149
1
I
380
8
238
25
410
47
88
18
234
35
350
36
205
38
378
0
329
35
O
260
10
229
21
339
22
57
23
187
15
145
16
428
23
281
9
46
19
477
13
225
22
Z
300
3
214
73
317
0
34
57
K
320
15
363
1
456
14
36
5
286
5
346
13
236
1
464
4
481
12
360
16
23
17
422
19
396
21
221
12
425
6
355
7
P
260
5
230
15
254
28
394
41
411
36
9
21
N
240
3
210
41
168
80
427
17
F
360
17
204
12
190
3
344
7
11
7
321
10
449
3
387
18
445
13
342
20
135
20
298
6
279
20
349
20
433
17
466
15
152
16
164
3
T
380
13
156
3
207
8
280
18
147
12
432
15
440
20
79
18
311
16
458
19
14
10
181
29
21
22
119
28
B
300
4
70
20
357
3
262
33
471
26
H
260
5
169
1
243
22
47
4
40
24
308
23
Q
340
14
454
12
369
5
61
15
278
0
423
12
264
19
66
4
191
15
13
8
265
22
476
4
179
2
116
24
177
4
L
300
15
158
15
300
1
468
14
133
11
341
16
402
9
43
0
212
15
499
11
29
20
257
16
347
4
27
3
189
10
307
6
J
220
15
429
3
39
4
155
10
195
8
246
12
118
8
12
2
285
4
72
8
498
11
455
4
343
7
186
12
287
7
496
0
R
200
18
252
5
374
1
294
6
336
9
450
2
157
10
172
6
314
4
292
5
226
5
490
8
159
8
497
5
305
9
358
7
259
6
182
2
361
9
V
160
8
81
15
495
19
131
0
359
14
453
2
413
4
67
6
335
6
C
260
19
475
10
0
11
151
1
171
1
382
2
404
8
140
0
426
12
2
5
144
3
198
12
401
5
316
2
328
5
15
1
98
13
26
3
268
0
384
11
D
100
11
222
4
75
8
8
6
332
9
52
7
31
9
41
5
55
4
77
5
218
6
447
8
A
320
12
348
23
362
24
488
4
260
8
90
26
17
17
392
11
108
14
227
21
263
12
465
0
150
13
G
200
6
148
24
327
32
184
29
319
27
282
4
370
0
K
363
