4
25
A
100
16
313
4
410
2
241
3
136
6
335
6
4
0
30
4
126
4
381
2
231
0
446
3
202
5
278
0
331
6
216
5
362
2
Z
120
7
13
0
456
17
133
4
69
7
479
5
452
12
9
6
S
380
11
101
23
66
33
208
17
438
9
79
29
152
20
430
18
270
5
138
29
379
32
389
29
R
180
4
74
22
435
4
404
18
268
41
L
180
7
224
13
311
21
367
3
31
21
397
11
87
1
1
20
U
100
3
382
6
18
32
407
2
N
260
3
416
37
24
32
427
59
Q
300
19
81
15
257
8
215
10
213
11
130
1
393
7
97
15
498
11
197
12
460
12
356
14
245
9
334
3
122
12
144
9
398
12
43
9
249
11
258
12
C
160
12
105
2
114
8
227
6
414
3
247
7
288
4
484
5
146
0
406
4
143
2
450
3
40
12
F
280
14
448
5
477
10
68
3
207
12
232
13
52
18
338
15
489
12
345
20
387
12
467
16
132
7
140
17
225
13
H
380
18
5
16
209
20
266
7
286
5
111
7
26
18
218
2
289
1
145
10
372
0
284
20
165
4
478
6
409
12
297
12
366
19
251
8
98
16
E
100
4
351
18
85
8
457
4
483
25
M
120
3
347
10
355
12
420
7
T
200
4
314
33
470
37
89
3
330
39
G
240
18
242
7
214
0
27
1
47
12
444
1
243
10
388
11
358
8
39
3
22
5
322
11
131
11
449
0
327
8
228
3
194
2
272
12
155
4
I
360
19
321
18
455
17
328
6
171
17
476
10
494
1
162
0
283
11
307
10
250
9
99
2
429
15
363
16
151
10
34
16
391
15
116
1
78
7
263
4
W
180
13
71
8
471
2
462
7
431
12
184
8
417
10
370
8
273
12
212
9
196
9
236
2
260
10
492
2
O
160
12
187
5
170
9
157
5
167
13
323
10
55
12
256
0
29
1
269
13
308
13
459
6
488
9
Y
380
6
490
10
166
10
16
44
475
22
92
12
394
60
D
100
6
403
16
287
11
6
3
374
14
486
5
119
10
K
380
16
419
6
424
2
2
10
59
16
275
2
447
5
364
8
154
0
487
5
276
4
493
6
296
8
310
17
70
6
35
5
64
9
X
360
14
255
5
8
4
392
14
383
14
53
9
337
8
418
23
265
10
464
24
329
9
123
21
237
24
76
7
375
17
B
380
3
378
95
61
126
415
11
J
340
16
292
11
319
6
77
14
150
13
480
1
360
9
277
12
495
4
90
18
384
12
217
4
44
7
336
11
468
17
344
18
290
15
V
260
15
320
9
246
1
233
5
177
2
254
0
340
10
161
13
405
11
153
14
134
4
441
5
316
12
186
9
400
7
365
7
Q
245
