4
8
A
240
14
449
1
101
12
100
7
447
12
91
15
482
13
342
1
139
14
372
15
20
9
453
13
157
12
393
2
420
12
D
360
13
144
18
452
1
26
26
152
9
416
26
24
8
451
22
51
23
264
7
246
8
433
9
368
15
18
8
M
220
16
257
0
207
8
329
9
221
9
426
5
335
5
324
2
378
8
129
2
286
12
184
6
2
11
82
9
287
10
105
11
70
4
F
320
19
370
15
103
1
189
1
55
1
294
11
469
11
349
9
291
8
50
10
35
7
15
12
125
15
383
9
415
12
354
7
9
12
450
4
274
4
253
5
H
340
4
154
70
300
35
53
17
367
22
X
160
16
203
7
73
0
236
9
7
6
200
2
407
5
267
8
137
5
314
8
210
1
146
1
319
8
192
9
41
3
427
2
158
9
I
300
7
175
13
123
27
208
32
301
36
480
10
498
19
222
29
T
100
7
89
2
366
11
379
1
371
9
79
9
21
3
490
9
M
287
