4
10
A
300
10
296
22
86
1
204
1
255
17
407
19
483
22
169
19
75
8
447
8
227
20
L
360
9
4
27
216
39
456
40
240
39
172
18
272
34
290
6
113
11
276
4
E
100
13
3
2
191
0
314
2
125
6
183
7
203
0
266
0
63
7
345
3
392
7
56
0
409
0
361
5
Y
300
10
416
29
380
13
337
25
197
2
260
0
273
17
116
11
13
16
476
29
135
14
J
220
10
287
19
111
21
491
15
482
3
424
19
106
20
139
8
151
11
382
16
14
10
V
240
12
493
13
467
1
60
18
415
19
355
15
128
7
463
19
465
8
309
11
34
3
166
10
319
2
T
380
3
232
121
386
60
347
41
F
200
13
328
8
173
0
367
6
66
11
285
5
442
1
156
4
52
5
372
0
301
3
126
15
30
3
9
13
M
220
16
161
0
226
12
19
1
448
4
165
11
485
13
403
4
279
3
499
7
379
3
219
1
21
8
288
13
249
4
253
13
40
0
Z
260
13
70
4
310
7
324
10
61
9
390
3
189
10
332
7
92
2
394
15
294
14
401
11
329
9
23
14
L
4
