4
6
Z
180
16
223
5
112
0
336
6
286
0
121
7
50
11
183
1
237
4
54
6
450
1
320
6
136
10
483
5
210
4
5
5
81
6
G
340
4
444
1
424
73
414
73
495
78
W
320
16
167
13
199
14
363
17
128
7
356
14
226
6
420
0
333
8
399
7
236
11
295
2
469
19
440
12
193
12
270
13
462
1
P
220
11
394
10
486
10
46
10
244
8
1
10
122
10
240
1
27
2
248
1
180
1
319
16
E
280
11
284
25
474
4
218
2
269
20
340
6
129
14
157
7
339
8
214
14
36
14
190
24
Y
180
16
250
2
275
6
387
5
415
4
253
5
198
11
224
6
311
1
115
0
371
11
11
8
125
5
454
0
293
11
52
0
126
7
W
333
