4
22
X
100
4
362
19
103
3
376
23
427
7
Z
120
16
233
1
312
7
349
6
61
3
201
7
116
3
145
7
105
0
377
4
395
2
31
1
177
2
39
3
217
6
361
4
307
0
Y
260
3
371
65
400
29
81
40
L
260
13
464
5
396
9
126
5
102
16
236
5
76
11
172
12
206
12
119
20
77
15
449
4
35
18
113
14
V
260
7
466
8
40
28
309
25
138
7
121
6
454
35
128
27
S
200
10
353
12
448
14
322
11
402
18
384
2
245
7
257
2
239
16
340
12
185
13
T
180
14
22
6
209
9
272
10
274
8
315
10
406
4
106
6
112
11
230
11
214
4
288
1
364
6
324
4
265
5
E
240
11
196
19
82
20
259
10
84
15
208
9
238
12
399
8
416
15
337
18
202
2
378
17
R
320
9
489
32
459
24
218
5
445
8
147
20
273
15
193
32
97
12
379
0
J
220
16
457
10
135
12
330
2
130
1
250
9
241
3
137
9
408
0
140
2
26
12
85
4
441
4
391
6
88
6
107
8
299
10
O
300
15
68
10
333
13
176
4
423
6
346
16
471
13
468
12
14
1
18
11
89
10
249
16
43
11
194
16
117
11
342
0
F
240
11
483
3
415
13
118
9
345
16
316
6
348
2
442
6
491
1
304
18
252
15
352
7
U
380
6
37
28
159
5
413
40
470
15
383
19
302
53
B
380
11
321
33
437
32
403
0
144
7
404
7
171
23
161
19
111
6
386
5
86
13
266
20
A
180
12
485
6
495
10
414
4
341
7
344
8
433
12
188
0
419
7
465
4
440
10
167
10
335
6
G
140
9
234
4
388
1
323
1
92
7
228
3
481
14
2
9
254
15
69
1
Q
280
10
101
22
53
15
431
14
305
4
55
15
319
12
20
3
296
16
291
13
394
27
N
120
18
8
2
71
1
70
2
393
1
142
6
261
3
115
4
109
2
247
0
436
2
326
6
157
3
248
5
100
2
48
6
260
3
225
5
150
1
H
340
18
496
2
28
0
329
14
199
10
219
14
472
16
129
2
451
15
275
10
127
9
72
2
300
15
75
4
227
10
277
0
283
17
295
11
334
0
K
380
12
430
0
458
24
179
7
220
7
365
10
389
17
164
11
30
3
158
7
210
9
63
15
79
24
D
220
16
124
7
170
10
286
2
368
8
325
8
49
10
215
1
183
9
24
0
23
3
190
11
381
7
13
4
36
11
434
5
398
12
W
100
18
268
5
359
1
11
4
151
3
253
1
426
5
397
3
429
5
73
4
152
1
67
0
293
2
212
2
354
4
204
3
154
1
231
0
281
4
E
84
