4
22
S
240
10
23
23
443
8
311
16
103
23
269
16
445
10
139
2
195
4
336
20
377
19
T
140
12
257
4
471
10
476
5
349
5
122
9
69
8
71
2
220
8
192
2
21
0
197
11
254
7
F
380
15
453
5
292
20
12
18
493
20
302
2
477
17
190
15
54
13
280
20
75
9
436
17
304
8
63
21
98
6
451
23
U
360
3
48
42
19
97
415
95
G
360
11
65
14
34
20
404
26
446
0
499
22
125
32
294
15
88
30
313
30
263
1
296
19
P
140
11
62
1
298
10
176
9
16
1
233
11
496
8
265
4
328
6
356
7
147
0
426
5
Z
380
3
372
17
405
28
14
63
A
360
14
172
25
7
17
484
19
209
14
127
18
454
21
108
9
272
3
46
10
215
8
458
13
386
20
200
5
315
11
E
380
11
278
26
158
3
350
8
260
30
385
24
194
11
18
12
28
3
138
12
342
31
431
34
R
300
10
187
29
116
22
86
16
438
21
416
28
133
0
364
23
102
9
408
13
206
13
O
360
9
362
7
488
0
347
22
461
17
337
36
26
36
482
23
457
29
203
14
Y
160
16
199
9
59
5
72
4
243
2
247
7
213
2
6
3
225
6
154
10
333
3
373
6
284
10
55
4
449
7
291
1
305
8
W
260
18
318
5
261
5
452
9
423
7
491
5
420
14
61
6
468
6
346
3
1
13
293
9
427
3
53
8
226
2
10
13
414
13
424
12
229
1
K
200
7
370
11
137
12
239
5
20
4
381
20
100
9
276
27
I
340
16
395
18
60
15
348
7
300
14
287
14
249
0
236
21
64
11
274
6
273
18
136
4
301
6
341
5
178
4
494
8
161
9
L
180
4
218
14
207
44
0
29
329
11
X
180
13
35
1
444
12
140
7
66
9
153
8
378
6
289
4
58
4
309
0
120
8
403
3
412
0
478
7
B
300
7
222
2
450
11
106
40
148
3
115
4
306
17
474
6
H
320
8
15
21
185
8
30
26
485
22
473
38
196
28
384
4
314
35
J
140
11
149
6
266
10
155
9
101
6
193
0
78
4
40
0
365
0
433
3
238
6
105
3
D
140
7
312
2
489
6
74
6
224
8
145
10
126
6
397
13
N
140
14
183
4
487
7
104
4
175
2
286
2
130
4
3
6
244
5
36
2
201
3
131
8
401
0
275
6
124
7
T
220
