4
9
Q
240
5
92
11
179
45
294
33
223
11
83
8
T
320
7
477
3
29
32
384
27
158
33
383
30
348
45
489
41
W
360
15
435
11
312
21
289
20
429
22
495
1
37
17
32
11
248
18
411
3
253
15
70
5
306
3
434
12
77
14
13
22
E
140
17
227
2
431
6
164
2
342
2
314
8
73
3
207
1
354
7
332
0
336
0
182
1
325
6
99
5
103
5
8
6
318
6
43
5
Z
300
5
466
7
341
39
67
9
88
30
168
29
V
240
16
362
10
498
5
150
6
301
6
180
8
58
5
136
9
310
6
156
8
346
11
26
8
126
9
23
13
6
13
279
3
371
1
I
180
7
393
19
135
24
430
23
418
2
462
1
239
19
487
24
A
100
12
129
4
483
2
320
4
149
1
464
4
388
3
230
7
453
0
359
8
231
6
451
4
212
4
J
240
3
470
15
237
16
308
30
I
462
