4
14
I
320
16
490
8
209
20
356
14
460
4
118
12
172
19
419
15
84
11
474
14
332
5
337
10
247
3
287
15
402
14
421
13
231
10
F
380
9
364
18
93
32
9
32
349
17
388
4
95
25
335
41
52
5
443
18
L
280
11
233
25
22
2
75
20
403
15
264
0
24
10
210
2
5
4
148
3
292
10
63
25
D
320
19
92
15
173
1
258
10
243
6
104
3
96
4
165
13
74
11
440
7
197
8
411
5
283
4
162
14
485
12
471
16
367
2
203
14
381
2
456
5
V
200
3
441
20
436
29
260
12
H
140
13
384
8
101
1
427
7
7
6
136
1
146
10
328
7
458
10
317
5
327
6
79
1
238
7
383
8
M
220
11
410
9
50
18
122
14
318
16
179
20
193
10
18
18
469
17
204
8
59
14
11
16
Z
320
17
178
1
252
9
2
12
387
14
285
13
139
16
424
13
16
12
212
2
170
2
347
9
451
7
338
17
275
17
288
4
376
3
468
17
E
160
4
382
8
4
37
249
3
404
11
O
220
8
428
12
375
6
457
20
355
22
369
24
354
13
207
20
350
16
X
320
16
477
2
277
4
20
12
312
19
273
13
78
2
6
9
196
11
276
19
161
10
88
8
462
1
363
11
279
12
359
14
69
5
S
340
18
42
12
380
5
374
12
298
17
372
0
208
5
25
11
476
17
105
0
244
17
325
12
266
11
141
5
272
7
290
7
313
5
250
15
61
14
N
380
10
218
4
415
11
51
31
343
10
142
10
495
3
371
3
450
35
144
16
316
38
K
180
19
19
3
262
8
91
7
72
6
14
5
36
9
352
8
99
9
65
6
76
2
150
7
480
7
145
0
166
7
306
9
263
4
151
7
38
1
48
4
M
204
