4
19
J
200
12
211
13
235
0
94
15
323
4
336
8
458
16
390
15
33
7
424
5
245
12
137
7
142
16
Q
220
15
103
0
338
14
404
2
425
8
252
3
477
11
242
12
60
9
199
11
230
8
124
3
110
14
262
0
328
8
290
1
E
180
14
314
9
92
6
65
2
441
11
444
8
291
8
396
7
120
8
278
1
298
11
47
4
378
7
148
0
469
11
Z
100
12
184
1
263
4
52
0
41
5
388
0
446
8
227
2
68
3
192
1
319
4
347
7
225
5
X
340
19
116
11
35
2
416
8
382
10
222
8
468
13
417
7
173
17
1
3
383
5
432
9
496
3
30
1
361
6
337
9
316
0
75
10
270
12
292
1
T
360
18
46
20
253
15
439
13
163
20
326
14
13
5
369
19
203
3
108
19
249
0
134
19
288
0
280
13
484
2
295
10
490
9
24
1
433
1
P
300
19
266
15
271
13
321
0
73
3
64
8
474
13
140
14
352
5
431
1
300
10
385
11
201
8
197
9
275
5
162
3
410
1
67
10
406
5
43
14
R
320
6
329
32
23
0
273
35
58
30
49
16
426
14
A
160
11
413
14
315
0
165
8
96
5
408
0
119
5
202
0
240
12
351
3
101
12
258
8
U
120
16
51
3
115
2
283
3
180
0
495
2
322
7
152
5
229
7
246
5
54
4
196
6
17
2
87
4
387
4
304
1
31
7
C
200
11
478
7
264
7
265
5
176
14
82
4
398
1
205
8
274
16
451
6
133
6
281
1
B
300
16
50
0
255
4
403
12
213
1
147
14
243
11
122
4
188
15
195
9
157
6
217
4
114
15
212
12
494
18
475
3
355
7
N
340
12
344
28
175
16
154
22
11
25
279
16
97
5
457
23
339
21
482
22
312
17
57
12
112
3
W
180
3
311
13
467
41
141
30
H
180
15
489
4
348
7
362
1
345
7
19
2
287
8
191
2
4
6
267
12
159
4
84
0
343
0
131
8
172
11
256
11
I
160
5
303
6
128
8
16
26
476
9
241
3
L
180
14
198
6
341
7
372
6
472
6
187
10
111
12
81
10
471
4
460
5
100
6
20
12
150
12
98
7
445
4
D
180
11
435
9
155
9
209
16
42
0
340
13
483
1
269
8
107
15
293
2
260
0
389
0
O
280
18
79
4
34
10
331
10
194
7
207
2
430
0
36
2
186
8
169
4
69
5
231
9
333
13
72
3
215
14
415
4
442
7
117
3
257
5
T
134
