4
24
Q
180
4
228
18
85
32
496
23
483
2
S
220
12
156
13
80
5
64
12
231
6
267
1
115
18
118
1
488
18
295
2
37
1
294
2
482
12
T
380
13
56
1
260
14
199
23
299
2
414
6
452
25
486
29
453
24
250
11
213
16
388
27
95
10
220
27
L
260
3
91
68
147
57
441
0
O
300
18
126
4
237
9
28
12
46
12
306
1
112
9
161
10
485
15
399
9
440
6
337
11
302
13
296
2
226
6
254
10
307
2
225
8
261
2
X
220
3
234
0
278
66
98
54
N
240
10
259
17
433
6
385
12
447
10
241
18
107
23
209
0
297
21
205
18
269
3
A
340
19
316
8
327
4
215
13
439
5
350
17
495
1
49
11
180
16
397
9
159
8
152
10
425
13
379
10
462
0
338
17
62
9
393
17
245
15
317
6
F
320
8
362
23
284
22
165
33
130
33
429
18
473
39
123
34
106
32
C
260
3
113
62
124
36
6
68
G
140
3
315
4
478
36
387
0
R
320
8
418
6
489
27
472
25
404
4
217
33
279
17
323
14
197
26
Y
300
13
347
2
357
19
281
23
419
0
330
15
298
1
446
17
90
9
53
7
251
20
366
12
474
2
476
23
H
200
6
313
15
143
23
32
31
405
26
167
19
153
12
J
280
17
434
9
400
1
381
16
21
16
497
14
157
12
289
12
363
8
201
6
30
4
368
2
243
6
465
3
207
10
3
6
339
4
204
10
V
160
13
109
9
150
1
376
11
144
9
424
5
202
6
276
7
182
2
479
7
83
9
192
6
27
4
41
7
U
340
11
490
9
84
11
256
23
359
6
224
16
39
0
47
1
8
23
206
19
468
14
227
29
B
340
13
343
14
141
14
265
10
346
3
335
10
166
15
121
23
334
23
492
2
398
15
216
10
59
14
7
19
W
200
14
403
11
139
3
97
14
402
0
104
14
86
9
102
10
463
6
185
7
410
13
460
2
499
14
117
3
142
9
P
260
5
324
13
364
42
158
17
443
50
437
33
K
220
17
457
0
203
6
407
6
325
11
133
7
186
10
40
0
438
2
374
9
77
0
356
5
223
3
349
4
81
12
135
3
445
9
44
8
D
320
18
88
13
380
6
458
10
168
6
331
14
72
14
208
9
188
9
13
5
119
17
191
2
466
13
193
16
361
5
63
10
442
16
498
11
406
16
E
380
3
236
11
408
7
285
2
I
260
8
19
13
160
23
235
18
396
25
286
25
128
7
373
26
55
9
P
437
