4
19
K
100
10
211
1
216
0
161
5
460
3
100
6
341
6
424
4
332
6
279
0
44
10
R
300
10
224
20
187
24
390
15
450
1
239
15
250
22
143
0
222
17
35
25
285
16
H
380
9
147
40
275
22
477
4
298
4
165
35
205
21
281
8
1
24
58
9
W
140
8
449
6
121
8
264
10
333
4
465
4
126
15
196
7
113
3
U
160
5
398
0
110
23
76
2
413
9
338
7
B
160
4
393
31
88
5
17
5
21
16
D
240
6
488
16
278
3
415
17
399
7
46
8
24
35
N
300
19
81
10
206
12
138
7
7
3
50
1
93
2
263
4
167
10
367
15
403
10
448
5
324
12
487
1
8
10
363
9
219
11
433
8
489
2
340
11
E
340
7
160
1
366
20
42
32
108
29
141
48
473
36
107
47
F
380
14
388
24
416
18
409
25
277
26
330
13
66
25
490
17
209
5
372
2
85
25
323
17
238
3
350
27
145
15
G
140
14
137
7
322
1
436
0
228
5
261
0
321
8
249
9
99
2
60
10
348
7
329
6
269
3
134
3
342
6
L
240
11
72
18
491
16
273
7
364
7
276
16
3
12
389
18
103
18
149
5
475
13
382
6
P
300
8
371
35
2
13
201
29
464
19
246
11
176
27
204
17
197
9
Y
100
18
308
2
198
4
469
2
11
3
454
3
395
4
255
4
159
5
474
3
438
5
461
1
292
0
478
1
420
0
61
2
178
1
471
5
218
2
V
360
9
370
22
43
1
466
33
483
12
151
27
78
7
171
38
31
29
189
36
O
100
5
440
16
28
11
378
3
476
1
345
0
C
360
17
495
19
408
3
225
13
117
12
181
10
293
10
182
19
472
4
75
4
71
13
180
15
199
19
124
3
67
5
215
4
497
1
407
11
I
120
8
288
5
80
12
188
7
94
9
325
0
248
13
51
13
123
5
Z
160
13
175
8
56
10
232
2
386
10
14
11
384
12
18
3
191
3
118
7
289
5
272
5
142
8
297
0
U
76
