4
17
B
300
17
285
4
497
14
216
14
251
6
95
1
40
15
401
17
385
14
267
8
35
8
171
2
288
12
209
1
416
6
464
11
102
11
163
6
S
300
4
222
29
117
39
174
61
478
37
Q
320
4
56
36
446
35
409
51
388
52
F
100
17
312
0
286
4
197
4
180
0
384
4
371
2
146
4
84
5
283
4
198
1
83
4
259
4
399
0
215
2
495
3
449
3
194
1
J
320
14
121
22
382
5
192
4
248
3
460
18
203
18
348
11
405
20
44
10
150
21
471
21
260
12
379
20
223
13
T
320
8
289
29
141
29
422
35
227
33
258
13
60
37
451
11
201
16
U
320
9
122
30
200
20
147
27
124
8
2
16
330
35
213
23
332
25
402
2
R
300
5
188
10
435
8
413
45
230
23
447
15
K
100
3
96
10
481
11
148
18
E
280
13
15
14
325
19
274
17
190
17
72
12
450
0
364
4
94
9
353
21
46
4
206
17
68
14
257
21
X
100
9
369
11
0
9
370
3
313
6
177
0
104
11
360
6
458
11
136
10
H
160
4
361
27
398
35
465
19
284
1
G
260
17
112
15
220
3
292
3
347
4
440
7
350
12
225
7
14
1
32
4
172
13
59
14
13
11
468
14
9
7
366
11
54
10
423
13
V
300
16
103
4
130
8
91
3
321
9
238
3
3
10
157
9
193
3
62
11
70
5
317
4
473
2
407
0
337
6
11
3
329
11
I
160
17
181
5
499
5
161
0
7
5
261
7
125
1
346
3
345
6
315
1
453
6
394
5
362
2
302
0
249
4
415
0
12
8
309
9
C
100
15
74
4
277
0
131
2
480
5
25
4
1
2
58
1
456
1
52
1
433
5
291
4
462
2
328
2
164
3
77
0
D
160
6
135
3
498
15
262
10
76
26
196
1
185
25
R
188
