4
5
V
160
15
307
6
299
10
487
8
302
1
433
10
447
6
234
9
331
8
355
9
467
8
85
6
195
0
425
4
377
5
452
0
B
380
14
117
24
233
4
224
22
428
21
305
18
217
11
156
18
67
10
253
12
390
24
205
10
133
23
290
3
94
22
U
320
13
474
1
198
19
199
15
171
9
49
9
106
13
200
20
211
21
451
8
166
23
289
24
443
8
60
9
C
220
19
127
10
190
10
42
9
222
11
160
9
286
9
169
5
407
9
189
10
424
8
37
4
215
7
294
3
370
5
101
3
21
9
66
4
254
3
492
7
P
120
12
344
5
351
6
489
1
125
1
82
0
311
4
26
10
159
1
202
7
72
1
238
6
25
9
C
424
