4
11
L
120
15
23
5
203
5
456
0
37
0
70
7
15
0
143
3
480
1
380
1
431
7
282
3
31
1
72
5
337
6
321
4
J
320
8
8
27
20
24
64
31
327
1
259
10
57
4
291
14
35
34
I
240
18
495
2
410
11
34
2
90
4
354
8
125
2
118
5
403
6
450
8
391
0
436
12
18
6
106
6
273
8
382
10
40
4
12
12
136
12
G
360
10
126
17
305
10
121
26
216
27
301
11
344
12
158
7
390
7
334
22
406
10
X
120
7
499
7
441
11
258
17
105
4
359
8
262
2
188
15
A
320
6
422
0
221
10
350
21
239
25
459
35
33
11
W
380
10
435
4
442
26
86
25
230
20
79
30
174
4
457
27
316
37
47
14
349
32
V
200
15
363
3
109
5
399
1
451
10
237
2
196
10
155
1
434
10
152
10
28
4
453
7
487
10
45
8
289
9
401
8
B
120
15
214
3
328
8
113
5
198
8
11
2
108
7
183
7
29
6
7
5
257
3
498
5
360
5
330
2
397
0
84
4
K
180
8
87
19
219
21
313
16
148
2
430
14
74
15
463
15
100
7
R
240
14
384
11
231
9
440
1
207
1
42
3
445
9
208
5
236
4
77
2
432
5
187
5
326
16
173
14
220
6
L
203
