4
25
K
280
11
105
4
202
23
72
21
235
14
240
4
124
0
447
12
25
9
131
14
332
24
190
23
R
380
11
213
18
59
6
156
9
180
1
136
15
364
4
231
1
107
13
184
21
22
28
134
20
H
280
5
269
28
68
42
199
36
244
30
302
33
N
120
7
16
17
305
12
42
15
71
2
108
14
67
16
456
0
O
240
18
366
1
176
4
46
4
291
10
28
8
207
3
121
13
387
6
446
13
479
10
451
2
250
4
255
12
376
3
122
5
424
1
236
12
125
12
C
180
17
193
7
258
5
455
9
497
2
280
5
234
5
2
8
481
3
194
4
73
4
360
0
63
0
17
4
350
5
117
6
106
2
463
7
P
180
13
44
13
153
10
154
6
460
1
462
3
313
7
339
8
430
4
81
10
422
13
167
13
399
4
138
11
Z
320
15
64
9
145
4
225
21
218
17
359
17
347
20
49
11
70
21
257
6
453
18
239
13
471
19
99
10
149
8
151
0
U
340
16
92
1
499
3
454
7
390
19
187
7
380
15
83
18
95
17
220
12
317
5
281
3
129
15
475
8
404
14
464
18
123
3
F
320
17
133
8
437
6
381
1
417
18
168
12
69
6
115
7
140
0
441
5
21
9
408
14
214
1
159
12
264
15
346
4
319
0
79
18
I
240
12
297
4
157
2
110
12
19
6
473
8
128
20
398
6
32
7
205
5
445
7
60
20
178
7
D
200
11
477
15
440
18
303
8
55
5
146
6
233
17
459
18
478
17
75
5
77
9
223
0
V
120
13
438
8
304
7
405
2
97
9
289
3
352
2
425
2
127
3
249
1
242
3
186
3
385
6
429
8
Y
140
6
443
18
76
18
196
5
158
2
139
14
18
22
S
100
8
356
4
216
12
363
1
395
1
311
1
286
0
262
9
436
3
Q
220
5
377
4
298
13
165
36
66
34
173
17
G
360
16
428
9
219
14
452
18
160
15
336
6
450
20
354
6
348
14
163
18
442
14
36
9
171
10
197
22
414
14
126
5
88
0
E
220
16
86
0
394
11
13
11
5
1
384
0
391
12
324
5
170
12
248
3
326
2
402
8
174
11
383
11
137
6
211
10
147
8
J
140
3
111
1
204
31
321
23
A
160
5
327
4
57
16
353
7
392
14
12
9
T
120
7
400
14
492
13
9
3
412
9
349
7
35
17
80
2
X
280
15
30
1
144
2
465
3
260
7
419
2
238
14
367
2
11
12
458
8
200
11
344
18
316
9
329
4
118
4
98
5
L
200
5
300
38
155
36
82
31
372
30
351
22
W
220
12
288
2
54
18
161
9
439
12
369
1
251
15
382
16
130
14
41
12
37
17
301
0
476
0
M
220
14
6
8
226
14
198
10
279
12
337
9
150
1
284
13
56
14
334
6
285
8
312
9
100
12
323
3
355
11
W
301
