4
13
F
140
14
24
7
185
9
153
5
327
10
421
3
475
8
114
5
58
2
268
2
69
5
483
3
334
0
229
4
372
8
T
160
11
87
11
56
14
342
1
208
3
33
1
487
13
40
12
417
1
373
7
350
4
203
2
A
300
3
356
8
482
5
282
73
M
340
8
97
37
290
13
32
17
239
18
211
9
11
41
74
27
94
17
X
300
4
66
68
392
17
41
71
486
11
G
200
8
143
23
459
10
272
3
443
9
139
5
170
19
370
20
406
11
H
240
8
449
3
91
6
453
6
213
11
339
16
210
30
353
13
8
7
K
340
15
308
6
413
5
231
2
223
19
293
6
16
12
165
19
12
22
440
18
470
11
462
3
109
19
358
0
27
20
303
10
W
220
11
445
14
305
17
67
2
299
1
313
14
157
17
331
16
361
8
465
16
328
10
201
17
L
260
19
442
8
6
8
46
12
0
10
315
5
125
8
466
12
452
4
126
1
191
8
297
8
93
7
110
9
477
3
224
8
394
1
249
2
280
13
233
4
J
140
16
130
6
83
7
395
2
253
0
294
7
367
5
401
8
273
8
375
4
283
5
258
2
316
0
408
4
340
1
7
2
434
3
R
360
19
397
0
491
2
378
1
71
1
368
18
338
10
44
18
38
17
398
5
131
18
52
2
281
2
156
2
51
2
306
12
166
2
236
4
467
7
162
6
B
100
19
144
3
124
5
254
0
300
5
357
3
217
3
215
1
432
1
336
0
98
0
108
5
262
2
39
5
137
4
438
1
138
0
390
0
400
3
311
2
A
356
