4
24
L
200
11
55
3
326
3
489
3
82
9
232
7
282
3
246
8
47
7
248
16
17
3
369
18
H
340
16
281
8
164
12
338
6
471
8
430
7
221
19
227
16
293
9
357
1
450
1
243
2
404
18
30
8
229
4
403
21
37
5
R
260
19
490
4
327
9
257
8
354
10
133
3
249
9
218
7
96
4
370
5
269
4
341
10
274
10
129
1
7
13
262
8
426
0
19
12
147
5
80
9
X
380
11
179
16
386
26
163
15
74
9
174
24
173
34
177
18
409
17
402
16
383
10
391
33
J
340
3
53
102
324
80
38
97
D
140
15
428
3
328
6
319
0
235
9
91
7
395
3
148
2
35
6
71
1
156
9
49
1
132
9
330
5
126
0
416
6
W
320
5
437
30
219
3
298
1
485
57
360
54
I
200
3
292
50
9
0
272
47
P
100
17
323
4
87
4
393
0
117
4
295
5
56
1
150
4
15
4
118
5
157
1
411
2
290
3
418
0
455
0
390
1
417
0
434
4
E
260
6
385
0
135
11
13
13
429
32
342
9
488
9
G
240
8
225
30
415
4
93
2
271
27
316
4
478
5
443
11
190
24
A
200
4
149
36
296
31
214
45
59
40
K
100
16
2
1
153
6
247
5
36
5
315
3
470
3
300
3
347
2
81
3
373
3
158
1
220
3
215
6
162
6
183
1
44
2
Z
380
19
336
2
70
12
106
8
475
10
260
14
473
11
192
0
88
11
196
1
182
18
442
11
387
6
210
15
350
6
496
3
245
3
322
10
1
16
175
9
T
280
12
382
10
371
6
24
11
54
4
103
13
5
8
380
3
303
2
94
0
124
22
432
0
27
0
Y
120
15
320
5
266
3
491
3
439
3
284
1
487
6
202
2
73
3
120
8
212
0
466
2
11
1
305
3
41
4
204
1
M
160
8
253
10
141
5
446
3
451
14
64
20
239
9
365
2
259
10
V
100
3
92
12
283
0
270
8
N
200
4
251
26
412
29
291
13
151
47
S
360
5
186
40
461
51
140
20
400
9
467
0
F
340
13
193
1
199
13
181
14
458
10
216
13
436
14
75
14
349
18
195
25
438
14
377
4
194
7
359
10
Q
380
3
484
104
138
26
95
67
B
220
15
84
3
419
7
43
14
67
8
313
6
287
5
66
10
288
6
139
7
201
5
159
8
307
11
441
12
25
6
0
5
U
340
18
424
11
289
18
161
9
447
10
406
16
286
10
127
18
22
7
110
10
217
0
65
8
462
6
98
4
89
17
378
10
77
13
459
15
306
18
L
282
