4
14
H
320
17
274
13
483
3
462
2
98
5
439
11
165
9
148
1
105
2
144
9
385
16
10
14
447
16
26
3
467
3
201
16
424
15
336
12
W
240
7
158
29
242
27
43
14
24
26
341
10
446
24
36
31
E
340
13
8
8
6
4
133
7
121
10
328
19
60
7
103
15
496
15
485
26
361
26
497
3
76
9
20
16
M
100
8
299
1
160
2
487
7
444
12
47
7
235
3
4
9
156
8
S
380
18
56
17
495
17
118
0
25
16
213
14
44
3
348
17
471
14
92
14
69
3
309
0
49
21
396
14
153
4
125
18
350
18
270
2
173
12
O
160
15
136
10
429
0
486
7
315
5
369
8
324
2
5
4
465
5
143
8
13
4
79
10
427
2
411
0
448
5
100
8
I
360
18
475
9
230
10
154
10
445
20
434
4
498
8
231
5
301
4
317
7
229
10
198
11
279
4
202
1
12
11
101
8
0
3
228
7
430
19
Y
280
8
21
27
59
16
207
28
458
5
413
24
456
33
216
11
151
24
K
240
12
332
7
141
6
233
13
373
3
182
9
206
6
370
13
35
19
386
11
218
15
244
13
414
15
C
120
5
366
22
50
21
191
19
211
24
340
0
N
240
9
379
11
193
1
319
12
152
9
210
26
52
26
217
8
180
8
406
20
U
380
3
32
10
480
52
236
61
X
240
18
371
5
237
2
99
3
226
4
66
9
239
11
353
2
258
7
390
11
134
0
316
13
260
8
320
5
410
10
14
3
129
12
451
12
245
13
T
220
5
63
7
404
17
175
36
325
4
112
37
S
350
