4
15
S
120
8
259
3
36
13
51
12
345
8
161
9
28
13
47
14
160
6
J
200
7
310
16
320
16
325
19
282
8
246
27
45
5
12
14
W
320
8
237
37
276
37
471
21
340
24
124
35
79
35
50
27
275
29
M
360
18
210
13
132
14
297
17
136
2
55
3
363
19
0
3
439
10
2
9
319
17
167
0
196
10
144
6
293
17
406
1
84
2
455
0
479
0
B
220
8
348
23
225
5
353
0
10
24
202
11
307
26
152
12
445
2
T
300
19
24
0
342
4
400
11
61
14
23
2
289
3
208
10
437
0
191
15
402
14
4
9
91
9
343
8
165
9
272
3
416
7
314
15
204
8
460
1
Z
240
16
116
1
21
7
231
6
316
3
44
14
327
8
102
4
130
14
147
9
283
5
170
10
71
12
449
12
457
14
432
5
224
12
O
280
18
111
15
85
14
425
2
226
7
233
11
321
13
333
5
280
10
409
7
109
12
19
3
227
7
328
7
90
5
497
9
249
12
360
15
391
3
H
300
15
247
16
436
6
304
15
279
1
59
2
175
11
458
18
181
10
475
15
7
20
296
16
180
8
184
9
6
11
94
13
R
180
19
252
3
477
0
206
1
153
9
404
3
251
9
354
1
262
6
405
5
466
7
78
2
178
9
217
4
341
7
17
0
399
4
315
7
287
9
110
3
I
160
18
495
5
38
0
465
4
485
5
499
6
118
2
242
5
234
4
176
6
355
1
323
0
245
8
401
6
73
8
452
3
374
5
260
8
93
4
K
100
8
494
1
397
2
126
9
197
5
113
11
490
3
322
11
469
0
L
120
17
117
0
368
5
396
1
377
5
168
3
66
0
13
7
493
4
214
5
163
0
207
4
229
0
268
6
411
6
60
0
295
4
83
2
E
380
18
266
17
415
2
151
2
427
16
179
21
480
15
67
14
37
7
473
2
424
3
388
10
308
5
357
4
56
2
183
15
431
5
162
19
87
10
C
360
5
131
49
350
29
267
23
269
11
326
66
H
436
