4
23
Q
300
13
73
2
430
23
298
16
361
19
132
15
214
7
271
19
434
0
443
16
20
17
46
7
407
14
301
11
I
160
5
216
3
497
26
453
23
212
19
95
26
C
380
13
356
24
39
19
333
23
59
16
157
13
299
23
1
0
420
23
490
2
189
7
123
29
312
15
291
5
W
200
18
138
9
218
3
255
5
308
6
468
0
174
9
369
5
492
1
416
8
391
11
62
9
452
9
415
6
171
10
358
0
87
10
469
3
397
6
N
280
16
419
2
226
7
185
4
491
11
40
2
96
8
265
3
65
8
442
7
236
2
264
6
105
16
370
7
337
0
251
9
399
14
B
160
8
262
18
272
0
135
20
368
17
363
17
118
9
290
8
278
13
P
260
10
64
15
455
20
199
16
449
18
155
9
275
15
149
8
164
3
259
13
494
4
U
240
16
206
8
141
3
160
4
173
10
61
0
0
6
286
1
464
7
425
9
154
3
41
13
210
7
200
5
362
1
231
7
383
4
E
120
11
184
7
3
3
465
9
423
2
303
0
66
9
360
1
334
0
147
6
305
6
85
2
S
360
18
382
10
252
2
371
6
54
14
411
6
372
0
165
1
207
15
79
9
110
13
438
17
460
3
280
11
60
0
390
10
14
17
440
13
487
13
F
220
18
307
3
191
1
237
5
194
10
209
1
284
5
104
9
366
6
269
2
33
3
292
3
57
9
268
9
228
8
69
1
250
3
152
8
90
7
Y
100
15
142
5
12
5
401
3
18
4
395
3
172
4
19
1
42
2
352
0
359
5
28
5
183
1
347
3
120
3
240
5
T
220
7
49
28
167
29
424
19
387
3
48
23
273
21
338
17
G
220
6
302
30
281
4
488
29
402
16
365
21
459
34
A
180
13
457
12
335
13
91
13
16
10
373
2
351
3
186
7
201
1
52
10
93
10
117
5
472
11
225
9
J
160
5
127
4
435
20
249
7
163
2
384
14
R
180
11
466
15
381
0
258
15
78
8
238
15
433
12
15
12
439
7
45
7
408
7
406
11
V
220
17
412
0
4
2
376
8
25
7
202
5
97
4
112
9
195
0
319
10
198
4
6
3
115
1
224
4
328
4
72
5
213
9
261
5
Z
220
18
168
12
63
10
204
4
431
7
309
9
314
11
21
4
169
10
220
9
341
9
342
6
188
5
175
8
444
0
489
10
34
8
71
3
493
4
D
120
19
398
4
211
1
192
2
427
1
243
1
86
2
450
4
354
0
29
0
461
0
129
3
326
2
484
6
221
2
315
3
474
2
215
0
178
2
232
6
L
280
18
257
1
156
4
295
0
417
8
405
14
367
8
414
14
486
11
68
7
421
0
404
15
9
15
318
0
463
0
410
11
344
6
349
0
136
15
X
380
12
128
24
426
13
285
27
377
0
454
11
340
20
190
7
477
26
222
0
355
19
239
1
374
24
K
380
6
357
30
471
32
24
63
329
61
205
2
388
2
A
351
