4
23
W
180
19
9
8
438
1
464
8
368
7
479
4
150
0
157
2
337
8
63
0
267
2
495
7
331
7
100
6
380
6
440
3
351
0
75
1
12
7
362
8
B
380
13
435
0
48
11
356
12
491
11
377
8
93
15
289
20
319
7
444
16
442
4
413
12
264
13
296
21
L
100
17
121
0
141
3
110
0
237
1
47
4
66
4
125
0
321
1
119
2
312
2
173
3
348
1
3
0
145
2
45
1
268
3
101
0
K
140
5
310
24
80
5
459
6
210
4
21
19
Y
320
12
177
7
58
5
454
9
57
17
192
9
374
2
493
8
190
4
137
14
116
8
221
0
15
25
X
320
5
305
58
384
50
354
43
174
52
46
30
H
240
14
250
4
60
13
328
3
55
0
84
3
456
11
253
1
36
9
61
7
176
0
144
11
345
7
249
10
187
8
N
300
18
89
7
355
0
161
0
216
15
11
2
434
5
70
9
44
6
336
13
420
11
234
2
304
8
432
4
225
9
248
1
499
11
317
12
371
3
U
100
3
205
19
366
30
323
16
J
260
10
188
24
263
24
471
2
238
7
96
25
393
2
397
22
28
19
209
8
273
18
M
360
7
489
34
123
26
382
43
159
35
313
34
220
6
94
1
V
120
7
97
2
259
15
146
1
424
14
131
11
324
17
244
9
F
180
5
278
18
284
29
138
32
229
33
142
36
D
100
4
118
14
451
25
243
18
103
8
Z
220
3
333
46
452
43
24
29
O
160
14
419
8
492
0
114
10
476
2
86
10
364
4
152
8
288
3
4
8
175
6
473
8
107
7
481
10
37
11
Q
360
8
167
2
62
37
87
28
350
26
315
19
143
41
168
1
399
16
I
340
11
129
14
83
3
65
7
482
10
387
26
458
30
307
0
39
7
408
3
106
17
453
6
A
220
19
256
3
422
0
462
5
294
2
316
4
72
8
230
4
299
0
483
4
349
4
261
6
443
2
286
2
291
7
17
3
231
1
417
10
43
10
112
6
S
140
6
285
8
171
23
423
20
10
6
197
11
91
23
P
300
19
302
4
169
14
207
7
389
11
151
13
19
0
386
14
431
12
418
13
198
14
421
12
474
0
228
12
293
0
232
11
194
2
90
10
375
12
191
10
R
380
9
165
11
227
16
26
12
126
17
246
1
344
14
271
39
164
41
156
6
G
180
6
485
26
306
29
79
6
441
5
436
30
409
14
X
354
