4
14
H
120
19
40
0
296
4
4
6
350
4
435
5
221
1
12
5
74
2
331
3
336
6
275
1
24
6
432
6
108
5
268
4
63
3
196
1
418
4
393
4
A
120
6
338
14
264
20
79
11
10
11
356
19
305
6
C
360
6
68
29
484
49
89
47
85
36
498
35
391
11
U
260
14
399
4
9
14
307
15
315
12
460
6
166
18
71
7
169
7
126
2
425
17
266
13
330
15
189
15
84
1
M
260
10
394
4
468
26
38
26
80
16
369
18
325
18
195
21
157
9
368
24
215
16
L
100
14
378
4
324
3
193
6
11
4
50
1
57
2
381
6
320
7
3
4
497
6
100
0
118
7
210
1
434
2
E
280
19
302
9
83
2
202
3
232
2
225
5
219
11
155
12
198
3
314
8
352
5
236
9
411
8
162
6
114
11
360
11
362
11
496
5
416
7
443
13
T
320
10
55
7
174
26
271
29
278
5
464
19
354
27
54
7
408
7
467
11
282
23
J
180
9
88
8
290
12
351
4
283
4
140
1
104
10
131
10
313
17
228
9
B
300
17
306
6
480
1
295
5
23
0
445
11
343
1
239
13
269
13
367
1
176
9
168
12
287
1
182
10
403
5
60
11
402
12
115
14
Y
320
10
439
20
466
4
52
30
20
24
292
8
130
19
160
26
128
12
178
14
405
28
Z
160
18
440
5
375
3
97
6
78
4
242
8
53
7
265
6
123
0
237
5
243
3
58
0
413
8
92
1
400
3
93
5
341
4
371
3
110
1
G
340
16
276
18
77
5
227
8
311
2
469
15
470
21
45
7
410
0
488
3
201
16
139
11
207
2
477
9
183
6
475
19
390
19
O
380
4
34
9
247
61
349
81
476
42
L
497
