4
10
W
280
15
306
9
12
14
238
15
130
14
191
14
340
1
136
15
343
11
154
0
201
14
297
6
290
7
160
12
283
5
109
12
O
240
12
323
16
226
0
85
4
249
11
456
4
139
10
392
2
390
17
17
0
285
2
484
4
133
1
L
320
7
474
7
138
14
339
0
15
40
389
38
164
35
27
0
T
120
8
492
12
115
8
208
7
272
2
496
8
237
0
471
11
128
12
E
340
7
202
14
211
42
112
2
305
3
20
39
73
28
312
7
R
160
7
193
6
225
0
93
7
144
5
315
18
472
16
264
17
C
260
4
78
56
362
33
187
25
455
13
F
100
12
424
2
161
6
49
6
470
8
74
3
149
2
407
3
304
1
65
3
194
6
341
7
415
1
J
340
10
132
34
3
29
250
26
223
5
23
13
129
33
204
27
147
15
40
30
158
34
U
360
5
493
69
321
51
25
20
110
32
203
1
J
158
