4
8
A
180
18
349
0
364
1
3
0
334
10
168
3
346
10
259
0
308
3
320
1
437
2
158
0
195
8
251
2
81
5
27
9
100
6
438
1
326
0
Q
300
3
382
55
248
75
281
62
Y
240
10
433
24
280
24
162
2
54
12
425
5
287
3
388
17
285
24
312
2
118
9
M
180
9
458
9
258
8
321
10
478
3
5
4
190
12
357
11
317
20
165
20
J
320
11
178
9
38
24
236
4
480
5
395
12
384
28
313
15
40
26
378
16
497
21
44
8
V
220
4
212
29
257
26
213
38
443
5
P
360
12
449
13
61
26
115
25
226
2
298
28
42
3
110
14
204
13
367
22
411
8
318
1
69
25
W
340
16
465
9
385
3
116
11
87
4
169
10
159
10
305
14
383
6
473
6
406
17
348
20
232
9
268
13
441
1
303
5
173
9
P
110
