4
18
T
260
8
255
13
381
7
367
8
91
17
318
1
59
22
49
7
224
14
S
280
11
70
25
484
0
220
9
197
13
205
15
373
4
282
13
24
25
61
4
488
5
391
8
Y
360
7
128
8
414
37
125
18
346
21
115
1
474
42
7
13
M
200
6
29
31
221
3
298
20
421
32
478
6
378
10
G
200
3
230
44
84
54
8
41
A
280
7
487
17
469
0
263
8
184
16
130
20
332
26
26
38
O
120
8
354
13
384
1
67
9
269
9
57
3
182
9
87
6
203
3
R
120
18
75
2
208
0
202
5
465
0
494
1
358
4
76
0
133
0
291
6
235
2
50
2
163
3
343
2
297
3
351
2
98
2
40
6
471
1
B
280
12
392
9
467
10
15
7
456
1
100
4
247
10
468
22
166
20
376
14
294
10
102
1
126
17
Z
240
16
46
9
446
9
151
11
135
6
326
15
90
2
158
14
37
2
234
1
32
3
85
2
238
14
95
15
362
10
159
5
16
2
F
100
9
189
7
359
7
4
6
409
8
413
10
242
9
466
2
349
4
496
10
D
300
19
434
1
454
13
405
1
123
6
69
13
388
15
236
13
374
1
211
11
223
14
308
1
68
9
71
7
72
4
329
13
424
3
248
7
436
4
136
12
X
380
14
116
10
250
3
406
21
139
27
23
15
170
8
375
8
35
14
455
19
276
17
273
23
218
18
80
26
287
4
W
240
5
304
5
439
43
364
3
145
26
317
45
Q
100
13
107
5
305
5
443
7
13
0
228
4
18
4
396
7
430
6
114
7
492
6
476
2
138
6
495
5
I
360
4
92
80
105
25
62
52
78
83
N
340
5
25
20
309
26
416
1
83
40
237
21
K
360
11
185
13
178
0
96
26
169
21
206
17
118
16
401
24
227
2
366
28
330
10
188
7
D
123
