4
13
Z
200
13
6
8
391
1
458
4
476
3
489
0
68
0
185
13
381
10
347
13
309
15
72
4
368
4
286
10
L
200
10
233
13
113
0
91
14
118
11
357
10
246
2
398
16
45
15
28
6
16
15
O
220
7
428
21
166
27
312
4
499
5
158
17
239
23
405
6
D
180
14
206
9
211
4
469
5
439
3
82
7
167
1
319
10
410
2
26
5
453
2
479
2
162
12
351
12
470
3
W
320
15
53
0
90
21
477
19
426
6
497
10
231
14
195
6
421
2
423
13
457
1
155
17
70
11
126
4
104
0
30
11
R
260
18
183
13
416
7
1
0
320
9
86
1
253
10
430
7
102
1
353
9
191
2
179
5
192
6
76
8
456
6
427
14
133
9
123
5
287
5
Q
320
3
364
86
188
61
61
24
K
200
19
397
8
294
10
196
3
168
7
450
2
148
6
325
4
300
9
230
7
436
6
299
1
280
6
236
1
478
0
99
3
235
6
473
0
120
0
270
8
M
380
19
400
3
218
18
443
9
101
6
66
11
8
2
277
11
255
9
119
6
466
16
159
10
83
5
377
1
87
4
164
6
103
12
448
15
62
7
471
0
H
320
3
69
90
343
36
73
96
F
240
4
274
4
189
29
47
4
495
32
C
100
15
465
6
161
5
384
3
261
2
342
1
365
0
374
5
134
1
48
2
491
4
154
3
105
6
406
6
273
2
94
1
A
260
19
492
8
315
6
63
6
88
8
413
12
25
4
124
10
40
5
487
6
97
10
85
13
349
7
459
0
131
2
116
12
290
8
385
0
80
1
314
8
H
343
