4
13
Z
260
17
91
8
158
6
329
11
178
6
116
2
122
8
184
0
377
10
291
8
49
12
295
4
301
6
451
15
312
15
497
11
328
13
82
13
W
320
19
411
14
5
14
117
8
226
3
78
14
40
12
424
14
102
11
378
14
169
16
317
9
447
12
35
13
20
9
440
8
320
14
308
0
302
13
86
11
E
300
4
392
58
489
2
495
30
119
68
P
200
7
457
14
23
1
363
20
266
17
97
4
471
1
27
11
C
160
3
24
37
224
23
187
39
I
180
3
50
59
389
2
401
21
R
120
4
171
30
490
29
481
13
144
20
Q
220
9
326
12
367
17
416
10
140
16
190
7
214
6
126
22
271
11
299
1
Y
360
3
241
3
279
53
324
105
X
300
14
417
12
327
8
433
3
48
0
361
13
137
12
356
10
252
12
51
1
151
16
74
5
351
17
473
14
410
1
K
220
6
90
19
185
30
475
12
28
7
349
6
45
25
S
100
6
17
9
11
4
332
12
94
8
478
16
77
15
T
100
6
145
2
319
1
223
14
459
8
175
9
13
1
I
389
