4
21
C
180
4
163
41
269
25
308
43
409
10
P
380
12
179
2
92
7
273
2
18
20
174
29
126
10
410
7
133
25
458
13
27
31
25
18
266
25
M
300
4
153
2
71
73
253
33
271
34
N
100
14
81
3
286
1
183
0
350
0
332
1
466
1
298
7
327
2
362
4
240
1
438
2
420
7
297
3
483
6
D
140
5
227
23
57
19
333
3
441
14
427
24
O
100
13
141
7
146
2
265
5
285
4
354
7
45
0
498
7
443
0
127
3
112
5
461
4
486
7
290
1
Z
200
17
159
8
383
6
94
1
389
7
132
7
102
1
85
1
185
4
40
1
56
8
229
3
201
0
451
3
484
0
88
8
295
1
478
6
Y
120
19
301
6
449
1
33
3
380
3
76
5
329
3
19
4
195
6
111
6
417
4
136
4
107
6
439
6
38
1
343
3
394
3
480
6
440
2
476
5
L
280
14
182
9
15
4
328
13
302
6
287
12
322
9
30
9
50
2
233
19
306
11
100
17
10
6
307
15
198
14
B
160
3
272
2
299
34
17
2
K
260
7
360
2
3
14
74
25
442
21
453
15
335
23
315
33
U
260
19
222
12
414
13
110
1
465
0
202
9
252
9
313
5
330
10
98
3
236
0
53
5
318
1
281
5
375
11
416
11
419
9
134
8
184
5
0
1
T
360
8
256
11
454
37
462
40
473
33
260
26
37
9
73
2
79
29
S
300
11
189
12
193
2
12
12
160
6
90
2
232
12
143
23
99
15
388
22
305
9
48
13
X
220
18
347
8
208
2
485
2
352
0
158
8
319
6
428
9
289
1
122
3
494
9
191
1
95
2
2
6
331
3
448
11
35
5
169
1
367
10
W
140
18
194
3
209
1
241
2
326
4
168
4
13
2
190
1
411
4
44
6
370
7
401
2
374
4
101
3
155
2
5
4
382
5
387
5
8
0
F
300
5
213
10
363
59
58
12
339
40
408
37
H
360
6
495
59
391
38
22
2
128
11
257
17
144
55
I
300
16
87
8
258
9
31
5
121
2
39
0
173
8
293
16
364
3
469
10
54
16
113
1
345
15
423
6
4
3
151
13
355
11
A
240
17
165
0
275
13
276
3
291
6
218
4
446
10
407
14
251
13
219
8
424
1
70
8
6
6
197
12
267
8
162
13
259
5
406
9
V
340
8
445
21
52
14
224
42
149
25
415
0
231
20
16
24
176
13
F
213
