4
11
U
280
16
0
17
462
13
101
7
343
17
391
8
190
11
318
15
477
15
439
10
222
1
186
10
346
16
105
12
389
8
86
12
85
13
C
280
6
255
27
371
4
277
10
497
18
463
20
145
34
H
340
13
211
25
184
10
223
5
406
14
323
19
93
26
481
7
98
20
289
22
236
25
489
13
199
0
269
12
E
300
5
354
14
366
15
74
18
247
22
437
55
X
360
5
132
57
445
11
122
54
265
11
301
7
J
200
11
55
4
52
18
92
0
435
5
348
5
1
3
35
1
72
12
457
18
90
12
167
16
I
240
5
313
38
408
38
496
6
89
4
377
31
F
120
14
470
3
10
5
416
1
151
2
53
5
31
7
315
6
357
7
303
8
492
2
107
4
312
5
250
8
141
2
P
220
9
449
23
248
19
113
8
109
17
305
12
328
22
108
5
69
18
216
4
B
240
14
99
15
494
10
62
5
114
10
5
0
137
7
365
2
458
10
259
15
499
2
486
12
191
3
409
13
320
12
W
360
4
359
15
226
41
138
71
201
14
C
255
