4
22
J
260
7
33
26
499
35
23
35
87
32
91
1
73
19
431
31
F
380
19
375
7
251
8
314
4
15
0
63
4
71
12
113
14
339
9
300
3
311
10
236
7
442
6
24
10
304
11
165
20
162
11
252
5
245
18
179
6
D
340
19
10
16
57
13
183
9
370
13
89
2
481
3
388
10
199
4
28
8
85
4
27
15
396
5
56
8
68
15
264
2
360
3
410
10
145
5
191
9
B
100
5
270
4
386
3
238
9
268
8
241
6
U
340
14
415
23
338
21
490
4
350
12
411
6
332
21
326
18
174
13
101
22
97
0
369
15
119
6
318
21
362
9
N
180
8
115
10
316
11
193
7
414
7
240
15
219
15
5
20
224
12
L
380
13
50
17
61
24
422
11
430
22
227
0
291
8
208
15
285
17
486
0
391
2
289
17
8
18
244
18
A
100
3
125
2
147
12
98
7
W
320
12
62
13
46
26
70
6
279
21
239
13
20
3
212
25
111
25
39
5
280
17
234
3
161
20
O
100
10
293
3
464
0
114
5
371
4
436
4
462
10
290
1
2
2
173
3
356
2
H
360
15
295
6
331
7
479
6
278
11
153
6
222
13
43
7
345
21
235
17
257
10
405
7
353
8
47
0
424
9
366
16
S
360
14
275
11
395
0
79
23
34
11
225
9
99
17
329
25
146
10
151
22
95
24
169
18
363
10
327
23
105
0
K
140
4
243
34
54
32
246
28
242
13
V
260
14
361
4
65
9
0
12
450
13
448
12
341
13
347
11
167
18
469
11
210
14
164
12
181
10
139
12
223
7
M
120
19
129
1
182
4
21
5
492
5
489
0
449
5
261
5
283
6
267
0
315
0
297
2
416
5
322
6
385
5
232
4
480
4
355
1
478
1
487
4
Z
340
3
317
27
228
86
337
48
X
180
3
475
59
197
59
476
4
R
280
8
425
21
66
31
41
6
9
11
402
4
189
1
132
16
459
1
E
240
14
158
1
496
13
301
14
144
2
163
10
439
17
298
10
22
12
420
0
127
0
354
0
215
15
136
7
310
7
G
380
16
406
10
358
21
368
19
124
6
88
13
49
21
237
9
230
0
346
3
82
1
393
15
258
3
135
10
4
11
176
13
468
0
P
220
13
457
0
207
10
359
2
404
7
201
1
296
3
84
8
423
16
458
9
494
6
148
8
229
16
384
2
C
340
9
248
29
184
10
143
13
382
11
262
9
3
4
170
27
288
5
100
28
N
240
