4
18
Q
360
5
3
17
17
2
338
38
258
31
95
51
A
140
4
494
6
50
1
20
21
285
15
N
300
14
453
15
28
1
187
18
441
10
486
16
390
7
327
18
428
5
434
13
320
1
135
20
2
17
220
13
179
6
H
120
11
280
2
345
5
83
10
36
3
163
7
103
0
478
0
308
0
262
4
15
1
382
5
P
220
15
474
11
346
8
189
3
96
6
162
9
405
12
216
9
127
9
66
0
213
8
267
12
465
3
467
7
78
6
19
9
S
220
8
427
24
392
25
491
13
386
7
270
16
363
3
472
25
245
17
X
320
12
123
5
131
21
130
6
9
11
361
14
469
25
481
1
49
25
399
20
212
15
93
24
141
19
V
200
19
315
5
408
2
254
6
180
1
349
3
368
8
183
6
185
1
164
6
394
1
133
7
278
6
490
0
305
2
321
8
452
0
335
5
266
0
232
1
W
380
3
466
38
54
15
150
81
U
180
6
41
10
375
28
87
17
225
0
261
19
257
7
I
280
19
252
8
116
4
407
3
115
0
1
0
416
8
348
7
142
12
86
5
234
2
456
11
70
1
153
7
253
2
190
9
430
1
201
14
265
12
279
2
M
340
16
373
21
126
12
52
13
94
8
51
11
471
3
489
14
337
9
421
7
344
11
256
4
330
19
325
9
458
2
384
8
37
4
K
380
17
89
14
217
5
114
4
450
18
227
0
204
9
449
13
175
15
249
8
139
3
461
11
46
4
33
6
106
18
362
14
47
4
154
0
J
180
8
282
2
59
11
60
15
230
19
38
12
224
4
442
16
14
7
G
380
6
473
13
383
9
4
37
29
60
30
51
129
20
C
140
15
124
6
291
2
110
6
318
8
464
2
329
5
203
6
436
6
90
4
367
0
406
7
479
5
98
4
13
6
476
0
T
180
4
140
13
326
38
409
45
18
3
L
380
18
352
12
0
1
100
15
268
5
393
21
111
15
186
12
423
14
221
1
340
16
72
17
68
8
188
18
200
5
61
10
303
11
101
20
289
2
H
280
