4
25
Y
120
7
213
10
112
5
188
1
206
7
380
12
87
5
129
2
R
300
16
471
13
323
15
251
2
135
1
70
18
211
17
439
12
425
8
162
4
53
14
477
0
30
11
180
0
491
9
306
13
171
3
C
220
9
231
23
266
15
271
7
326
0
78
24
294
2
391
6
71
17
308
10
G
200
3
460
51
10
18
359
29
V
300
14
285
14
250
21
437
19
351
13
299
9
4
15
18
7
136
11
88
0
238
6
149
4
345
10
6
0
262
0
D
240
12
275
1
26
18
208
4
389
9
176
4
453
7
468
14
165
1
340
10
410
14
385
9
274
8
S
360
12
20
20
499
29
349
5
397
5
472
11
366
12
32
16
293
17
207
7
318
20
457
14
447
13
K
180
8
400
15
492
10
392
16
426
2
60
14
137
21
157
6
225
11
L
140
18
337
5
199
0
235
7
178
7
200
3
445
0
454
1
227
0
481
2
81
2
44
6
451
6
346
1
174
5
387
3
228
3
45
6
14
5
F
260
7
49
27
373
20
383
4
408
6
316
20
431
4
150
24
P
380
19
155
19
134
10
462
12
333
10
15
6
490
19
249
3
488
20
218
15
399
15
284
20
31
15
450
6
402
4
433
11
244
3
245
9
42
17
59
19
A
240
3
77
64
48
45
57
66
M
240
5
364
17
181
11
330
31
2
45
221
23
T
320
4
219
21
243
54
144
33
85
67
Z
340
5
435
61
390
28
94
55
353
47
260
51
B
160
7
47
0
7
16
412
11
224
3
1
14
67
2
312
7
H
160
5
46
4
185
18
142
8
452
1
91
22
W
300
7
105
7
115
2
217
18
43
18
102
35
248
1
470
9
I
200
11
464
10
496
17
382
0
184
2
357
10
443
5
93
14
198
5
339
9
39
9
429
17
Q
280
13
241
15
131
6
465
12
479
8
73
9
255
13
75
18
467
20
212
17
33
18
305
15
393
5
376
6
X
240
11
100
3
166
14
458
10
229
9
473
12
64
8
282
11
5
6
114
10
50
15
317
0
N
280
5
182
39
58
8
138
30
239
43
291
4
O
200
4
55
49
395
34
370
13
448
13
U
360
13
416
17
92
25
62
25
237
20
154
17
172
24
16
7
438
22
419
2
106
5
354
23
268
14
290
3
J
200
7
124
5
232
6
476
27
403
20
455
28
401
22
469
4
V
6
