4
15
X
180
12
271
10
306
2
89
0
69
7
17
12
420
6
70
8
158
0
430
9
275
8
329
11
7
1
N
340
6
425
47
22
49
415
19
58
11
14
28
338
35
K
380
14
435
18
127
14
109
11
248
26
310
4
296
25
164
19
233
21
125
20
41
26
361
27
162
14
497
17
258
22
B
180
13
130
10
257
6
465
8
79
3
434
5
157
3
309
12
366
4
274
0
210
13
273
0
174
2
63
4
P
280
13
206
17
123
15
28
13
316
10
356
2
498
8
154
0
107
11
374
17
239
5
103
4
229
3
211
13
D
320
14
372
9
441
21
226
17
192
14
118
10
246
5
462
1
349
2
293
19
25
17
458
14
234
16
269
16
486
22
E
300
9
85
30
416
0
398
5
437
7
187
18
177
13
315
4
291
15
152
23
R
280
5
492
9
463
45
92
25
47
28
33
33
Y
300
13
282
16
382
20
86
3
142
5
68
22
304
4
340
8
186
5
422
7
13
22
331
0
138
13
253
21
O
200
12
73
13
436
2
489
6
496
2
243
5
59
1
18
11
8
5
60
5
403
8
281
0
148
15
V
100
15
285
6
198
5
181
1
236
2
407
6
488
1
325
6
126
3
277
0
225
4
300
5
5
3
200
4
39
3
344
5
J
220
4
180
6
433
43
147
1
459
54
I
220
19
131
6
80
5
380
6
202
10
326
3
120
6
324
6
451
5
149
5
421
1
379
11
381
11
203
1
105
7
185
8
397
8
357
9
468
11
371
8
T
280
9
208
2
168
21
74
0
178
26
244
31
252
26
220
1
495
28
106
4
L
220
4
95
51
44
49
369
52
54
39
X
306
