4
20
Z
300
10
406
16
477
9
35
20
444
11
366
1
252
21
370
26
282
20
160
4
175
20
L
100
5
322
16
457
1
285
18
123
19
269
14
H
100
8
495
3
365
4
106
10
88
4
51
11
305
7
199
12
483
6
V
240
10
271
13
48
16
361
17
74
15
186
13
168
19
303
0
2
19
234
5
400
19
G
360
11
328
6
334
0
188
0
161
25
165
7
386
30
26
15
433
5
396
27
132
15
17
18
B
240
17
249
13
129
11
116
7
1
12
487
4
255
3
373
9
395
5
108
11
364
3
385
7
61
14
246
6
91
1
43
12
241
5
353
10
N
380
19
236
11
409
3
325
0
210
18
313
7
98
19
424
7
450
8
274
9
164
0
323
2
339
19
362
13
190
20
455
19
265
19
427
13
5
2
286
10
P
360
19
442
10
72
7
45
0
81
3
393
1
394
5
333
3
489
9
30
12
431
12
4
9
294
6
257
4
475
14
403
6
93
16
481
12
40
17
138
4
X
260
16
371
5
381
3
480
11
415
1
235
1
156
6
301
5
356
1
131
4
321
10
336
2
310
7
193
8
167
0
345
15
84
14
T
160
4
169
8
384
29
383
22
488
28
Q
200
4
230
20
10
34
426
18
118
40
Y
340
16
309
2
208
6
75
14
420
9
243
1
327
10
204
8
197
13
330
9
397
15
146
17
311
12
337
1
390
21
130
19
478
14
D
120
13
59
1
137
3
292
9
120
0
224
1
291
6
419
4
228
9
115
8
408
8
446
9
154
6
417
8
I
380
13
387
10
194
16
367
12
149
11
435
28
358
14
155
16
212
2
103
20
38
22
71
4
122
9
184
11
U
100
5
183
5
340
3
22
3
375
14
389
3
O
360
11
177
21
392
6
148
23
440
29
240
8
180
16
18
16
259
18
16
24
284
26
421
32
F
280
3
100
19
300
67
299
44
C
140
14
185
4
53
2
277
10
404
6
150
5
231
8
270
5
470
3
479
8
352
5
133
4
312
4
135
3
203
4
K
200
9
110
12
344
11
223
19
318
15
36
1
428
7
145
13
343
11
25
16
R
340
19
158
10
28
10
441
5
466
8
454
3
96
15
332
17
14
3
44
6
482
1
434
3
143
13
219
5
147
5
218
8
222
11
125
14
485
3
112
13
C
270
