4
23
N
160
3
326
30
457
4
137
32
Z
240
15
259
10
442
15
194
7
388
5
441
5
453
3
286
7
499
4
189
8
43
12
255
10
330
6
493
13
464
0
354
13
T
160
19
38
5
422
4
20
0
206
5
166
2
487
2
171
1
269
0
210
0
391
3
186
2
325
1
230
5
242
2
409
0
448
2
90
5
304
8
400
4
D
360
4
193
15
9
77
116
39
178
73
J
140
9
245
10
179
13
76
6
8
13
421
8
21
2
407
0
202
7
229
13
I
160
7
459
22
445
1
71
19
81
12
74
16
70
0
436
18
Q
140
16
247
0
361
7
29
8
112
5
2
4
73
1
373
8
268
2
109
5
368
8
153
0
101
2
295
3
200
0
476
5
80
2
L
240
4
452
27
318
22
45
2
93
33
X
360
8
483
7
111
15
490
23
169
33
356
23
482
43
272
4
129
37
F
120
13
100
0
437
2
382
0
104
0
403
0
443
3
37
6
172
5
358
9
299
0
84
6
88
6
130
7
M
120
10
274
0
216
6
371
11
262
9
91
12
30
12
367
10
277
10
281
0
226
1
W
340
6
97
19
236
24
134
11
126
27
319
24
7
11
V
100
19
225
4
323
1
468
4
1
3
312
5
143
4
103
3
114
3
47
3
316
0
146
0
31
1
3
5
165
1
249
5
34
2
404
3
250
4
425
2
S
260
14
168
4
491
14
233
4
477
0
164
17
51
8
124
3
474
18
239
11
446
0
176
2
353
11
87
13
264
16
C
200
14
238
9
156
2
280
8
142
14
392
5
475
3
228
11
222
14
46
0
36
10
49
6
320
3
118
5
324
0
U
380
17
449
21
375
10
332
3
497
20
35
9
479
19
50
6
383
14
376
4
173
0
65
14
11
21
82
14
336
9
467
1
350
17
17
16
G
320
9
265
1
451
15
352
3
205
32
275
26
150
11
305
35
270
18
473
9
O
140
12
254
5
335
0
207
5
243
9
346
6
278
8
61
2
57
9
458
9
438
9
41
3
284
1
H
100
7
117
5
115
11
86
10
58
0
105
1
0
14
322
9
Y
180
7
472
4
184
7
215
23
394
19
372
4
294
16
343
23
P
360
14
271
25
463
5
429
6
378
7
157
25
292
5
56
10
313
1
456
1
338
19
234
3
342
16
26
15
141
20
K
180
7
434
8
413
23
339
13
251
10
151
9
163
24
96
3
E
380
14
244
24
399
2
218
27
300
3
131
26
12
17
485
14
340
5
329
27
16
5
217
13
89
10
266
16
426
4
S
353
