4
24
A
360
12
218
23
355
5
125
3
193
8
149
22
453
22
114
20
497
16
423
18
496
22
52
26
9
1
R
240
13
142
0
113
18
127
7
388
10
257
13
174
6
337
0
185
12
138
14
154
18
426
16
390
10
219
0
Q
220
13
265
9
471
6
403
13
316
11
298
7
187
6
203
12
349
2
322
14
47
7
10
14
377
9
200
5
V
360
14
458
8
79
11
51
5
280
24
199
8
435
25
75
12
348
20
184
24
91
4
328
11
58
7
478
1
225
25
E
120
11
120
8
485
7
103
7
311
4
361
2
241
9
286
2
183
4
77
7
64
6
176
8
I
320
3
26
1
141
50
153
28
O
180
19
128
7
336
9
256
3
345
9
405
2
297
7
362
8
172
4
173
7
383
3
439
2
373
0
253
8
340
6
90
7
129
1
369
8
293
4
470
2
S
100
17
139
5
95
3
234
3
409
0
163
3
222
3
112
3
251
4
319
0
486
2
223
3
62
4
303
4
15
5
489
2
151
3
207
2
D
200
15
300
13
131
6
259
0
3
0
100
11
282
0
246
7
437
7
148
9
197
3
314
13
357
11
17
10
56
6
63
0
X
140
10
454
10
204
10
226
13
268
0
227
7
433
14
186
13
419
5
353
0
495
12
C
100
3
284
16
201
0
237
31
J
320
11
122
25
134
2
212
8
115
27
118
11
16
22
438
15
53
25
358
10
145
3
101
23
L
140
13
269
4
220
5
272
0
418
3
121
2
291
5
411
10
196
3
238
6
191
4
242
10
198
3
267
2
W
100
16
59
1
72
3
181
0
109
3
230
2
422
2
28
5
306
2
71
0
457
6
429
1
262
5
424
4
474
2
494
0
8
6
K
140
8
228
13
161
0
490
17
397
13
236
8
175
4
323
17
378
13
H
340
10
177
8
462
18
171
29
342
17
425
17
258
8
31
8
195
6
394
21
150
12
T
240
10
86
0
111
8
116
24
235
1
347
4
4
7
224
6
315
9
320
3
6
13
Z
260
11
157
9
248
9
213
18
302
14
105
11
449
2
456
18
189
15
5
1
274
4
119
8
Y
360
4
34
82
399
67
379
20
352
36
G
280
12
158
0
12
17
264
1
367
9
444
16
288
9
450
1
168
5
414
19
420
10
133
13
332
5
P
280
18
229
14
1
14
180
3
70
3
97
14
463
0
415
14
488
2
283
13
233
11
443
14
57
4
123
2
389
15
266
8
32
14
88
4
40
3
M
380
17
146
12
21
10
188
10
0
17
481
11
447
3
382
9
395
2
432
16
23
8
166
14
374
7
407
8
334
16
287
12
107
16
401
1
N
160
12
83
10
482
12
404
7
313
1
135
10
2
2
162
12
325
0
410
12
464
3
351
11
480
0
F
240
12
484
8
276
17
92
7
24
2
472
5
491
16
299
10
87
20
11
8
451
1
244
0
356
1
W
494
