4
21
H
200
13
371
5
282
3
40
15
424
2
320
10
64
7
390
9
490
9
430
7
161
1
38
1
449
12
105
10
N
200
10
90
11
425
2
383
15
401
17
243
15
42
12
56
18
336
20
123
17
192
2
F
200
6
43
13
381
20
256
14
489
32
277
19
83
11
K
360
14
70
23
267
21
458
23
497
11
100
19
491
3
323
11
257
19
393
24
439
20
372
0
312
16
408
12
454
12
V
360
6
417
45
291
41
198
37
275
56
228
8
102
57
E
180
10
483
9
94
16
89
15
60
7
298
13
119
10
195
10
276
0
380
1
452
2
B
320
15
406
18
148
11
368
6
127
6
324
16
78
2
169
5
82
20
472
19
202
19
22
9
215
4
167
20
91
12
301
18
J
220
13
456
5
30
16
348
9
455
1
5
6
447
9
440
1
258
2
218
5
387
13
225
3
386
13
168
16
Y
180
6
14
13
330
21
470
22
7
1
2
14
332
19
D
380
12
311
6
287
0
459
5
235
18
239
0
118
26
58
24
329
6
399
30
250
28
53
1
279
13
T
100
16
341
1
236
1
145
0
41
3
252
5
216
3
172
2
302
2
20
2
451
5
297
2
88
1
150
3
366
2
367
6
365
5
R
160
8
49
17
346
11
6
11
242
20
327
1
224
20
122
6
106
20
Z
220
4
175
10
204
7
420
32
261
41
S
320
5
432
47
285
39
290
51
407
8
403
29
I
160
14
213
7
77
10
9
7
205
8
310
2
255
0
262
11
419
4
384
4
156
5
362
5
232
2
139
8
46
4
C
120
8
178
13
378
0
468
8
404
10
34
4
374
9
319
12
134
15
L
380
6
186
35
248
28
214
39
486
11
219
57
54
41
P
280
19
350
11
51
10
293
11
245
6
443
1
356
8
304
0
397
3
212
12
340
14
382
12
17
1
111
1
475
8
412
5
233
13
10
3
498
2
485
13
Q
360
10
179
30
416
3
143
1
436
24
295
8
184
2
328
36
196
25
414
20
313
19
U
380
8
120
33
355
31
69
12
73
3
108
1
317
40
493
25
464
27
G
320
8
457
4
140
2
292
4
48
1
259
5
278
27
121
33
158
4
Y
330
