4
25
K
260
12
25
15
410
11
78
15
44
3
231
19
199
9
227
5
312
9
95
4
68
15
481
12
287
10
Z
140
16
437
3
395
1
210
6
10
3
396
8
321
6
130
0
51
4
472
2
392
5
179
8
30
8
260
8
378
7
382
0
298
3
X
360
5
271
14
414
11
325
21
12
71
176
49
F
120
19
192
4
466
3
390
6
453
6
343
6
140
3
347
1
104
6
461
1
314
5
439
1
456
5
167
4
151
6
299
6
153
2
471
5
421
1
57
0
J
140
16
431
0
160
2
239
1
108
8
464
6
269
7
0
2
491
3
193
0
24
5
479
0
407
5
249
6
247
6
59
7
411
5
E
380
6
352
23
52
58
136
29
498
18
451
6
70
33
R
380
11
244
0
253
29
81
32
427
7
116
16
109
12
284
13
401
0
290
34
292
8
263
14
W
140
8
267
10
168
9
489
8
172
3
38
5
266
17
182
15
300
6
G
140
19
418
5
188
2
304
7
496
7
447
5
203
2
324
3
233
2
54
7
246
7
155
6
293
7
77
7
333
0
446
5
256
5
430
7
137
1
420
7
I
180
15
391
9
371
2
463
7
357
1
139
2
365
4
133
11
147
5
19
7
317
6
342
5
366
6
413
12
144
10
138
8
H
360
19
64
3
212
11
3
7
85
1
281
6
45
4
255
0
230
14
141
14
189
3
305
16
79
1
398
7
98
5
350
16
83
6
99
10
306
12
369
4
D
140
8
493
10
353
12
47
7
125
14
112
17
412
9
478
14
283
11
M
280
3
356
48
36
82
198
18
N
340
13
276
22
348
3
443
1
341
21
34
17
475
3
243
13
226
0
96
12
214
10
11
6
187
23
122
19
V
100
7
208
3
302
3
220
3
177
10
319
0
331
7
17
4
B
120
15
340
1
457
7
250
0
225
3
336
6
316
7
106
0
404
3
126
3
18
0
380
7
483
0
178
1
326
0
131
4
Q
360
11
181
24
387
24
195
15
72
31
87
9
29
2
164
27
86
2
221
9
76
11
455
19
U
140
5
32
1
433
10
89
12
31
8
97
2
S
360
9
339
8
309
20
310
4
196
35
1
11
157
28
432
9
183
31
252
10
O
200
9
134
18
60
9
468
9
174
14
204
3
470
1
313
10
373
20
277
14
A
300
11
14
24
346
10
354
20
42
6
165
0
69
20
159
23
282
20
129
27
499
6
185
5
Y
360
17
217
19
490
20
428
7
232
11
409
12
449
8
211
0
121
17
223
2
146
10
367
8
379
5
280
2
166
18
53
4
285
16
359
14
P
160
12
229
3
158
3
452
1
186
13
200
12
162
1
467
7
101
7
258
10
400
5
270
4
5
10
L
320
16
102
0
335
12
337
16
389
1
425
1
194
16
207
2
459
16
261
20
278
10
7
1
242
16
251
17
375
7
323
18
175
18
T
320
9
171
26
458
1
435
11
48
0
474
28
397
16
35
1
90
18
315
34
X
12
