4
21
C
260
12
476
16
471
10
327
8
39
10
51
18
22
0
332
13
11
4
487
6
419
21
193
9
394
8
B
240
18
364
3
128
6
302
8
95
8
69
0
71
8
434
13
86
10
50
3
241
11
415
3
97
1
493
3
401
1
30
11
348
3
139
0
64
3
Y
300
19
116
9
490
6
55
13
279
3
223
3
370
13
355
13
54
2
60
13
497
3
326
10
426
7
414
1
280
5
383
6
399
11
144
6
231
1
297
10
S
260
14
57
6
264
14
2
1
256
17
258
9
147
7
254
16
102
16
48
9
196
18
440
18
461
7
362
9
423
10
O
180
8
416
10
61
12
460
9
444
15
312
3
458
1
376
5
49
20
J
180
7
3
13
367
19
133
0
283
20
91
4
124
14
354
9
X
360
19
105
5
166
15
98
13
381
13
278
1
230
18
224
5
384
16
369
0
182
17
132
12
308
13
202
9
0
18
134
11
158
15
93
11
273
5
117
17
G
320
14
68
16
294
21
338
0
371
1
76
7
84
3
246
11
242
8
173
4
403
20
253
18
106
19
321
1
215
3
W
120
12
498
5
221
2
298
2
441
3
66
10
234
7
342
9
479
1
181
10
428
9
277
9
374
9
D
240
12
45
12
309
14
291
9
36
6
37
8
257
17
189
2
53
4
329
18
452
7
353
10
218
11
P
100
5
481
11
402
14
113
2
121
13
103
1
R
240
19
477
1
40
9
379
0
208
1
42
6
9
11
183
3
464
4
168
5
472
8
333
1
112
8
217
9
248
5
328
6
352
8
427
2
483
6
252
2
N
180
17
250
8
417
8
109
8
187
1
305
6
127
6
1
5
400
6
88
7
281
4
123
7
412
7
92
4
420
2
26
9
320
4
276
5
H
100
4
439
3
287
16
494
4
457
21
M
260
11
404
1
271
8
73
20
238
12
436
9
409
18
34
5
176
0
382
8
115
7
480
11
V
300
9
15
24
478
23
197
0
226
23
178
24
418
12
447
4
406
19
286
22
L
360
16
207
2
366
1
135
1
363
2
154
7
77
22
41
10
13
14
499
3
211
2
466
19
227
18
407
16
99
20
200
5
14
22
T
220
9
391
13
107
15
101
7
150
6
314
9
141
18
484
1
408
16
482
24
K
200
9
485
6
163
9
94
20
462
2
188
13
169
9
177
22
155
22
282
12
Q
100
7
488
5
390
3
372
7
7
10
199
8
165
11
347
11
F
260
11
495
6
6
22
186
10
373
12
38
5
470
3
429
4
58
20
171
21
233
3
445
15
F
38
