4
10
O
120
11
266
3
404
3
23
6
486
2
269
1
412
9
421
2
425
10
25
0
42
4
15
0
P
320
14
400
17
374
2
355
3
306
9
5
3
471
19
207
4
105
17
485
5
145
8
32
4
51
0
144
5
13
22
Q
140
4
428
9
43
7
289
6
154
17
V
240
3
24
24
48
56
410
12
E
280
14
52
18
450
6
166
18
338
16
82
12
112
3
482
3
225
5
431
14
438
3
405
1
273
1
84
2
380
13
B
140
18
271
6
22
3
236
3
324
4
420
6
119
6
189
1
99
4
327
5
157
5
442
2
318
4
294
6
150
0
66
3
216
7
422
1
239
3
F
260
18
131
6
332
2
199
5
461
5
59
6
33
6
75
14
323
13
313
9
231
14
497
14
234
14
18
13
70
9
460
2
80
6
424
6
465
9
J
200
17
452
6
468
1
54
3
293
1
342
5
432
7
426
10
376
6
158
3
481
5
90
2
148
0
31
1
414
0
211
2
181
0
220
1
D
320
5
388
1
345
54
235
42
281
37
470
4
N
180
11
448
1
477
10
300
15
389
14
360
11
333
16
316
10
290
7
61
11
136
10
282
8
P
144
