4
6
U
280
15
220
11
29
2
77
17
137
18
120
13
153
17
356
6
204
9
338
16
433
1
404
3
345
18
421
7
63
7
308
2
E
240
9
166
24
217
19
457
26
464
3
329
16
415
26
306
25
471
1
236
24
N
340
12
449
2
274
5
213
4
69
18
175
4
401
18
146
12
173
9
270
5
44
25
191
9
465
27
K
100
4
205
4
207
11
425
24
473
25
P
120
13
262
8
327
9
125
3
384
7
185
4
17
6
414
7
209
2
208
8
419
0
148
7
222
0
134
7
M
300
16
399
18
281
2
372
8
8
13
278
10
302
4
405
1
111
0
75
12
272
17
189
8
420
13
37
13
178
18
434
16
38
4
U
153
