4
18
Z
160
13
106
1
52
7
191
6
165
10
386
7
184
2
437
10
340
7
5
12
11
9
330
0
428
6
173
11
Q
360
8
450
17
327
2
367
43
302
26
211
2
71
9
301
41
157
37
T
260
12
49
6
207
6
50
19
495
10
65
5
312
3
384
12
171
16
268
8
130
2
92
5
236
0
I
100
6
471
4
377
0
230
1
447
9
279
6
383
1
D
380
12
358
3
70
0
487
30
273
16
175
26
352
29
100
29
201
10
381
19
424
29
102
24
135
14
N
160
3
474
51
220
13
153
14
X
100
7
126
5
379
1
94
14
354
9
305
5
257
0
237
12
W
360
3
182
16
56
11
394
0
H
340
9
284
18
183
25
496
37
96
19
399
14
227
23
40
26
329
2
343
32
J
140
14
116
5
328
2
253
10
423
9
335
3
222
6
425
1
400
9
320
2
360
7
449
6
101
8
409
9
281
3
Y
260
3
223
66
36
73
440
54
L
360
13
238
7
206
25
79
24
456
11
120
8
37
10
446
17
241
27
267
13
59
0
95
25
110
16
46
1
O
100
13
142
3
235
0
455
6
454
6
493
5
366
3
417
0
272
2
433
3
85
4
398
4
418
6
256
4
U
240
13
170
6
439
0
60
12
172
1
196
18
317
4
119
13
45
1
216
13
282
11
442
4
254
5
218
16
C
100
11
103
6
242
6
35
5
209
2
42
6
470
0
353
1
314
8
205
2
349
4
461
2
E
200
14
321
1
286
3
443
4
370
8
338
9
167
1
43
3
121
6
248
3
324
12
109
4
436
1
177
5
47
6
F
220
9
278
13
401
7
247
18
363
8
189
11
38
6
250
15
137
13
468
21
B
140
7
441
11
124
16
166
10
74
0
115
4
200
14
234
15
B
200
