4
13
L
360
13
301
15
104
23
127
26
357
6
260
5
310
4
423
9
123
22
4
13
244
19
307
9
292
21
283
24
O
220
19
460
2
469
5
261
2
138
0
29
2
340
3
148
6
103
5
140
0
158
1
238
7
44
4
38
11
333
11
497
11
198
1
298
11
277
9
116
6
Z
240
17
428
11
169
11
40
4
444
3
5
13
406
8
256
2
467
6
453
7
334
1
93
5
33
12
188
2
403
9
129
3
235
12
194
5
A
360
4
66
70
353
59
400
51
225
90
R
280
4
299
24
16
11
50
7
195
37
V
360
13
420
4
345
21
418
13
90
11
13
26
209
13
373
20
339
4
308
13
135
21
280
16
152
15
72
12
X
340
17
407
5
293
16
177
8
268
7
348
18
237
20
264
7
459
12
290
19
215
15
484
16
156
9
254
2
83
17
279
13
384
5
199
5
H
180
7
243
18
399
14
482
14
8
3
461
4
79
19
47
14
G
340
7
266
8
239
32
228
40
375
3
421
10
337
36
276
28
N
360
12
167
6
128
26
48
22
494
23
473
21
175
7
466
22
186
1
242
13
23
9
419
3
180
3
I
260
7
98
13
451
12
287
9
249
12
153
23
219
10
154
21
B
240
15
433
1
112
5
28
0
205
12
60
7
474
6
262
5
211
7
147
8
430
3
445
10
233
2
145
8
111
8
69
4
Y
160
16
372
2
320
5
250
2
408
3
448
3
363
8
326
9
163
1
269
9
454
2
331
9
105
1
19
2
119
4
168
6
74
2
R
195
