4
23
O
200
16
85
5
134
11
346
5
344
4
382
9
475
11
182
6
247
7
175
11
79
2
181
1
295
12
364
6
472
12
306
4
298
9
C
140
12
299
3
414
3
489
2
281
5
340
11
189
0
265
2
163
7
390
1
226
0
195
3
398
4
D
360
15
402
12
215
1
318
1
408
24
481
5
217
9
443
12
430
19
114
23
103
14
200
14
257
8
70
10
219
20
93
17
B
140
18
435
5
120
7
329
4
138
2
251
7
469
2
343
1
305
3
22
6
150
6
139
5
126
1
54
0
361
1
374
4
363
2
322
6
245
6
L
100
19
317
5
284
5
259
4
62
4
286
1
370
2
196
1
498
2
452
5
378
4
303
4
52
5
309
3
488
1
400
4
486
1
107
5
239
1
379
0
U
180
18
339
5
433
10
356
10
184
6
72
5
5
6
180
3
144
6
377
3
315
8
121
0
276
10
296
7
25
7
269
4
362
9
1
5
7
9
W
360
9
272
3
302
16
117
20
31
25
19
16
55
29
466
16
53
6
407
18
V
320
8
160
39
308
25
419
8
177
23
228
26
8
1
389
11
75
30
X
260
13
143
6
332
20
136
4
109
12
313
16
354
18
423
3
279
1
227
8
413
4
209
7
89
7
391
0
Z
320
19
353
9
46
16
323
14
231
13
41
15
474
15
250
3
116
9
161
3
59
2
258
11
205
12
264
5
32
9
164
3
427
9
99
12
78
8
484
13
G
380
8
131
44
145
8
190
18
204
24
485
35
165
5
373
26
337
27
Q
140
8
292
9
287
16
490
11
316
9
463
0
441
0
26
7
12
1
F
220
3
11
22
106
41
158
38
S
320
15
341
7
405
1
50
2
221
1
376
5
422
9
135
4
43
20
409
4
347
16
416
7
253
0
457
6
63
16
183
12
T
260
12
465
18
385
13
480
14
291
14
425
19
64
1
128
1
142
4
3
20
96
16
446
11
312
4
Y
200
19
102
3
66
10
283
6
330
1
438
6
23
2
74
3
97
8
232
10
384
1
421
4
30
4
336
9
451
5
294
6
187
1
412
4
104
7
271
5
I
140
13
67
6
273
3
388
5
448
4
194
2
179
4
235
7
127
8
417
3
24
10
394
2
395
1
243
6
N
160
8
132
10
223
4
444
5
105
5
478
1
35
19
301
16
202
6
E
180
15
90
1
241
2
263
3
242
12
383
10
418
6
300
7
33
5
426
1
366
4
496
11
461
4
261
11
495
6
375
6
M
240
12
342
14
42
20
310
3
399
10
471
7
174
18
153
3
92
18
285
12
34
0
193
20
424
3
R
260
18
491
2
462
3
357
10
453
4
118
3
14
8
112
6
148
11
151
10
429
7
289
4
154
13
311
1
238
9
186
9
82
1
358
7
410
8
P
100
18
482
2
244
1
166
5
208
5
40
3
404
4
213
5
436
2
100
3
260
5
445
3
233
4
297
4
254
2
415
5
262
2
434
3
240
3
K
340
16
274
19
268
10
44
17
36
17
218
9
288
4
9
14
115
6
470
2
403
9
10
1
77
5
460
8
420
4
320
4
87
5
P
445
