4
14
U
200
3
77
57
404
4
29
38
Q
220
9
30
18
31
6
286
11
204
18
247
19
57
24
200
14
64
22
133
13
L
280
16
128
1
429
7
162
6
278
6
56
0
8
14
255
14
370
3
254
4
185
15
119
12
203
3
283
0
222
9
436
14
263
10
I
100
18
354
0
469
0
39
3
170
1
201
5
264
4
134
3
462
4
344
0
378
4
330
3
438
5
493
3
45
1
48
2
369
1
9
1
90
5
V
120
12
4
7
101
3
477
8
47
10
305
2
66
7
225
2
242
0
237
6
131
0
472
7
346
4
X
220
9
262
13
179
14
108
6
142
12
234
6
474
13
230
24
224
13
153
18
C
100
19
24
2
427
3
409
1
355
0
73
4
51
2
342
0
191
2
456
2
58
5
317
1
329
2
440
2
132
1
401
4
155
5
411
1
220
3
279
2
Y
140
12
453
4
14
9
421
3
188
10
217
11
111
9
149
2
42
9
82
2
88
9
339
0
63
8
M
140
12
221
11
183
4
174
8
241
6
148
4
332
2
93
9
186
10
161
4
351
6
168
6
125
10
G
360
15
306
18
129
23
374
14
62
17
299
23
274
13
0
13
331
11
36
12
434
13
457
15
419
11
113
11
489
15
165
3
N
100
16
26
4
92
1
413
4
422
2
425
0
146
5
11
0
238
6
37
1
356
2
269
0
373
1
27
0
79
4
267
2
309
1
R
380
10
372
18
167
22
202
36
359
24
407
31
69
30
296
4
291
16
460
33
297
15
H
240
18
268
1
6
0
38
8
40
8
212
11
336
2
7
7
152
2
492
5
233
0
347
6
271
11
391
6
321
3
312
4
95
13
338
10
251
0
F
320
8
19
1
475
10
54
6
250
1
208
27
395
35
158
40
138
34
M
93
