4
17
F
320
17
224
3
215
8
366
14
311
8
45
13
7
2
18
18
211
7
96
2
393
18
210
3
151
5
444
11
218
5
216
12
318
11
62
9
U
360
10
136
32
57
25
489
21
323
28
257
1
222
6
397
26
165
22
112
30
463
19
M
220
19
385
0
343
11
337
1
274
3
12
2
126
3
299
7
51
5
125
11
21
11
19
8
440
9
86
0
43
0
491
0
346
4
326
5
143
10
375
4
Z
100
17
478
3
408
2
479
3
414
1
258
2
17
0
485
4
280
0
137
3
467
1
482
5
321
2
324
4
325
2
69
4
455
3
417
5
Y
320
13
430
8
49
5
28
13
36
16
172
23
127
14
490
7
332
15
396
23
14
22
99
22
338
20
31
21
J
180
7
58
5
438
19
350
17
450
1
175
10
253
17
191
15
X
320
4
178
35
470
23
476
36
492
37
I
180
16
197
6
424
7
249
6
316
2
379
1
269
5
291
0
260
10
114
2
355
8
457
11
423
6
106
5
298
5
309
7
221
0
H
280
19
46
1
416
14
138
4
162
9
290
9
419
14
131
9
33
7
472
11
308
2
70
13
48
7
80
4
116
1
340
11
451
9
365
2
225
1
150
0
N
220
7
361
17
357
28
115
13
133
29
153
15
5
14
94
7
T
140
13
152
3
439
2
61
4
403
7
252
2
412
6
37
2
184
3
41
6
314
0
32
0
101
8
250
9
W
360
8
122
31
377
4
30
15
487
29
406
40
364
14
301
28
465
30
V
280
16
189
17
220
7
207
8
339
4
154
1
76
7
102
7
123
15
320
1
400
1
44
3
60
7
331
14
71
2
495
7
157
12
D
240
11
418
1
389
5
180
10
108
17
147
16
273
13
303
7
65
20
1
21
356
13
452
21
O
280
14
161
18
120
11
3
19
494
20
251
7
91
17
296
18
82
16
228
6
50
0
248
16
54
5
431
7
462
9
A
300
9
263
24
42
9
391
33
187
29
256
9
382
24
282
12
78
10
176
2
K
340
3
499
39
195
41
317
30
O
3
