4
25
Q
160
10
480
7
150
5
16
9
106
15
469
9
437
6
27
9
99
8
409
6
17
5
P
260
5
300
44
210
49
62
24
49
43
57
25
B
220
14
258
14
82
8
354
14
77
8
496
3
197
13
449
15
309
10
56
6
63
12
438
5
479
0
299
11
156
4
I
100
14
81
4
285
7
67
6
50
5
341
2
215
2
443
4
267
0
211
6
388
7
334
3
23
4
320
3
135
5
V
340
10
305
19
328
18
396
2
43
14
367
16
393
7
337
30
83
6
471
6
431
23
G
100
8
187
12
381
3
39
12
344
0
181
7
60
5
294
3
165
3
H
260
18
375
13
384
2
151
7
403
4
419
12
263
12
208
2
138
13
369
5
459
12
76
11
428
13
373
1
137
12
308
5
154
1
247
8
203
0
W
100
5
414
19
160
7
185
16
116
12
490
14
R
200
12
107
6
347
8
35
8
235
1
323
8
379
13
130
12
198
13
377
3
237
0
124
5
387
10
N
360
10
411
13
362
29
318
30
90
35
59
8
458
22
131
13
201
27
488
27
444
27
M
360
8
253
25
407
25
122
8
312
45
112
36
277
25
69
1
422
2
K
380
14
183
7
412
23
129
4
126
12
7
21
424
13
464
11
86
14
430
24
456
12
139
2
383
8
417
26
452
15
J
160
19
119
2
348
3
319
8
93
1
435
3
65
7
331
6
289
2
486
4
66
3
477
1
159
5
95
0
148
7
1
1
68
4
481
4
73
0
155
3
D
380
5
287
48
44
51
359
52
87
30
172
30
T
160
6
457
12
350
9
111
26
425
16
364
15
441
19
Z
240
10
161
20
140
11
398
2
273
2
353
4
313
18
229
2
120
4
283
6
448
7
A
280
18
466
8
51
6
395
2
327
12
439
5
230
6
321
6
365
11
281
9
358
10
397
14
262
2
91
11
89
14
290
2
303
10
101
8
356
1
E
280
14
105
17
18
13
413
1
266
11
97
12
207
11
147
10
123
8
418
6
94
10
484
1
274
17
433
16
291
2
Y
360
13
251
22
144
5
173
13
468
12
343
12
75
25
168
11
121
4
178
25
117
12
134
19
74
5
28
4
F
120
16
498
4
245
3
426
4
177
7
310
5
420
5
182
6
153
2
21
0
421
6
355
3
333
6
349
6
55
5
79
4
38
6
L
340
18
451
7
304
5
380
0
460
0
5
16
475
18
10
2
42
10
192
7
184
17
204
3
13
0
462
11
22
13
152
13
166
0
238
6
98
8
U
300
13
109
16
216
15
214
8
250
12
268
18
278
15
316
16
255
17
31
7
270
23
205
22
232
1
314
1
C
160
11
244
13
296
1
113
10
474
13
440
14
115
14
429
9
271
3
242
0
472
13
279
5
X
200
5
386
8
360
37
47
29
402
3
243
35
O
320
19
29
14
301
7
24
7
492
7
8
6
265
4
405
16
416
2
199
16
371
16
61
7
11
0
191
0
302
8
361
6
209
15
447
12
162
5
9
7
G
381
