4
7
Z
100
3
479
2
398
15
321
24
T
100
7
50
2
107
8
190
9
30
5
446
10
177
9
248
6
C
340
13
288
11
349
12
323
8
137
8
293
5
300
9
324
8
238
16
449
7
195
19
285
9
87
9
284
18
X
380
18
29
10
141
10
134
10
424
12
410
14
289
15
36
7
232
21
275
19
471
13
423
14
41
5
292
21
142
11
89
1
344
14
54
17
76
12
P
320
12
322
18
396
25
247
19
328
13
475
6
496
23
235
13
91
5
476
15
347
23
391
21
296
26
H
160
8
7
15
319
8
384
14
88
19
187
2
294
0
65
15
421
2
M
200
16
85
9
470
10
220
9
226
1
404
4
196
4
225
12
457
10
86
8
20
7
477
11
94
11
207
6
164
5
428
1
84
1
C
300
