4
20
O
360
14
7
15
430
4
209
24
115
2
36
20
32
13
156
5
491
2
42
1
498
24
157
15
241
13
427
21
197
0
S
380
19
65
1
432
17
349
17
352
5
105
4
473
8
252
20
429
18
417
5
70
10
468
15
446
14
289
18
390
0
223
9
186
1
384
0
125
6
159
16
C
200
7
402
28
263
7
43
12
302
15
455
3
449
18
257
14
K
180
12
287
5
13
6
96
0
145
7
4
6
291
1
410
0
364
5
283
12
387
6
428
7
456
12
R
260
8
64
6
497
22
161
7
370
31
338
17
207
24
366
6
335
18
L
380
6
460
52
435
50
122
54
282
47
128
20
227
27
V
140
15
237
5
261
7
318
9
112
3
1
2
68
8
251
4
77
0
320
6
221
5
109
6
47
5
15
2
369
8
40
8
T
380
16
114
16
469
20
84
19
434
5
265
7
0
15
395
3
409
14
246
10
385
12
463
15
178
3
256
2
487
13
150
3
346
22
J
160
15
54
2
147
0
219
2
18
8
103
10
132
5
325
4
149
0
67
2
413
1
240
7
127
5
470
7
361
7
264
2
E
140
8
191
14
136
14
249
14
189
3
343
15
60
14
478
11
248
12
N
240
3
269
44
331
36
438
73
Z
160
19
71
6
333
3
69
8
79
4
190
2
12
8
158
6
490
1
299
0
27
4
407
2
129
8
482
8
493
4
188
2
348
3
311
6
225
8
436
8
B
280
9
345
21
34
10
466
18
172
20
308
25
144
9
30
9
278
19
292
8
X
280
7
394
26
423
9
494
23
398
35
166
0
393
1
155
13
I
120
19
483
1
389
0
89
2
383
2
293
3
260
1
14
6
215
2
307
0
298
1
101
1
73
5
82
4
22
5
239
6
229
6
431
2
492
0
247
4
P
140
7
275
14
59
17
91
2
262
4
277
13
304
11
342
11
D
360
8
439
16
464
23
411
20
406
44
134
4
273
17
425
0
485
5
H
320
18
336
6
118
3
31
10
355
16
232
3
286
11
454
16
499
16
481
0
450
10
322
7
19
4
488
10
72
4
152
5
29
17
74
2
121
3
M
300
6
279
4
143
39
55
40
270
44
25
42
46
14
U
100
14
57
3
448
7
329
4
375
2
76
5
205
0
420
4
354
0
123
7
204
4
198
4
341
3
424
5
433
6
S
417
