4
13
A
300
8
414
11
265
24
207
35
117
12
491
14
331
30
325
26
149
23
Z
100
8
251
10
11
9
317
9
83
6
229
6
80
12
257
0
244
11
C
340
6
284
26
473
40
130
17
279
38
386
26
191
24
E
360
8
82
11
158
1
146
33
223
12
211
20
58
22
478
5
286
9
Q
240
13
320
3
217
10
413
3
181
0
431
1
412
18
482
7
105
1
322
10
230
16
474
5
275
7
381
11
J
180
5
49
21
210
25
1
8
377
0
300
32
D
120
7
405
7
94
9
255
6
461
9
309
16
434
10
156
5
S
340
6
454
18
157
9
259
10
219
10
314
0
302
33
R
300
17
272
12
28
7
304
6
103
2
285
15
122
9
280
7
380
6
450
11
399
2
31
1
488
16
35
4
345
8
50
3
12
6
256
0
P
180
3
469
50
30
27
261
15
U
220
18
37
5
294
10
179
5
235
6
218
7
349
6
26
8
66
5
3
12
342
6
48
8
233
2
321
7
85
0
113
3
351
4
92
1
187
7
F
220
8
299
19
8
23
169
15
42
22
137
4
147
7
136
3
398
23
G
160
18
435
5
350
1
411
0
433
1
458
5
173
7
481
7
150
2
495
7
111
1
277
2
21
8
468
0
449
3
420
6
202
1
278
1
116
7
A
414
