4
19
S
120
15
404
6
233
0
363
1
243
7
420
5
496
0
82
8
412
4
425
0
333
2
413
5
32
0
87
8
78
2
440
3
I
100
19
405
0
362
2
296
2
148
2
173
4
97
5
227
0
400
5
250
2
16
0
92
3
431
5
74
1
352
4
104
2
239
5
415
0
369
0
299
5
Y
100
19
464
1
17
3
99
2
70
1
365
2
290
5
10
0
255
5
133
0
223
3
2
3
37
1
314
1
230
2
454
0
498
5
187
5
324
0
469
1
T
300
16
31
9
220
8
34
9
329
10
39
12
320
11
33
5
427
11
309
2
56
18
462
8
390
4
393
8
392
11
295
16
14
16
L
200
16
419
6
491
9
205
11
161
6
312
4
457
1
64
9
280
9
347
10
159
3
228
8
237
5
60
0
247
1
470
5
242
3
G
280
5
225
13
224
14
486
12
162
0
6
26
F
300
13
215
10
325
23
44
9
125
1
424
9
69
3
399
23
217
7
94
8
194
22
282
10
458
17
266
14
U
280
11
482
16
135
10
232
18
0
18
351
3
443
14
26
4
1
2
407
24
180
5
372
17
E
100
6
394
14
186
7
50
6
387
5
389
12
386
14
W
260
6
27
30
357
40
115
20
131
1
4
33
463
10
O
120
9
67
0
24
9
497
4
317
5
273
0
236
6
71
0
231
5
181
8
B
380
19
335
11
360
7
182
16
277
19
305
10
460
13
202
7
185
7
188
19
297
10
84
13
260
1
264
20
336
14
58
7
396
15
8
19
307
15
316
19
K
240
16
466
4
42
3
289
8
484
11
288
13
29
2
91
2
446
6
15
0
373
11
219
2
196
12
291
3
55
5
30
15
18
1
P
360
11
358
14
453
28
371
26
126
13
245
14
23
6
286
32
383
24
455
25
430
14
408
20
J
360
9
308
15
178
15
262
5
340
37
332
2
442
34
138
27
398
9
349
6
N
180
14
444
10
391
10
417
7
20
3
76
11
294
3
85
5
221
8
229
11
66
6
214
3
106
5
388
6
447
12
Z
320
10
12
16
344
4
452
29
145
4
65
15
93
32
210
1
189
8
216
30
43
16
V
260
11
132
20
265
15
348
22
100
10
7
12
113
14
356
18
199
21
359
20
95
13
170
5
Q
360
15
341
1
326
5
19
11
251
5
195
0
79
1
472
6
259
1
319
15
376
24
119
14
252
22
209
10
487
9
218
21
J
332
