4
15
F
380
7
409
6
206
18
263
47
402
54
343
20
192
50
87
16
B
140
13
85
7
481
0
261
9
306
3
153
6
342
9
439
5
207
0
240
6
302
1
151
8
140
10
329
7
R
180
18
490
8
155
0
117
8
291
7
11
0
147
10
175
2
99
1
7
5
103
4
217
7
190
1
112
7
145
8
316
8
83
8
10
1
308
0
A
240
3
315
36
70
74
209
33
V
140
8
202
10
208
5
183
7
106
9
406
14
79
4
68
4
432
2
O
260
13
203
17
351
11
299
10
300
19
241
5
364
5
294
4
51
17
492
11
158
11
120
12
276
18
237
20
M
380
14
182
1
163
25
268
21
372
27
336
27
496
23
498
13
109
17
244
13
75
13
359
11
274
7
320
14
421
10
C
360
17
59
17
262
13
12
14
323
2
218
7
76
14
44
5
111
16
309
3
301
17
328
3
260
16
225
0
255
8
424
9
373
16
367
16
D
240
11
77
17
66
18
67
1
434
15
430
9
194
16
238
8
30
17
403
2
142
15
350
3
Z
300
6
211
34
483
13
169
26
383
48
333
15
230
10
I
120
3
369
1
231
36
216
24
N
160
9
184
9
180
15
174
15
265
13
447
17
243
8
419
5
289
17
322
6
T
340
8
247
24
143
19
355
18
48
16
446
4
332
18
128
0
239
18
G
320
18
459
13
125
0
253
1
193
13
167
4
314
16
379
9
220
14
425
3
312
13
443
14
5
7
445
17
337
13
256
2
196
17
98
6
40
0
J
120
14
450
8
303
7
330
2
266
6
135
7
20
3
160
0
438
3
212
4
226
4
234
3
252
3
62
5
248
2
N
265
