4
14
U
220
7
66
13
392
21
329
16
469
14
275
18
256
4
293
28
L
100
18
123
4
419
2
358
2
213
3
333
0
94
4
326
3
80
5
128
0
298
2
139
0
57
3
310
2
356
1
434
4
141
3
397
1
251
5
T
280
13
64
1
437
10
318
0
199
10
190
16
479
1
122
4
180
5
427
18
403
9
205
17
347
12
295
19
S
200
4
134
27
316
5
2
48
481
48
K
220
4
36
9
334
7
52
37
302
9
M
260
3
495
33
346
51
421
76
H
180
6
245
2
444
10
463
27
254
26
33
9
374
0
I
100
15
61
4
252
3
283
5
174
3
336
4
304
5
292
1
243
2
431
1
290
3
108
5
121
6
136
0
399
6
148
0
Z
300
14
339
6
352
9
154
16
153
9
227
5
159
16
163
16
474
21
214
10
466
11
187
13
340
21
117
21
238
14
P
220
19
417
5
429
10
46
1
49
0
400
4
76
8
263
10
257
9
217
10
367
0
422
9
14
5
331
11
328
8
497
4
168
6
305
11
202
4
276
11
V
360
3
79
66
260
8
50
28
A
280
18
353
12
25
13
348
9
388
9
482
5
176
0
398
13
21
5
473
1
496
14
12
5
327
11
323
5
324
1
237
11
152
11
407
9
351
0
N
160
19
162
3
126
0
250
4
17
7
239
0
460
6
272
0
78
4
149
7
179
6
137
1
30
5
369
4
196
4
409
0
167
3
370
0
81
5
191
0
Y
380
11
99
30
193
17
478
12
55
26
178
6
338
7
98
8
423
19
89
19
119
1
143
8
I
174
