4
6
H
220
18
175
6
19
10
21
10
448
1
128
3
78
10
225
10
469
3
454
3
31
7
105
10
434
3
84
3
238
1
474
8
337
3
137
4
104
10
U
300
5
492
45
496
8
148
41
284
54
239
46
I
160
6
28
7
94
18
297
5
49
7
497
2
164
17
Q
360
19
178
1
236
7
41
4
266
15
438
5
488
14
426
14
29
5
13
13
223
10
37
5
398
6
119
10
107
3
397
14
221
15
354
6
439
18
40
7
F
220
11
347
6
325
7
326
2
338
1
109
1
73
7
282
12
269
5
343
1
329
1
136
2
C
380
13
391
10
16
13
360
13
25
27
212
5
429
12
205
22
101
4
182
27
34
19
499
14
411
16
246
10
H
448
